1.806463e-01 4.184742e-01 4.541249e-01 1.449957e-01
3.591139e-01 4.184742e-01 3.735023e-01 4.040858e-01
5.041627e-01 4.184742e-01 4.254014e-01 4.972356e-01
6.671103e-01 4.184742e-01 4.470412e-01 6.385434e-01
3.603109e-01 4.184742e-01 2.091377e-01 5.696474e-01
2.363912e-01 4.184742e-01 4.057403e-01 2.491252e-01
5.064045e-01 4.184742e-01 3.746206e-01 5.502582e-01
3.731944e-01 4.184742e-01 4.263437e-01 3.653249e-01
3.369721e-01 4.184742e-01 4.193722e-01 3.360741e-01
4.490105e-01 4.184742e-01 3.613682e-01 5.061166e-01
2.202264e-01 4.184742e-01 4.646752e-01 1.740255e-01
5.406453e-01 4.184742e-01 4.670441e-01 4.920754e-01
3.513387e-01 4.184742e-01 4.194675e-01 3.503455e-01
3.791451e-01 4.184742e-01 4.236097e-01 3.740096e-01
3.127272e-01 4.184742e-01 3.855412e-01 3.456602e-01
5.631660e-01 4.184742e-01 4.391724e-01 5.424678e-01
5.721638e-01 4.184742e-01 4.855504e-01 5.050877e-01
6.228939e-01 4.184742e-01 4.671839e-01 5.741842e-01
3.212383e-01 4.184742e-01 3.772325e-01 3.624800e-01
1.832886e-01 4.184742e-01 3.903754e-01 2.113874e-01
2.545919e-01 4.184742e-01 3.855917e-01 2.874744e-01
6.898971e-01 4.184742e-01 4.434544e-01 6.649169e-01
4.504275e-01 4.184742e-01 3.797078e-01 4.891940e-01
6.489731e-01 4.184742e-01 4.986186e-01 5.688288e-01
3.378700e-01 4.184742e-01 4.138748e-01 3.424694e-01
2.644451e-01 4.184742e-01 3.733739e-01 3.095454e-01
