1.347883e+00 1.003726e+00 1.160143e+00 1.191466e+00
9.744772e-01 1.003726e+00 1.166163e+00 8.120406e-01
1.105242e+00 1.003726e+00 9.962900e-01 1.112678e+00
7.671475e-01 1.003726e+00 8.325570e-01 9.383164e-01
1.083071e+00 1.003726e+00 1.116303e+00 9.704941e-01
1.044667e+00 1.003726e+00 9.979011e-01 1.050492e+00
8.080353e-01 1.003726e+00 1.087559e+00 7.242022e-01
1.044076e+00 1.003726e+00 1.033484e+00 1.014318e+00
8.037645e-01 1.003726e+00 9.190679e-01 8.884225e-01
9.969905e-01 1.003726e+00 1.036060e+00 9.646569e-01
7.919719e-01 1.003726e+00 7.828278e-01 1.012870e+00
7.232482e-01 1.003726e+00 9.127785e-01 8.141956e-01
9.246750e-01 1.003726e+00 7.799272e-01 1.148474e+00
9.049595e-01 1.003726e+00 1.041645e+00 8.670408e-01
9.560481e-01 1.003726e+00 1.000369e+00 9.594054e-01
1.017105e+00 1.003726e+00 1.008169e+00 1.012663e+00
1.039809e+00 1.003726e+00 1.001426e+00 1.042109e+00
6.676869e-01 1.003726e+00 9.449411e-01 7.264717e-01
1.122694e+00 1.003726e+00 9.869224e-01 1.139497e+00
9.698055e-01 1.003726e+00 1.152290e+00 8.212412e-01
1.182585e+00 1.003726e+00 1.085054e+00 1.101256e+00
1.344376e+00 1.003726e+00 1.083868e+00 1.264234e+00
1.318674e+00 1.003726e+00 1.083791e+00 1.238608e+00
9.755059e-01 1.003726e+00 1.000343e+00 9.788883e-01
1.130519e+00 1.003726e+00 9.918720e-01 1.142373e+00
1.255554e+00 1.003726e+00 9.481302e-01 1.311150e+00
