1.824744e-01 2.175501e-02 2.475812e-01 -4.335173e-02
9.843444e-02 -7.140484e-02 -2.579378e-02 5.282338e-02
-2.867807e-01 2.175501e-02 1.257393e-01 -3.907650e-01
-4.134686e-01 -3.370111e-01 -2.860728e-01 -4.644070e-01
1.935970e-01 -3.030673e-01 1.973539e-01 -3.068241e-01
3.304953e-01 2.175501e-02 9.020179e-02 2.620485e-01
-1.619035e-01 -1.348345e-01 -1.902338e-01 -1.065041e-01
1.487260e-01 2.175501e-02 1.949579e-01 -2.447694e-02
1.622497e-02 -1.735739e-01 -1.987804e-01 4.143151e-02
2.023233e-01 -6.317872e-02 8.210119e-02 5.704342e-02
-2.324180e-01 2.175501e-02 1.383822e-01 -3.490452e-01
2.713087e-01 -2.289757e-01 -3.345088e-02 7.578387e-02
9.255953e-02 2.175501e-02 1.338832e-01 -1.956863e-02
1.696630e-01 2.175501e-02 9.724159e-02 9.417644e-02
4.179761e-02 1.733982e-01 2.867819e-01 -7.158606e-02
-6.440338e-01 -3.410651e-01 -3.010321e-01 -6.840667e-01
2.300978e-01 2.175501e-02 1.168016e-01 1.350512e-01
6.052716e-01 3.879583e-01 4.617757e-01 5.314541e-01
1.211236e-01 -1.317099e-01 8.845421e-02 -9.904046e-02
3.604031e-01 2.175501e-02 2.852178e-01 9.694035e-02
3.148051e-01 -1.361593e-01 -2.759210e-02 2.062379e-01
-9.533784e-02 3.486072e-03 -7.037681e-03 -8.481408e-02
3.798791e-01 3.379947e-01 4.614685e-01 2.564054e-01
1.080502e-01 2.175501e-02 1.405583e-01 -1.075314e-02
-1.009155e-01 -2.049944e-01 -1.329433e-01 -1.729665e-01
7.512733e-01 6.349403e-01 6.657098e-01 7.205037e-01
