1.664017e-01 -1.840404e-02 5.299715e-01 -3.819739e-01
5.926828e-01 1.839078e-01 6.248095e-01 1.517811e-01
5.201738e-01 -1.840404e-02 4.048308e-01 9.693900e-02
4.448336e-01 -1.525055e-01 3.145571e-01 -2.222899e-02
3.076394e-01 1.272056e-01 1.201662e-01 3.146788e-01
5.369146e-01 -1.840404e-02 3.744285e-01 1.440820e-01
1.695784e-01 2.543505e-01 6.874067e-01 -2.634778e-01
3.637294e-01 -1.840404e-02 4.101055e-01 -6.478007e-02
9.765071e-02 8.119284e-02 5.160926e-01 -3.372491e-01
1.885118e-01 -2.991694e-01 3.607807e-02 -1.467356e-01
3.705423e-01 -1.840404e-02 3.551499e-01 -3.011668e-03
1.533206e-01 -4.409081e-01 7.015619e-02 -3.577437e-01
1.243517e-01 -1.840404e-02 2.599919e-01 -1.540443e-01
2.675578e-01 -1.840404e-02 4.362197e-01 -1.870659e-01
5.502675e-02 -4.633753e-01 -1.303109e-01 -2.780376e-01
7.310736e-01 2.365578e-01 7.747366e-01 1.928948e-01
6.071468e-01 -1.840404e-02 5.363196e-01 5.242312e-02
9.916377e-01 7.777349e-01 1.144623e+00 6.247492e-01
1.133980e-01 -2.512790e-01 7.858632e-02 -2.164673e-01
4.110504e-02 -1.840404e-02 3.814009e-01 -3.586999e-01
1.580990e-01 -3.590562e-01 8.510312e-02 -2.860603e-01
2.416998e+00 5.320168e-01 1.050106e+00 1.898908e+00
1.540307e-01 -3.842098e-01 -5.475128e-02 -1.754278e-01
4.399141e-01 -1.840404e-02 5.564828e-01 -1.349727e-01
5.541129e-01 3.426261e-01 7.748455e-01 1.218935e-01
4.325609e-01 4.159983e-01 5.690982e-01 2.794610e-01
