9.040250e-01 9.279158e-01 9.111170e-01 9.208239e-01
1.160509e+00 9.279158e-01 8.546844e-01 1.233740e+00
9.803107e-01 9.279158e-01 9.137476e-01 9.944789e-01
1.023039e+00 9.279158e-01 8.595948e-01 1.091360e+00
1.255089e+00 9.279158e-01 1.335071e+00 8.479341e-01
7.550232e-01 9.279158e-01 9.112239e-01 7.717151e-01
5.910736e-01 9.279158e-01 7.976225e-01 7.213669e-01
7.361981e-01 9.279158e-01 9.477779e-01 7.163360e-01
8.243483e-01 9.279158e-01 8.244145e-01 9.278497e-01
1.033991e+00 9.279158e-01 1.001452e+00 9.604548e-01
9.621970e-01 9.279158e-01 9.472982e-01 9.428146e-01
1.193765e+00 9.279158e-01 9.382950e-01 1.183386e+00
9.318799e-01 9.279158e-01 9.962621e-01 8.635336e-01
6.460233e-01 9.279158e-01 8.816231e-01 6.923160e-01
9.328876e-01 9.279158e-01 1.006126e+00 8.546774e-01
4.744023e-01 9.279158e-01 7.859783e-01 6.163398e-01
9.948978e-01 9.279158e-01 8.380158e-01 1.084798e+00
1.134096e+00 9.279158e-01 8.807520e-01 1.181260e+00
1.635556e+00 9.279158e-01 1.038293e+00 1.525178e+00
8.889903e-01 9.279158e-01 1.011358e+00 8.055479e-01
9.743544e-01 9.279158e-01 9.251076e-01 9.771626e-01
8.142791e-01 9.279158e-01 7.594897e-01 9.827052e-01
9.986368e-01 9.279158e-01 1.013146e+00 9.134067e-01
4.919285e-01 9.279158e-01 8.397896e-01 5.800547e-01
9.412318e-01 9.279158e-01 8.569202e-01 1.012227e+00
9.776254e-01 9.279158e-01 1.008922e+00 8.966191e-01
