3.702019e-01 3.988760e-01 5.170279e-01 2.520500e-01
3.650281e-01 3.988760e-01 4.621114e-01 3.017927e-01
5.957692e-01 3.988760e-01 3.958514e-01 5.987938e-01
4.786857e-01 3.988760e-01 3.359578e-01 5.416039e-01
4.010188e-01 3.988760e-01 2.502475e-01 5.496473e-01
5.601051e-01 3.988760e-01 3.646889e-01 5.942922e-01
1.852821e-01 3.988760e-01 4.501420e-01 1.340162e-01
3.514065e-01 3.988760e-01 4.195611e-01 3.307215e-01
1.293289e-01 3.988760e-01 3.915977e-01 1.366073e-01
3.090432e-01 3.988760e-01 2.348768e-01 4.730424e-01
3.497031e-01 3.988760e-01 3.654556e-01 3.831235e-01
3.177860e-01 3.988760e-01 3.051428e-01 4.115192e-01
2.078449e-01 3.988760e-01 2.989004e-01 3.078206e-01
3.077052e-01 3.988760e-01 4.091022e-01 2.974790e-01
2.290196e-01 3.988760e-01 1.769185e-01 4.509772e-01
5.111185e-01 3.988760e-01 5.296893e-01 3.803053e-01
5.646178e-01 3.988760e-01 4.834180e-01 4.800759e-01
6.246651e-01 3.988760e-01 6.760072e-01 3.475339e-01
2.522726e-01 3.988760e-01 2.667207e-01 3.844280e-01
8.018079e-02 3.988760e-01 4.260792e-01 5.297762e-02
3.654210e-01 3.988760e-01 2.712980e-01 4.929990e-01
1.221402e+00 3.988760e-01 6.364046e-01 9.838738e-01
2.617499e-01 3.988760e-01 2.183053e-01 4.423206e-01
5.963060e-01 3.988760e-01 5.041399e-01 4.910422e-01
3.686919e-01 3.988760e-01 5.156591e-01 2.519088e-01
3.793177e-01 3.988760e-01 3.950512e-01 3.831425e-01
