2.983834e-01 -1.528847e-02 5.152677e-01 -2.321727e-01
6.316330e-01 1.527746e-01 5.565975e-01 2.278101e-01
5.251692e-01 -1.528847e-02 3.970079e-01 1.128728e-01
1.389573e-01 -1.266883e-01 2.314335e-01 -2.191645e-01
2.532333e-01 1.056713e-01 1.719344e-01 1.869702e-01
1.295844e-02 -1.528847e-02 3.673643e-01 -3.696943e-01
1.614336e-01 2.112922e-01 5.820018e-01 -2.092760e-01
3.330581e-01 -1.528847e-02 4.118488e-01 -9.407923e-02
2.545439e-01 6.744792e-02 4.305471e-01 -1.085553e-01
2.115491e-01 -2.485238e-01 7.317791e-02 -1.101526e-01
3.718897e-01 -1.528847e-02 3.594431e-01 -2.841803e-03
4.756794e-02 -3.662679e-01 6.310229e-02 -3.818023e-01
3.493247e-01 -1.528847e-02 2.830754e-01 5.096085e-02
7.423487e-01 -1.528847e-02 4.175873e-01 3.094729e-01
2.651523e-01 -3.849317e-01 -2.448591e-02 -9.529350e-02
5.558597e-01 1.965116e-01 6.208761e-01 1.314952e-01
4.868763e-01 -1.528847e-02 5.002016e-01 -2.861384e-02
1.317550e+00 6.460743e-01 1.112191e+00 8.514333e-01
2.279723e-01 -2.087407e-01 1.070612e-01 -8.782953e-02
-7.554012e-02 -1.528847e-02 4.029035e-01 -4.937321e-01
3.057664e-01 -2.982726e-01 8.692052e-02 -7.942664e-02
1.374562e+00 4.419531e-01 9.254709e-01 8.910442e-01
4.444369e-02 -3.191680e-01 7.761894e-02 -3.523432e-01
5.830711e-01 -1.528847e-02 5.198906e-01 4.789198e-02
7.965540e-01 2.846238e-01 6.620547e-01 4.191231e-01
4.351982e-01 3.455750e-01 6.764524e-01 1.043208e-01
