-3.843084e-02 5.170555e-01 2.672004e-01 2.114243e-01
5.040727e-01 5.170555e-01 -1.402531e-01 1.161381e+00
6.672511e-01 -3.142327e-02 4.490917e-01 1.867361e-01
8.713008e-01 -5.799022e-01 7.895181e-01 -4.981194e-01
5.573579e-01 5.170555e-01 5.662011e-01 5.082123e-01
1.759010e-01 -3.142327e-02 3.461878e-01 -2.017101e-01
-5.488104e-01 2.428161e-01 -8.187416e-02 -2.241202e-01
7.374748e-01 1.056964e-01 4.768546e-01 3.663167e-01
8.282262e-02 -3.056627e-01 4.503741e-01 -6.732142e-01
2.064330e-01 1.056964e-01 2.047938e-01 1.073356e-01
1.296788e+00 -7.170219e-01 1.131430e+00 -5.516643e-01
8.892410e-01 -3.056627e-01 7.588379e-01 -1.752596e-01
1.250346e+00 -7.170219e-01 1.058226e+00 -5.249021e-01
3.829003e-01 1.056964e-01 2.662064e-01 2.223903e-01
-3.095676e-02 -3.142327e-02 2.203714e-01 -2.827515e-01
2.673362e-01 1.217868e-16 4.159166e-01 -1.485803e-01
5.782958e-01 -3.142327e-02 5.149065e-01 3.196601e-02
5.530156e-01 -1.685430e-01 9.085112e-01 -5.240386e-01
7.894468e-01 -3.142327e-02 5.263842e-01 2.316393e-01
6.270225e-02 5.170555e-01 2.570490e-01 3.227087e-01
2.403148e-01 2.428161e-01 1.526704e-02 4.678639e-01
4.258247e-01 2.428161e-01 2.301582e-01 4.384826e-01
-7.162463e-02 2.428161e-01 2.764561e-02 1.435459e-01
6.075208e-01 -3.142327e-02 5.835914e-01 -7.493883e-03
4.668674e-01 -3.142327e-02 5.214299e-01 -8.598584e-02
3.625118e-01 -1.685430e-01 5.288011e-01 -3.348324e-01
