2.488072e-01 2.086133e+00 1.743291e+00 5.916495e-01
8.889181e-01 2.086133e+00 2.103756e+00 8.712955e-01
2.832723e+00 -1.267816e-01 -1.654607e-01 2.871402e+00
-5.662663e+00 -2.339696e+00 -2.132214e+00 -5.870145e+00
-3.200094e-02 2.086133e+00 1.616958e-01 1.892436e+00
3.580816e-01 -1.267816e-01 -7.139081e-02 3.026909e-01
2.651894e+00 9.796756e-01 1.273129e+00 2.358440e+00
7.949008e-01 4.264471e-01 1.571704e-01 1.064178e+00
-1.822184e+00 -1.233239e+00 -9.276033e-01 -2.127820e+00
1.957504e+00 4.264471e-01 3.496038e-01 2.034347e+00
-1.240787e+00 -2.892925e+00 -3.018200e+00 -1.115513e+00
-2.793065e+00 -1.233239e+00 -1.258364e+00 -2.767940e+00
-4.684237e+00 -2.892925e+00 -3.086478e+00 -4.490683e+00
-1.124350e+00 4.264471e-01 5.121795e-01 -1.210082e+00
1.512900e+00 -1.267816e-01 6.025192e-02 1.325867e+00
4.319017e-01 4.913658e-16 3.602918e-02 3.958725e-01
9.574569e-01 -1.267816e-01 -1.961278e-02 8.502881e-01
-1.342595e+00 -6.800104e-01 -1.151517e+00 -8.710880e-01
1.218586e+00 -1.267816e-01 -5.086548e-01 1.600459e+00
2.655648e-01 2.086133e+00 1.484912e+00 8.667855e-01
3.165214e-01 9.796756e-01 1.151465e+00 1.447323e-01
6.230820e-01 9.796756e-01 1.027793e+00 5.749647e-01
3.908570e-01 9.796756e-01 1.104428e+00 2.661050e-01
1.217914e+00 -1.267816e-01 -8.263910e-02 1.173771e+00
-1.162375e-01 -1.267816e-01 -3.413533e-01 9.833417e-02
-7.710531e-01 -6.800104e-01 -8.964736e-01 -5.545899e-01
