-3.155799e-02 2.701405e-01 1.238130e-01 1.147696e-01
1.381753e-01 2.701405e-01 8.860761e-03 3.994551e-01
2.856346e-01 -1.641738e-02 3.086249e-01 -3.940766e-02
7.840298e-01 -3.029753e-01 5.313175e-01 -5.026307e-02
3.384034e-01 2.701405e-01 3.177895e-01 2.907544e-01
1.626662e-01 -1.641738e-02 2.793408e-01 -1.330920e-01
1.395551e-01 1.268616e-01 8.417709e-02 1.822396e-01
3.642812e-01 5.522210e-02 2.905548e-01 1.289485e-01
1.265416e-01 -1.596964e-01 3.663372e-01 -3.994919e-01
2.050621e-01 5.522210e-02 2.178162e-01 4.246799e-02
5.159130e-01 -3.746148e-01 6.733500e-01 -5.320518e-01
5.877330e-01 -1.596964e-01 4.581785e-01 -3.014196e-02
6.755635e-01 -3.746148e-01 6.637706e-01 -3.628219e-01
2.343979e-01 5.522210e-02 2.170888e-01 7.253118e-02
2.063086e-01 -1.641738e-02 2.421525e-01 -5.226134e-02
3.188693e-01 6.362864e-17 2.856242e-01 3.324504e-02
3.840614e-01 -1.641738e-02 3.102076e-01 5.743638e-02
4.982413e-01 -8.805689e-02 4.834856e-01 -7.330123e-02
4.275127e-01 -1.641738e-02 3.533040e-01 5.779128e-02
1.239903e-01 2.701405e-01 1.432016e-01 2.509293e-01
1.640178e-01 1.268616e-01 1.145564e-01 1.763229e-01
1.172671e-01 1.268616e-01 1.696526e-01 7.447609e-02
5.662081e-02 1.268616e-01 1.210522e-01 6.243020e-02
3.367944e-01 -1.641738e-02 3.297736e-01 -9.396494e-03
3.535988e-01 -1.641738e-02 3.383465e-01 -1.165019e-03
2.971776e-01 -8.805689e-02 3.830920e-01 -1.739713e-01
