1.862592e-01 3.967163e-01 3.581125e-01 2.248630e-01
3.634484e-01 3.967163e-01 3.859837e-01 3.741810e-01
5.094648e-01 3.967163e-01 4.734398e-01 4.327413e-01
6.442856e-01 3.967163e-01 6.073052e-01 4.336967e-01
3.637149e-01 3.967163e-01 2.948408e-01 4.655904e-01
2.394189e-01 3.967163e-01 3.585522e-01 2.775829e-01
5.289560e-01 3.967163e-01 3.163770e-01 6.092953e-01
3.734911e-01 3.967163e-01 4.489202e-01 3.212872e-01
3.391382e-01 3.967163e-01 4.757120e-01 2.601425e-01
4.533340e-01 3.967163e-01 3.206769e-01 5.293734e-01
2.216913e-01 3.967163e-01 3.711760e-01 2.472316e-01
5.228495e-01 3.967163e-01 6.407388e-01 2.788270e-01
3.497886e-01 3.967163e-01 3.544742e-01 3.920306e-01
3.870996e-01 3.967163e-01 4.445632e-01 3.392526e-01
3.159207e-01 3.967163e-01 4.324322e-01 2.802048e-01
5.741356e-01 3.967163e-01 4.145464e-01 5.563055e-01
5.789576e-01 3.967163e-01 4.743864e-01 5.012875e-01
6.208719e-01 3.967163e-01 4.750320e-01 5.425562e-01
3.217986e-01 3.967163e-01 3.217885e-01 3.967264e-01
1.915415e-01 3.967163e-01 2.463742e-01 3.418836e-01
2.588769e-01 3.967163e-01 2.391150e-01 4.164782e-01
7.015791e-01 3.967163e-01 5.793636e-01 5.189318e-01
4.641279e-01 3.967163e-01 3.502758e-01 5.105684e-01
6.501777e-01 3.967163e-01 5.782513e-01 4.686427e-01
3.399469e-01 3.967163e-01 4.447533e-01 2.919099e-01
2.634418e-01 3.967163e-01 3.441398e-01 3.160183e-01
