1.347883e+00 1.026764e+00 1.169320e+00 1.205327e+00
9.744772e-01 1.026764e+00 1.024273e+00 9.769685e-01
1.105242e+00 1.026764e+00 9.731124e-01 1.158894e+00
7.671475e-01 1.026764e+00 8.309099e-01 9.630019e-01
1.083071e+00 1.026764e+00 1.023695e+00 1.086141e+00
1.044667e+00 1.026764e+00 1.020086e+00 1.051345e+00
8.080353e-01 1.026764e+00 1.022955e+00 8.118445e-01
1.044076e+00 1.026764e+00 1.022727e+00 1.048113e+00
8.037645e-01 1.026764e+00 9.090574e-01 9.214714e-01
9.969905e-01 1.026764e+00 1.015494e+00 1.008261e+00
7.919719e-01 1.026764e+00 1.022579e+00 7.961572e-01
7.232482e-01 1.026764e+00 8.798712e-01 8.701413e-01
9.246750e-01 1.026764e+00 9.828858e-01 9.685535e-01
9.049595e-01 1.026764e+00 9.965159e-01 9.352079e-01
9.560481e-01 1.026764e+00 9.352271e-01 1.047585e+00
1.017105e+00 1.026764e+00 1.028260e+00 1.015609e+00
1.039809e+00 1.026764e+00 1.036404e+00 1.030169e+00
6.676869e-01 1.026764e+00 1.040229e+00 6.542221e-01
1.122694e+00 1.026764e+00 1.041539e+00 1.107919e+00
9.698055e-01 1.026764e+00 1.185123e+00 8.114468e-01
1.182585e+00 1.026764e+00 1.097956e+00 1.111393e+00
1.344376e+00 1.026764e+00 9.471341e-01 1.424006e+00
1.318674e+00 1.026764e+00 1.018449e+00 1.326989e+00
9.755059e-01 1.026764e+00 9.865065e-01 1.015764e+00
1.130519e+00 1.026764e+00 9.911249e-01 1.166158e+00
1.255554e+00 1.026764e+00 9.945210e-01 1.287798e+00
