1.205207e-01 3.818915e-01 2.684871e-01 2.339250e-01
1.674986e-01 1.709948e-16 2.647920e-01 -9.729345e-02
-6.426582e-02 -1.668234e-01 6.858265e-02 -2.996719e-01
-3.820630e-01 -5.828895e-01 -1.807099e-01 -7.842426e-01
2.188591e-01 1.709948e-16 1.676820e-01 5.117715e-02
3.547358e-01 1.709948e-16 3.296345e-01 2.510137e-02
9.441071e-01 2.724417e-02 4.564030e-01 5.149483e-01
3.265058e-01 -3.238755e-02 8.591208e-02 2.082062e-01
1.401889e-01 -3.286099e-01 1.165372e-01 -3.049582e-01
2.350967e-01 1.709948e-16 3.912908e-01 -1.561941e-01
4.328493e-01 -1.266836e-03 2.751168e-01 1.564656e-01
-3.898264e-01 -4.718722e-01 -2.884952e-01 -5.732033e-01
6.507783e-01 -9.947281e-02 3.012854e-01 2.500201e-01
9.658491e-02 -9.301843e-02 1.492720e-01 -1.457056e-01
1.127538e-01 -2.462950e-01 1.914964e-01 -3.250377e-01
3.305270e-01 1.709948e-16 2.060031e-01 1.245240e-01
4.221104e-01 1.709948e-16 8.776273e-02 3.343477e-01
1.074750e-02 1.709948e-16 -1.107983e-03 1.185548e-02
1.751925e-01 6.225203e-02 3.424742e-01 -1.050297e-01
2.164513e-01 4.604936e-01 4.699079e-01 2.070370e-01
3.099923e-01 2.493148e-01 6.034602e-01 -4.415315e-02
-1.122279e-01 -2.726133e-01 -1.461073e-01 -2.387339e-01
3.193562e-01 1.709948e-16 3.579610e-01 -3.860481e-02
-2.844138e-01 -1.697896e-01 -1.448204e-01 -3.093830e-01
1.201499e-01 -1.121613e-01 1.035599e-01 -9.557137e-02
1.271434e-01 -6.570791e-02 3.199322e-01 -2.584967e-01
