1.731213e-01 1.065281e+00 -2.293020e-01 1.467704e+00
6.892144e-02 4.769875e-16 3.228588e-01 -2.539373e-01
7.208168e-01 -4.653516e-01 8.214881e-01 -5.660230e-01
2.159282e+00 -1.625962e+00 1.776145e+00 -1.242825e+00
8.572876e-02 4.769875e-16 2.371566e-02 6.201310e-02
7.222669e-02 4.769875e-16 2.292839e-01 -1.570572e-01
3.338529e-01 7.599724e-02 5.162036e-02 3.582298e-01
1.203174e-01 -9.034463e-02 5.776456e-01 -5.476728e-01
8.419139e-01 -9.166529e-01 1.021866e+00 -1.096605e+00
4.131941e-01 4.769875e-16 1.011322e-01 3.120620e-01
3.681814e-01 -3.533821e-03 2.747993e-01 8.984822e-02
1.986890e+00 -1.316281e+00 1.757720e+00 -1.087111e+00
6.664045e-01 -2.774780e-01 3.364718e-01 5.245469e-02
4.306721e-01 -2.594736e-01 6.337264e-01 -4.625279e-01
2.021169e-02 -6.870366e-01 7.762309e-01 -1.443056e+00
-1.019565e-01 4.769875e-16 4.199639e-01 -5.219204e-01
5.851029e-01 4.769875e-16 6.232174e-01 -3.811459e-02
7.912312e-01 4.769875e-16 6.287077e-01 1.625235e-01
-1.957592e-01 1.736512e-01 3.177157e-02 -5.387965e-02
-9.452806e-01 1.284540e+00 -7.026663e-01 1.041926e+00
-8.717252e-02 6.954602e-01 -4.777560e-01 1.086044e+00
1.582354e+00 -7.604510e-01 1.308742e+00 -4.868391e-01
5.358883e-01 4.769875e-16 2.007214e-01 3.351668e-01
1.262380e+00 -4.736258e-01 1.181299e+00 -3.925441e-01
1.679715e-01 -3.128724e-01 6.591080e-01 -8.040089e-01
3.564309e-01 -1.832913e-01 2.608162e-01 -8.767662e-02
