7.860323e-02 4.118471e-01 2.329760e-01 2.574744e-01
2.009449e-01 1.844076e-16 3.057559e-01 -1.048110e-01
6.288612e-01 -1.799091e-01 5.081716e-01 -5.921949e-02
9.318331e-01 -6.286115e-01 8.191881e-01 -5.159665e-01
2.186859e-01 1.844076e-16 1.418679e-01 7.681800e-02
1.229559e-01 1.844076e-16 2.443612e-01 -1.214053e-01
2.419680e-01 2.938121e-02 1.451835e-01 1.261657e-01
2.500071e-01 -3.492804e-02 4.520368e-01 -2.369577e-01
3.764684e-01 -3.543862e-01 5.142020e-01 -4.921198e-01
3.080821e-01 1.844076e-16 1.631681e-01 1.449140e-01
1.496275e-01 -1.366207e-03 2.758416e-01 -1.275803e-01
9.029685e-01 -5.088859e-01 8.923623e-01 -4.982798e-01
2.512616e-01 -1.072755e-01 2.448954e-01 -1.009093e-01
3.342280e-01 -1.003148e-01 4.383957e-01 -2.044826e-01
2.117097e-01 -2.656145e-01 4.168836e-01 -4.707884e-01
4.728426e-01 1.844076e-16 3.685628e-01 1.042798e-01
5.890954e-01 1.844076e-16 4.995136e-01 8.958185e-02
6.238915e-01 1.844076e-16 5.121647e-01 1.117267e-01
2.024400e-01 6.713509e-02 1.685858e-01 1.009892e-01
-7.374070e-03 4.966148e-01 -1.284484e-02 5.020856e-01
1.282904e-01 2.688712e-01 -3.386124e-02 4.310228e-01
7.948919e-01 -2.939971e-01 7.457531e-01 -2.448583e-01
4.270015e-01 1.844076e-16 2.247134e-01 2.022882e-01
8.878643e-01 -1.831080e-01 7.384872e-01 -3.373089e-02
2.201767e-01 -1.209593e-01 4.455496e-01 -3.463321e-01
9.402815e-02 -7.086206e-02 2.208826e-01 -1.977165e-01
