0.0	-0.0389986022	-0.0127999873	-0.0094907264	0.0016566517	-0.0247131793	0.1116538935	0.07993507009999999	0.0799320503	0.0799270173	0.0799199714	0.008388909999999998	-0.00597333	0.034888800000000005	-7.62417e-05	-0.000410925	0.000532764
0.1438524	0.0457466752	-0.0024022787	-0.0452384197	0.057858130999999986	-0.1352713677	-0.161341199	0.0799270173	0.0798998413	0.0798545546	0.0797911678	0.0181	-0.0466346	-0.021681	0.0	7.61331e-05	0.000707669
0.136046625	-0.0399102548	0.0185904908	-0.0262151042	0.0207762829	0.0015883605	0.1148905994	0.0799109126	0.0798354362	0.079709695	0.0795337681	0.0139321	-0.00982798	0.0586988	-9.2195e-05	-0.000125518	0.000707669
0.15505437000000002	0.0097896962	-0.0281365911	-0.0329596755	0.0661452559	-0.0703774754	-0.0650461437	0.0798867576	0.0797388611	0.0794925697	0.0791481873	0.013784200000000005	-0.0539536	-0.0282813	0.000297725	-0.00021161200000000002	0.0007076680000000001
0.16723375	-7.34388e-05	0.0349950573	7.77864e-05	-0.0275266372	-0.0181118824	0.0415912964	0.0798545546	0.0796101548	0.0792033756	0.0786350467	0.0117251	0.0108519	0.054791	0.0	-0.00016340000000000001	0.0007076680000000001
0.15595037	0.0059687308	-0.0396296756	-0.0222435308	0.0687326679	-0.050253300999999986	-0.019103009	0.0798143071	0.0794493692	0.0788423748	0.07799517339999999	0.0123465	-0.0350336	0.00165979	-0.0005711469999999999	7.15412e-05	0.000387511
0.13612634999999998	0.0214330433	0.0518816772	-0.0217119514	-0.0378363745	-0.073124849	-0.0391586895	0.0797660189	0.079256569	0.0784098948	0.0772295986	0.021091099999999998	-0.013627200000000004	0.0513124	0.000129887	0.000176805	0.0007076680000000001
0.09731050000000001	-0.052200875300000005	-0.0311352279	-0.0279794229	0.0068568066	0.0319183072	0.1132718884	0.079709695	0.0790318321	0.0779063275	0.0763395561	0.0131768	-0.017671	0.0175688	-0.00027241799999999997	-0.000241463	0.000496065
0.0954968665	0.0727832919	-0.0027934640000000003	-0.0453742037	0.045699867000000005	-0.0550980604	-0.2075152221	0.079645341	0.0787752489	0.0773321295	0.0753264804	0.020999599999999997	-0.0374431	1.2348499999999999e-05	0.000125506	8.14153e-05	0.000782173
0.06472436650000002	-0.0373302079	-0.0013298699	-0.0130326904	0.0936800182	0.0444061724	0.0533449894	0.0795729635	0.0784869228	0.0766878214	0.0741920043	0.0210495	-0.0073719	0.0114961	0.000195619	-0.000236357	0.0007076680000000001
0.11014515	-0.0092698222	-0.0562773859	-0.0395183754	0.090408312	0.003860369	-0.0742939951	0.0794925697	0.07816697	0.0759739873	0.072937956	0.024603299999999998	-0.028698500000000002	-0.038451599999999996	-0.000125986	0.000148379	0.0007076680000000001
0.09838960000000001	0.022773421600000003	0.0298386296	-0.029212591800000007	0.0967843264	0.0179919453	-0.0712522187	0.0794041677	0.0778155195	0.07519127440000001	0.0715663568	0.0183169	-0.017603599999999997	0.0185524	0.000126358	0.00023122599999999998	0.0008525629999999998
0.13124777	-0.0397558933	-0.0134066288	0.0012891163	-0.0188303979	0.089668446	0.0976745566	0.0793077664	0.0774327128	0.0743403923	0.0700794171	0.00515203	0.025459799999999998	0.030770299999999997	-0.000421097	-0.000332457	0.000707669
0.117062438	0.047726335	-0.0165428728	0.0056013113	-0.008934189300000001	0.0110807027	-0.1453514108	0.0792033756	0.0770187042	0.0734221124	0.0684795334	0.012264	0.000354527	0.00228851	0.000153351	2.8792100000000002e-05	0.000516098
0.119134163	-0.0336232996	0.0298939117	0.013713663700000002	0.0021952602	0.0587994161	0.07909806929999999	0.07909100570000001	0.0765736605	0.0724372672	0.0667692842	0.0159174	0.038301499999999995	0.0601847	5.739020000000001e-05	1.0332899999999999e-05	0.00079443
0.196466795	0.0028221018	-0.0456216216	-0.024653841800000003	0.0536717845	-0.0473197371	-0.0671803439	0.0789706681	0.0760977612	0.0713867496	0.06495142570000001	0.008342709999999998	-0.0218755	-0.026855599999999997	-0.00035448900000000004	-9.672e-05	0.00047986599999999996
0.18034833	0.0188865972	0.0576725031	0.008508182	-0.0312524397	-0.0278499828	-0.05114985	0.0788423748	0.07559119780000001	0.0702715121	0.0630288878	0.0116839	0.00871207	0.0613365	0.000607373	3.03134e-05	0.000404212
0.1098939078	-0.0463658096	-0.026811407	-0.0046749765000000006	-0.0263287082	0.0564336578	0.1245859595	0.0787061389	0.0750541746	0.0690925657	0.061004769	3.74422e-05	0.00601549	0.04277380000000002	-0.000443341	-0.00034589699999999996	0.000291373
0.07316712280000001	0.0793364649	0.029847662200000007	0.0136112569	-0.08387064129999999	-0.0264521654	-0.1630288626	0.0785619741	0.0744869079	0.0678509792	0.0588823313	0.0067964	0.00296296	0.0475952	0.000444903	-6.34563e-05	0.000291373
0.10155685240000001	-0.06461143400000001	0.0169049916	0.0189956221	-0.0119978992	0.0524114788	0.1617726387	0.0784098948	0.07388962639999999	0.0665478783	0.0566649955	2.332260000000001e-05	0.0462505	0.0334949	-0.00016962400000000006	-0.00019684799999999998	0.000291373
0.12288244640000001	0.0369175137	-0.0353093443	0.0221073214	-0.0261181397	-0.0155326312	-0.0752961275	0.0782499164	0.0732625707	0.0651844444	0.0543563352	2.4782e-06	-0.000482079	-0.00062894	0.000151931	4.00396e-06	-2.63237e-05
0.10516653129	-0.0158666014	0.0499680627	0.0378950345	-0.018970233	0.0374554332	0.0849851993	0.078082055	0.0726059935	0.0637619136	0.051960071	-4.39709e-06	0.0278333	0.053115300000000004	2.6853899999999997e-05	2.32309e-05	0.000291373
0.12352703791	-0.0117894932	-0.0331286308	-0.0024810347	0.0415323321	-0.0218890887	0.0515309043	0.0779063275	0.0719201593	0.062281575599999986	0.0494800651	-0.00625871	-0.019591499999999998	0.00425075	-0.000154661	-9.89817e-05	0.00017543299999999999
0.065897935	0.022597052000000003	0.0283597341	-0.0101143415	0.0279402869	-0.0814590959	0.016338076	0.0777227516	0.0712053446	0.0607447724	0.0469203142	-0.00295409	0.00610661	0.0212342	-0.00021663	0.00014010700000000002	7.82556e-05
0.11218437960000001	-0.0321078251	-0.0292344664	-0.006557213399999999	0.0498397157	-0.0356162661	0.0830249665	0.07753134589999999	0.07046183730000001	0.0591528974	0.0442849438	4.23296e-05	-0.01018	-0.00206723	-0.0008444789999999998	-0.000410925	0.000291373
0.0891675934	0.0645478042	0.0063985454	-0.0044778004	-0.0177454539	-0.0031186517	-0.143209663	0.0773321295	0.06968993700000001	0.0575073938	0.0415782013	0.00547278	0.00764082	0.000207093	-0.00048099300000000003	0.000350896	0.00014384
0.14052210699999998	-0.052152828099999986	0.0150326126	0.0174806404	-0.0181879957	0.0597554476	0.0898654909	0.0771251226	0.06888995490000001	0.0558097533	0.038804449	-0.00863694	0.048785300000000004	0.039289099999999993	-0.000654546	-0.00025173599999999996	0.000291373
0.12207271	0.0274523048	-0.0613452455	0.0205875344	-0.0105744874	0.0479590238	-0.0895890709	0.07691034599999999	0.0680622132	0.0540615151	0.0359681572	-0.00537243	-0.00306484	-0.00370841	-0.000396578	-0.000196185	0.000125681
0.1299522442	-0.0097054026	0.0592195535	0.0377647115	-0.0149833481	0.0775972014	0.0300600501	0.0766878214	0.06720704549999999	0.0522642642	0.0330738971	3.8464200000000004e-05	0.0378319	0.0457013	2.43784e-05	-1.43163e-05	4.380810000000001e-05
0.1447990042	-0.0150517954	-0.0565846968	0.0188929644	-0.006192855400000001	0.0284258293	0.0300804484	0.07645757110000001	0.0663247964	0.05041963	0.0301263332	-0.007854969999999998	0.0107925	0.00672689	-0.0007225739999999999	-0.000459683	-0.000181708
0.16051491930000006	0.0492291641	0.049661355199999986	0.008663008100000001	0.010674993999999998	-0.008743469	-0.0450685222	0.0762196185	0.06541582139999999	0.0485292848	0.0271302159	2.6954299999999997e-05	0.0189175	0.0622119	0.000301132	0.000198695	-8.33323e-05
0.1450830243	-0.0428948787	-0.0398749375	0.0010600882	0.034441073	-0.0029189105	0.093793803	0.0759739873	0.0644804868	0.046594942400000006	0.024090374	-0.00631205	-0.00253557	0.0298972	-0.0007807829999999997	-0.00036028	-2.46973e-05
0.10952404199999999	0.07114012759999999	0.0277834619	0.036817811	-0.0353810035	-0.014297493799999996	-0.1044165354	0.0757207024	0.0635191694	0.044618356500000005	0.0210117067	-0.00269341	0.0108257	0.0521633	5.2071300000000004e-05	0.00019543799999999998	-7.70896e-06
0.09396150699999999	-0.0752328659	0.0027050012	0.0140113079	0.0411452216	0.021417348	0.2029309067	0.0754597894	0.0625322567	0.0426013192	0.0178991758	-0.00731595	0.0272281	0.035298500000000003	-0.000657622	-0.000196185	-2.7828000000000002e-05
0.105108019	0.0487977776	-0.0383319391	0.0128761122	-0.0510961681	-0.0518278448	-0.1113707466	0.07519127440000001	0.0615201462	0.0405456591	0.0147577975	-0.012159399999999999	-0.00260824	0.0009007710000000001	-0.000622885	0.000235937	-0.000281579
0.12203479900000005	-0.0292589542	0.0470640637	0.0211205059	-0.0349507495	0.0040168549	0.1067290657	0.0749151845	0.060483246	0.038453239900000005	0.0115926346	-0.00910975	0.0334375	0.0417486	-0.000191951	0.000162244	5.562560000000001e-05
0.10427343	0.014258521	-0.0380785026	0.0162873079	-0.0536018364	-0.0726003098	-0.015798977	0.0746315476	0.0594219737	0.0363259585	0.0084087885	-0.012026700000000001	-0.00315882	0.0268118	-0.000525881	-5.08796e-05	-0.000393788
0.12007912289999995	-0.014029393	0.0667169348	0.0295926487	-0.0886583087	-0.0143171177	0.0226667054	0.0743403923	0.058336757	0.0341657437	0.0052113902	3.50779e-05	0.05120209999999999	0.0516146	-0.000414364	9.93257e-05	-7.843779999999997e-05
0.10809008789999999	-0.0310696103	-0.0565581907	0.010444525	-0.0473931688	0.000190436	0.0430978505	0.0740417477	0.0572280333	0.0319745538	0.002005593	-0.0102069	0.029320699999999998	0.0233271	-0.00108882	-9.08033e-05	-0.00016743699999999996
0.07499162499999999	0.0558832241	0.051017456	0.015494893700000003	-0.0415057607	0.0144006407	-0.0717479394	0.0737356442	0.0560962492	0.0297543755	-0.0012034366	-0.008787889999999998	0.032775599999999995	0.0242708	-0.00018790599999999997	0.00036672800000000003	-0.000192472
0.09349161	-0.0584840606	-0.018012773	0.0123075868	-0.0338203655	0.07537069	0.0944689652	0.0734221124	0.0549418609	0.0275072215	-0.0044105266	-0.019834400000000002	0.048714	0.0212291	-0.000792623	-0.000196186	-0.000294141
0.062331799999999986	0.0760929729	-0.0274722972	0.0234508165	-0.0481205108	0.0391479709	-0.15317782970000002	0.07310118389999999	0.0537653335	0.0252351292	-0.007610508399999999	-0.013240200000000002	0.021889099999999998	0.0102252	-0.000756541	0.000125908	-0.000294141
0.10196473999999996	-0.0374386232	0.0402670996	0.0243071152	-0.0298500366	0.0744279938	0.023397113	0.0727728912	0.052567141100000006	0.0229401584	-0.0107982247	-0.00893969	0.0573359	0.0501666	-0.00051858	-8.165159999999997e-05	-0.000294141
0.13911575999999998	0.0235174979	-0.0754513559	0.0117661176	0.05682724860000001	0.0247329898	-0.058240937	0.0724372672	0.0513477665	0.0206243899	-0.0139685379	-0.0077869	0.000211207	0.00357458	-0.000956722	-1.6384599999999996e-06	-0.000460911
0.12468938599999994	0.0245644487	0.0711480859	0.0257955861	0.041182124	0.0297978923	-0.014114697	0.0720943458	0.050107701	0.0182899231	-0.0171163386	-0.0073143	0.030587200000000002	0.053415199999999996	-0.00038457599999999997	0.00013945	-0.000294142
0.11174489	-0.0531184957	-0.0458656584	0.0201544044	-0.0128434921	0.06955221519999999	0.0951814856	0.0717441615	0.0488474444	0.0159388744	-0.0202365536	-0.019834400000000002	0.0374328	0.00866001	-0.00100142	-0.000196186	-0.000294142
0.09271966000000002	0.0704793792	0.021060162200000003	0.0420430618	-0.019769543	0.0165982478	-0.0541126926	0.0713867496	0.0475675045	0.0135733754	-0.0233241543	-0.00996518	0.032358099999999994	0.028524200000000006	-0.000312394	0.000222017	-0.00024314
0.08460070999999998	-0.08590854460000001	0.0356973263	0.0407983966	-0.0691051105	0.0676518046	0.13353301720000002	0.0710221462	0.046268397	0.0111955706	-0.0263741644	-0.00843937	0.07354919999999998	0.0285435	-0.000711507	-7.02039e-05	-9.718389999999999e-05
0.100166455	0.0243312623	-0.0372827931	0.0368839266	-0.0329734478	-0.0279857915	-0.0310640869	0.0706503878	0.0449506455	0.0088076158	-0.0293816684	-0.0198375	0.0251647	0.00292485	-0.000711507	-6.651850000000001e-05	-0.000388802
0.066299415	-0.0238544224	0.0694482431	0.0135346301	-0.05322301	-0.027094734900000004	0.0829624429	0.0702715121	0.0436147809	0.006411676	-0.0323418192	-0.0110639	0.0352709	0.029391300000000002	-0.000579517	-2.5182199999999998e-05	-0.00014306500000000005
0.07612855	-0.0184461281	-0.0547224512	0.0151598402	-0.062373773	-0.0520313576	0.0229311646	0.0698855571	0.0422613414	0.0040099232	-0.0352498461	-0.0116267	0.0192399	0.00973519	-0.00105501	-0.000196185	-0.000294142
0.09031892	0.0601311463	0.0561007825	0.0030770056	-0.0790326482	-0.0772567212	-0.039925686200000005	0.06949256179999999	0.0408908726	0.001604535	-0.0381010623	-0.00626452	0.0444898	0.0533447	-0.000853412	-7.583639999999997e-05	-0.000294142
0.05263851	-0.066134451	-0.008332237900000001	-0.005370338499999999	-0.0512374649	-0.0061664305	0.0555720341	0.0690925657	0.0395039266	-0.0008023078999999999	-0.0408908726	-0.012240799999999998	0.044488599999999996	0.026028500000000003	-0.00111996	-0.000196185	-0.000294142
0.02396726000000001	0.0822626407	-0.0295610058	-0.0198088452	-0.0658363624	0.0274098787	-0.1429662364	0.0686856091	0.0381010623	-0.0032084234000000003	-0.0436147809	-0.0102838	0.028362000000000002	0.0260276	-0.00111996	-7.852979999999998e-05	-0.000294142
0.046582909999999984	-0.046960647	0.0643438505	-0.0005287754	0.0140971382	0.1086018424	0.029287353	0.068271733	0.0366828449	-0.0056116301	-0.046268397	-0.0061979999999999995	0.0444901	0.0416295	-0.0010509	-0.00014449799999999998	-0.000213828
0.08865466999999999	0.0030578173	-0.0860626278	-0.0173751286	-0.0013330578	0.0648097906	-0.0331032559	0.0678509792	0.0352498461	-0.0080097493	-0.0488474444	-0.0121291	0.0125743	0.00733478	-0.00124916	-0.000196185	-0.000294142
0.06898747	0.035471143399999995	0.0519390997	-0.0141722587	0.0944066333	0.0078885931	0.003681486	0.06742339	0.0338026431	-0.0104006067	-0.0513477665	-0.010630400000000002	0.0125793	0.046017	-0.000810237	-0.000196185	-0.000157034
0.08203204999999998	-0.0358317652	-0.0511074604	-0.0141964716	0.011351219199999998	0.042613351900000006	0.0492071921	0.0669890084	0.0323418192	-0.0127820349	-0.0537653335	-0.019836900000000005	0.0125758	0.0196951	-0.00137483	-0.000424487	-0.000294142
0.085703215	0.0410455601	0.0228471286	0.0304504586	0.0249800308	0.019946674	-0.0234676845	0.0665478783	0.030867963	-0.0151518747	-0.0560962492	-0.00948664	0.012626799999999999	0.034736300000000005	-0.000558192	-3.59099e-05	-0.000294142
0.07544051499999999	-0.0569347119	0.007208282099999999	-0.0186641375	-0.0678231024	0.0221981296	0.057395184400000014	0.0661000441	0.0293816684	-0.0175079777	-0.058336757	-0.013458600000000001	0.0353375	0.0197146	-0.00107264	-0.000196185	-0.000294142
0.05131911	0.05322068	0.0030187802	0.0008707684	-0.0480884627	-0.033905632000000005	-0.0355603464	0.06564555080000001	0.0278835343	-0.0198482077	-0.060483246	-0.0122008	0.0126657	0.0197213	-0.000756275	3.51062e-05	-0.000294142
0.05328255999999999	-0.06240982	0.0389518992	0.0002678908	-0.0402057871	-0.0454097551	0.08767899359999999	0.0651844444	0.0263741644	-0.0221704431	-0.0625322567	-0.0135583	0.0342425	0.0279524	-0.0010664200000000002	-9.709200000000001e-05	-0.000294142
0.04727056000000001	0.0361440994	-0.0564024835	0.0160417169	-0.0565503044	-0.1003382608	-0.055066639	0.0647167712	0.0248541669	-0.0244725786	-0.0644804868	-0.0130244	0.0126594	0.00943709	-0.00117028	-0.000125997	-0.000294142
0.07030483	0.007846355	0.0935715153	-0.0177540416	-0.0954357017	-0.0621352605	-0.0128215714	0.0642425783	0.0233241543	-0.026752527	-0.0663247964	-0.00519383	0.0305057	0.0362779	-0.000884725	-0.000196185	-0.000294142
0.095694	-0.0599939089	-0.0419587463	-0.0403808558	-0.0837228579	0.0127322151	0.0339028562	0.0637619136	0.0217847431	-0.0290082213	-0.0680622132	-0.014291899999999996	0.00797687	0.014453	-0.00163722	-0.000196185	-0.000386491
0.08830163	0.07790202339999999	0.0146515496	-0.0150797346	-0.0545776561	0.0590008192	-0.0979079719	0.0632748254	0.0202365536	-0.0312376164	-0.06968993700000001	-0.014993600000000001	0.017929499999999998	0.031735400000000004	-0.000964852	0.00024665900000000004	-0.000478577
0.04955335	-0.06789744639999999	0.0314871894	-0.0155191379	0.020054776200000003	0.1066699884	0.0357202705	0.0627813628	0.0186802098	-0.0334386912	-0.0712053446	-0.014362399999999999	0.0255695	0.033013	-0.00119859	-0.000135259	-0.000294142
0.07906507	0.035679308300000004	-0.06427432129999999	-0.0152506056	0.0196141111	0.0343833509	-0.053099618	0.062281575599999986	0.0171163386	-0.035609450099999995	-0.0726059935	-0.011755	0.00204723	0.00302665	-0.00100987	-0.00012369900000000004	-0.000552843
0.08724675500000001	-0.0125444689	0.0405445927	-0.0010681182	0.0605734344	0.0227165962	0.0321469034	0.061775514	0.0155455703	-0.037747925	-0.07388962639999999	-0.00346106	0.0213284	0.0325701	-0.0008197849999999997	-7.25951e-05	-0.000191468
0.1092802	-0.0028996529	-0.0578567289	0.0190141365	0.05261921	-0.0078399226	-0.0078537237	0.0612632291	0.0139685379	-0.0398521774	-0.0750541746	-0.0114433	-0.007216529999999999	-0.00182068	-0.00119272	-9.57001e-05	-0.0005626730000000001
0.077190415	0.0136535232	0.0676778313	-0.0096248649	0.0022940875	-0.0526019763	0.0331707386	0.0607447724	0.0123858767	-0.0419202993	-0.0760977612	-0.0122415	0.0250958	0.013646799999999999	-0.00100607	0.000139045	-0.00041182
0.06643282	-0.050510358099999986	-0.0296840283	-0.0059360467	-0.0550350747	-0.0631694161	0.0525951143	0.0602201963	0.0107982247	-0.0439504158	-0.0770187042	-0.012646600000000001	0.016482	0.00228828	-0.00147427	-0.000196185	-0.000294142
0.07887374499999998	0.0637096781	0.038274354	-0.0306703681	-0.0758081905	-0.0394212938	-0.05729278	0.0596895534	0.0092062214	-0.0459406864	-0.0778155195	-0.0105648	0.0337736	0.0255197	-0.000958219	1.3142500000000005e-05	-0.000294142
0.090339625	-0.0531916109	-0.0084731439	-0.0166887904	0.0001912549	0.055584393	0.0063466945	0.0591528974	0.007610508399999999	-0.0478893067	-0.0784869228	-0.0198322	0.0378799	0.012768600000000001	-0.00176853	-0.000196185	-0.0005587999999999999
0.033231580000000004	0.06884452690000001	-0.0340113681	-0.0030712563	0.0444964626	0.0391942674	-0.0989146659	0.0586102822	0.0060117288	-0.0497945101	-0.0790318321	-0.0121129	0.019409700000000002	0.00954102	-0.00176853	-0.000196185	-0.00048251
0.06874115	-0.0627317616	0.0503892841	-0.030533376400000006	0.034145029	0.0714588888	0.008576236	0.0580617626	0.0044105266	-0.0516545692	-0.0794493692	-0.007808029999999999	0.037767300000000004	0.0255013	-0.00135453	-0.000196185	-0.000294142
0.07549395	0.0062455746	-0.0834646534	-0.016968291899999998	0.0521570448	0.0086584271	-0.0089462394	0.0575073938	0.0028075473	-0.0534677978	-0.0797388611	-0.017426299999999995	0.033850599999999995	-0.008876729999999998	-0.00179912	-0.000196185	-0.00040117099999999997
0.07603935	0.0385936421	0.0598713919	-0.0336055923	0.0615299234	-0.0277710202	0.011088039199999998	0.0569472315	0.0012034366	-0.0552325519	-0.0798998413	-0.008505979999999998	0.023937	0.0111947	-0.00148795	4.7608e-05	-0.00021345400000000002
0.06267566	-0.0751336404	-0.0120889648	-0.0295030329	0.0086729819	-0.0399302242	0.07449511980000001	0.05638133240000001	-0.000401159	-0.0569472315	-0.0799320503	-0.00520806	0.016580900000000003	-0.00932599	-0.0017719	-0.000105297	-0.00040661800000000003
0.05739791000000001	0.0459985137	-0.0324035902	0.0160060696	0.056424588	-0.08832552130000003	-0.0312415021	0.0558097533	-0.002005593	-0.0586102822	-0.0798354362	-0.012105200000000005	0.00820349	-0.0228068	-0.00155665	0.000208037	-0.000450885
0.07950725499999999	-0.0008518562	0.0828517841	-0.0456195477	-0.0407657465	-0.056689099000000014	0.024032527	0.0552325519	-0.0036092188	-0.0602201963	-0.0796101548	-0.00276385	0.0199416	0.0113532	-0.00145377	-1.7695899999999998e-05	-0.000294142
0.09822494999999998	-0.045908183	-0.064711539	-0.0499532297	0.0131313655	-0.017841151399999998	0.0211834	0.0546497862	-0.0052113902	-0.061775514	-0.079256569	-0.008349149999999998	0.00524025	-0.0174922	-0.00237765	-7.56739e-05	-0.000294142
0.08040659499999997	0.0825088505	0.0218415831	-0.0128206249	0.0413332702	0.0702315571	-0.0819066895	0.0540615151	-0.0068114617	-0.0632748254	-0.0787752489	-0.00362573	0.00516677	0.00529945	-0.00161959	0.000222627	-0.000294142
0.06833971999999999	-0.0690540712	0.0198931034	-0.0254680047	0.0716276232	0.0802494536	0.0263272921	0.0534677978	-0.0084087885	-0.0647167712	-0.07816697	-0.00429986	0.0174282	-0.00465215	-0.0022502	-5.5813199999999996e-05	-0.000294143
0.06086004	0.0322499554	-0.0627579915	-0.0149565706	0.0608872175	-0.0290110051	-0.034476599	0.052868694	-0.0100027269	-0.0661000441	-0.0774327128	-0.00900149	0.010356200000000001	-0.0224552	-0.00259169	0.000152221	-0.000218
0.14662683199999998	-0.033790214900000004	0.0566643452	-0.0153527802	0.0308071578	-0.0206258353	0.0513962751	0.0522642642	-0.0115926346	-0.06742339	-0.0765736605	0.00352686	0.0219639	-0.000493928	-0.0009163810000000001	-3.03117e-05	-6.52515e-05
0.11132384050000001	-0.0146387946	-0.0712418418	-0.0005281957	0.06506518730000001	-0.0334275067	0.0247397284	0.0516545692	-0.0131778711	-0.0686856091	-0.07559119780000001	-0.00847674	-0.0108697	-0.0224447	-0.00155587	-7.97483e-06	-0.000294143
0.0535052815	0.0624389394	0.0283790609	0.0050578957	0.0979008771	-0.1054173766	0.0010933012	0.0510396705	-0.0147577975	-0.0698855571	-0.0744869079	-0.00897208	-0.004767800000000001	0.010785500000000002	-0.00177168	4.9772e-05	-0.000294143
0.05497932999999999	-0.0376467542	-0.0092396591	-0.0104351723	0.0469231379	-0.1159770513	0.025476228	0.05041963	-0.0163317771	-0.0710221462	-0.0732625707	-0.012169200000000002	0.00347275	0.00583544	-0.00224116	-0.00025258	-0.000294143
0.05417832499999999	0.0582038524	-0.0414747696	-0.0133564569	0.0560427802	-0.0502504529	-0.0939243498	0.0497945101	-0.0178991758	-0.0720943458	-0.0719201593	-0.00512654	-0.010833200000000001	-0.00731764	-0.00207804	-8.415729999999998e-05	-0.000232153
0.056875565	-0.0381729986	0.0427576683	-0.0111067255	0.0810902704	0.0236018148	-0.0295961411	0.0491643739	-0.0194593619	-0.07310118389999999	-0.07046183730000001	-0.00687955	-0.010823200000000002	0.0195871	-0.00169595	3.8053e-05	-0.000172297
0.05251532	0.0087040866	-0.0959741044	0.000626083	0.0930891087	0.051391091900000005	-0.0436821511	0.0485292848	-0.0210117067	-0.0740417477	-0.06888995490000001	-0.00717552	-0.0108408	-0.00854745	-0.00171371	-0.000303685	-0.000294143
0.06691466	0.0493986074	0.0580128738	0.0016514128	0.1135372796	-0.0268522769	-0.0179795885	0.0478893067	-0.0225555848	-0.0749151845	-0.06720704549999999	-0.00408048	-0.0108292	0.0327791	-0.00156221	-5.8201599999999995e-05	-0.000241497
0.105868626	-0.0888201108	-0.0505879402	0.0038243584	0.098524598	-0.0307400058	0.0648128924	0.0472445043	-0.024090374	-0.0757207024	-0.06541582139999999	-0.00642241	0.0009802460000000002	-0.00601388	-0.00216009	-0.000466161	-0.000294143
0.062089315999999985	0.0784147645	-0.0358235357	0.004543595300000001	0.0420698329	-0.0808084091	-0.081153892	0.046594942400000006	-0.0256154559	-0.07645757110000001	-0.0635191694	-0.0145849	-0.00687028	0.00133357	-0.0016832999999999998	-0.00016837400000000002	-0.000294143
0.06715803	-0.0542001848	0.050574904	0.0014839149	0.0189464464	-0.0313977496	0.0294314386	0.0459406864	-0.0271302159	-0.0771251226	-0.0615201462	-0.00459795	-0.00135488	0.0336451	-0.00135705	-0.000229007	-0.000294143
0.07763271	0.0296899311	-0.072784085	-0.0152557218	0.0610931575	-0.0933245672	-0.011048269	0.0452818024	-0.0286340436	-0.0777227516	-0.0594219737	-0.00658567	-0.0107375	-0.00545492	-0.00168842	-0.000211648	-0.0004886609999999999
0.040986199999999993	0.0291318686	0.0610028853	-0.0146835556	0.0428934738	-0.1167024978	0.0028546227	0.044618356500000005	-0.0301263332	-0.0782499164	-0.0572280333	-0.00857955	-0.0107403	0.023808700000000002	-0.00168842	-0.000211648	-0.000294143
0.07501422	-0.0466180734	-0.047039612800000005	-0.0380114413	0.0539083357	-0.0799503696	0.0158712809	0.0439504158	-0.0316064831	-0.0787061389	-0.0549418609	-0.00521213	-0.010709399999999999	-0.011126899999999999	-0.00218356	-0.000450114	-0.000294143
0.03463133	0.0930536867	-0.014043106	-0.0212506143	0.0252151333	-0.007891062800000001	-0.073960761	0.0432780475	-0.0330738971	-0.07909100570000001	-0.052567141100000006	-0.00649545	-0.0107197	-0.007971489999999998	-0.00181838	-0.000211648	-0.000294143
0.040512220000000015	-0.0494897465	0.0373481295	-0.0163676544	0.08704448779999999	0.0641363492	-0.0158754268	0.0426013192	-0.0345279838	-0.0794041677	-0.050107701	-0.008741429999999998	-0.0107278	0.0175423	-0.00175615	-0.000134573	-0.000178561
0.07338659999999997	0.0079167574	-0.1004681982	0.0170533022	0.1169663884	0.063084642	-0.0489492895	0.0419202993	-0.0359681572	-0.079645341	-0.0475675045	-0.00512838	-0.0106671	-0.026008999999999997	-0.00194832	-0.00035005199999999995	-0.000294143
0.04207057	0.0497762631	0.038762598	0.0031622927000000004	0.16890141890000002	-0.0026512421000000003	0.0037387431	0.0412350562	-0.0373938371	-0.0798143071	-0.0449506455	-0.00387134	-0.0106671	0.00430918	-0.00194832	-0.000140145	-0.000294143
0.07195987000000001	-0.037118335	-0.070803487	0.0188985717	0.1449568672	-0.026601256	0.0044699569	0.0405456591	-0.038804449	-0.0799109126	-0.0422613414	-0.0148026	0.00702472	0.00430274	-0.00221427	-0.0006529719999999999	-0.000206313
0.09763623	0.0404392517	-0.0089388499	0.052418712400000005	0.16154187890000002	-0.1178568019	-0.0465201475	0.0398521774	-0.0401994245	-0.07993507009999999	-0.0395039266	-0.00981728	-0.0213438	-0.009752050000000005	-0.0015179	-0.000397216	-0.000153887
0.16916370000000006	-0.1203183325	0.0614071997	0.1006157689	-0.2340355836	0.1072312528	-0.0173680617	0.0391546809	-0.0415782013	-0.0798867576	-0.0366828449	-0.00377828	0.0504455	-0.012492200000000002	-0.00038823	0.00010476300000000004	-0.000294143
0.086593956	0.078801085	-0.0169842483	0.046702913	-0.2845857924	0.0913307569	0.0142395296	0.038453239900000005	-0.0429402241	-0.0797660189	-0.0338026431	-0.020548	0.03716319999999999	0.0009757860000000001	-0.000263779	-0.000251002	-0.000675406
0.092006802	-0.0421685881	0.0932758929	0.0057794055	-0.1336212406	0.0054512619	0.0442519672	0.037747925	-0.0442849438	-0.0795729635	-0.030867963	-0.000673862	0.0262502	0.012398399999999999	-0.00048414199999999996	2.8039e-05	-0.000178869
0.087334803	0.013247988600000002	-0.0505987476	0.033279599300000004	-0.1161189405	-0.0463057026	0.0362838449	0.037038807400000005	-0.0456118188	-0.0793077664	-0.0278835343	-0.00926846	0.0223586	-0.014778	-0.00117494	1.66669e-05	-0.000430143
0.062205746	0.0135147254	0.0950399764	-0.0016042531	-0.1334297625	-0.0180567436	-0.0092815545	0.0363259585	-0.0469203142	-0.0789706681	-0.0248541669	0.000153751	0.0260087	0.00017578	-0.000857074	0.00024639400000000004	-0.000294143
0.058652351	-0.0484607672	-0.0356532101	-0.0358541471	-0.1241596837	0.1157229112	-0.0144611035	0.035609450099999995	-0.0482099028	-0.0785619741	-0.0217847431	-0.00805667	0.016943400000000004	-0.014776499999999996	-0.00117494	3.5773000000000005e-05	-0.000294143
0.04422558	0.0718323821	0.0246943911	-0.0234606252	-0.1055904229	0.1475148217	0.0018128508	0.0348893543	-0.0494800651	-0.078082055	-0.0186802098	-0.011675	0.00877471	-0.0147012	-0.000744505	-2.5811199999999998e-05	-0.000449389
0.050695647999999996	-0.0656407553	0.0473151953	0.0090765834	-0.0300182356	0.1058904391	0.0042745934	0.0341657437	-0.0507302891	-0.07753134589999999	-0.0155455703	-0.00830965	0.013078399999999999	-0.000975447	-0.00117494	-2.547510000000001e-05	-0.000294143
0.059276407999999996	0.007416464	-0.07154610089999999	0.0228088953	0.0156336495	0.0481109085	0.0039928099	0.0334386912	-0.051960071	-0.07691034599999999	-0.0123858767	-0.00761624	0.0147354	-0.0225639	-0.00174945	-0.000157716	-0.000294143
0.0455552	0.0447429692	0.0657734445	-0.0261985407	-0.0042330773	0.0232241392	0.0753622341	0.03270827	-0.0531689154	-0.0762196185	-0.0092062214	-0.0112706	0.0170021	-0.00233621	-0.00162945	0.00011041299999999999	-0.000294143
0.08270885	-0.100518608	-0.0018093474	-7.95946e-05	0.005402815500000001	-0.0139883149	0.0411248429	0.0319745538	-0.0543563352	-0.0754597894	-0.0060117288	-0.00799229	0.029985900000000006	-0.0452711	-0.00193151	-5.7763e-05	-0.00029414400000000004
0.04548532	0.05660719860000001	-0.0433125427	0.030908944	0.0159442306	-0.0392930819	0.034708402400000005	0.0312376164	-0.0555218517	-0.0746315476	-0.0028075473	-0.0100021	0.00605483	-0.045263300000000006	-0.00178794	7.882079999999998e-05	-0.000183565
0.0816209449	-0.0267708822	0.0741515076	0.0013282409	-0.0331116775	-0.043896494	0.0393279385	0.0304975321	-0.0566649955	-0.0737356442	0.000401159	-0.0127178	0.0170625	-0.016627799999999998	-0.00121629	-8.830979999999998e-07	-4.96774e-05
0.07587381509999999	-0.0192515508	-0.0551907972	0.012133875	-0.0504120679	-0.0774280705	0.0248291887	0.0297543755	-0.0577853059	-0.0727728912	0.0036092188	-0.00760519	0.00102672	-0.033003199999999996	-0.00150554	-0.00017278400000000002	-0.00035552699999999996
0.05440275	0.0846691362	0.0385930362	0.0040951252	-0.0955411939	-0.0678956805	-0.0133137893	0.0290082213	-0.0588823313	-0.0717441615	0.0068114617	-0.0056845	0.00326664	0.00444434	-0.00161118	-0.000261653	-0.00029414400000000004
0.02435007	-0.063023087	0.06603857610000001	-0.007232066899999999	-0.0618988015	0.0111561559	-0.0260223192	0.0282591448	-0.059955629800000014	-0.0706503878	0.0100027269	-0.0060118	0.00946562	0.00284353	-0.00161958	-1.62844e-05	-0.000223453
0.026740515	-0.0181121744	-0.0714146412	-0.0190468558	-0.0676246373	0.0376115395	-0.035301823	0.0275072215	-0.061004769	-0.06949256179999999	0.0131778711	-0.00617939	0.012910499999999998	-0.013200000000000005	-0.00162239	-8.447369999999997e-05	-0.00029414400000000004
0.060208028	0.0742042274	0.0319459668	-0.0072243554	-0.0005507517	0.123803848	0.0069812756000000005	0.026752527	-0.0620293259	-0.068271733	0.0163317771	-0.00945599	0.0009137870000000002	0.00366848	-0.00146013	0.00024639400000000004	-0.00036234099999999997
0.049576942999999984	-0.0752540017	0.0245675077	0.0212673004	0.0134627967	0.06258531099999999	-0.0109442841	0.0259951375	-0.0630288878	-0.0669890084	0.0194593619	-0.00938554	0.017057099999999995	-0.00322325	-0.00149994	-0.000175028	-0.00029414400000000004
0.060852950999999995	0.0235541589	-0.0931500949	0.0271830421	-0.009335727	0.0777480901	0.006278351800000001	0.0252351292	-0.06400305190000001	-0.06564555080000001	0.0225555848	-0.017846599999999997	-0.000371391	-0.030139	-0.0015126	-0.00016401	-0.000431419
0.07605842899999997	0.0625084425	0.07581153	0.0109909591	0.0160021019	0.0498640967	0.040486518	0.0244725786	-0.06495142570000001	-0.0642425783	0.0256154559	-0.00996893	-0.00150617	0.012938700000000001	-0.00130622	-2.8299400000000002e-05	-0.00029414400000000004
0.06917272000000001	-0.07375875400000001	-0.0187160995	0.008897575100000001	-0.0194034511	0.0335282315	-0.0067953347	0.0237075627	-0.065873627	-0.0627813628	0.0286340436	-0.0102617	0.017097999999999995	-0.0107759	-0.00170114	-0.00016460299999999998	-0.00029414400000000004
0.04820972000000001	0.058587693	-0.0218856602	0.0306976397	0.007919710200000001	-0.022148039900000003	0.0242887657	0.0229401584	-0.0667692842	-0.0612632291	0.0316064831	-0.0109154	-0.00400067	-0.0107457	-0.00132548	-0.000160675	-0.000443099
0.033562060000000005	-0.0644596345	0.0494904892	0.0201514624	-0.0016948662	-0.0211436033	0.0193630059	0.0221704431	-0.0676380363	-0.0596895534	0.0345279838	-0.00576618	-0.00551982	-0.00217451	-0.00121566	-0.00026835	-0.00029414400000000004
0.03839721000000002	0.0181835801	-0.08030574110000001	0.0174078648	-0.0593118678	0.0067010626	0.0312432528	0.0213984944	-0.0684795334	-0.0580617626	0.0373938371	-0.012991999999999998	-0.008810719999999998	-0.0247739	-0.00125669	-0.00033294199999999997	-0.00029414400000000004
0.05586894	0.0237381093	0.1053633156	0.0039923487	-0.054770319000000005	-0.0190629749	0.0393880422	0.0206243899	-0.0692934363	-0.05638133240000001	0.0401994245	-0.00485139	-0.0015785999999999999	-0.00632059	-0.000987251	-0.000161523	-0.00029414400000000004
0.07590397	-0.062051222300000014	-0.0432836368	-0.0106235645	-0.1025770388	-0.0203033481	0.0069080415	0.0198482077	-0.0700794171	-0.0546497862	0.0429402241	-0.0165191	0.00426225	-0.0165217	-0.00166563	-0.00044703	-0.00029414400000000004
0.08771177900000003	0.0817381834	0.0519694287	0.022633552400000003	-0.0433977791	-0.0482161462	0.0543013525	0.019070026	-0.07083715900000001	-0.052868694	0.0456118188	-0.00522761	-0.000295424	0.00273107	-0.00138243	-3.05181e-05	-0.000646629
0.041668415	-0.0863884784	0.001282124	0.0161662398	-0.0537864862	-0.07527698370000001	-0.0092213387	0.0182899231	-0.0715663568	-0.0510396705	0.0482099028	-0.013228100000000001	0.0009541360000000001	-0.012441200000000001	-0.00127366	-0.00023374599999999998	-0.000613705
0.037811608999999996	0.08230123639999999	-0.0245220436	0.0045873178	-0.09457833	-0.0098752963	0.0074218906000000015	0.0175079777	-0.07226671650000001	-0.0491643739	0.0507302891	-0.00883775	-0.000762758	0.00295335	-0.00128581	-6.616470000000001e-05	-0.00046724
0.026385286	-0.072811196	0.0738875841	0.0055350818	-0.0508241296	0.016552772099999998	-0.0600360877	0.016724268400000002	-0.072937956	-0.0472445043	0.0531689154	-0.0038624	-0.000689582	0.0136279	-0.0012400200000000005	9.577549999999999e-05	-0.000461726
0.045322913	0.0365998882	-0.0857706543	0.0139054749	-0.0713058892	0.0557831917	-0.0043832913	0.0159388744	-0.07357980480000001	-0.0452818024	0.0555218517	-0.00702893	-0.001336	-0.00265839	-0.00152366	-1.0204e-05	-0.00057658
0.037986835	0.0145486944	0.0961929661	0.011398468899999998	2.3705e-06	0.047281303600000005	-0.0087018727	0.0151518747	-0.0741920043	-0.0432780475	0.0577853059	-0.00570261	-0.00240043	-0.000655955	-0.00139082	0.00024639400000000004	-0.000294145
0.065858135	-0.0515002432	-0.07854390950000001	0.0163003116	0.0124996881	0.07914996269999999	-0.0372644392	0.0143633485	-0.0747743077	-0.0412350562	0.059955629800000014	-0.00669945	-0.00111393	-0.0316415	-0.001553	-0.00024321099999999999	-0.000294145
0.04630108000000002	0.0839795917	0.0029042026	0.0388619869	0.0404077629	0.08233429540000001	0.024171752400000003	0.0135733754	-0.0753264804	-0.0391546809	0.0620293259	-0.00399624	-0.00487321	-0.00961348	-0.0013777000000000001	-6.22996e-05	-0.000294145
0.02641959	-0.0670203689	0.0424706279	0.0129830854	0.0567192284	0.0593757402	-0.0322191814	0.0127820349	-0.07584830000000001	-0.037038807400000005	0.06400305190000001	-0.008578769999999998	-0.00231524	-0.016560299999999997	-0.00124155	-0.000172795	-0.000294145
0.054079420999999996	-0.0023782176	-0.0867289374	0.0165487308	0.027437174	-0.0158775752	0.0010119994	0.0119894067	-0.0763395561	-0.0348893543	0.065873627	-0.00927649	0.0009680110000000001	-0.0363965	-0.00164152	-0.000242014	-0.000430201
0.045763345999999996	0.0672635754	0.0316954014	0.0042726017	0.0417997701	-0.0019752106	0.0336240233	0.0111955706	-0.0768000508	-0.03270827	0.0676380363	-0.00270087	-0.00509205	-0.0147108	-0.00158304	-9.57357e-05	-0.00040612
0.045148375	-0.0654532746	-0.0009071227	0.0223436204	0.0563590653	-0.0412877957	-0.0012601844	0.0104006067	-0.0772295986	-0.0304975321	0.0692934363	-0.00264061	0.004669899999999999	-0.0373184	-0.0016756	-0.000145572	-0.000294145
0.046010319999999987	0.055088274900000005	-0.0587562324	0.02750348	0.0517986026	-0.0469536849	0.045543497	0.0096045951	-0.0776280263	-0.0282591448	0.07083715900000001	-0.00620278	-0.0068723	-0.0437507	-0.0015589899999999995	-0.000112085	-0.000633521
0.07484812099999999	-0.0276190772	0.0818349643	0.0011878768	0.0036688623	-0.0714021618	0.006895488000000001	0.0088076158	-0.07799517339999999	-0.0259951375	0.07226671650000001	-0.00320026	-0.000133939	-0.0120949	-0.00130998	-3.1442199999999995e-05	-0.000294145
0.06852381899999999	-0.0225693751	-0.0846177476	0.0049799855	-0.0015316959	-0.0757429452	0.0156939173	0.0080097493	-0.078330892	-0.0237075627	0.07357980480000001	-0.00267529	0.00484887	-0.027543400000000003	-0.00175531	-0.000225615	-0.000605993
0.04163344	0.0781638591	0.0455189258	0.0141232258	0.0073226674	-0.0323171395	-0.0043113379	0.0072110759	-0.0786350467	-0.0213984944	0.0747743077	-0.00904264	0.00449528	-0.0188877	-0.00140906	-0.00011120100000000001	-0.000670465
0.05393076	-0.0719901007	-0.0205021732	-0.0058972492	0.0136743141	-0.0003879825	-0.0549244345	0.006411676	-0.07890751509999999	-0.019070026	0.07584830000000001	-0.0034065	0.017200299999999998	-0.0277769	-0.00175531	-0.000290415	-0.000679009
0.04722903999999999	0.06295455679999999	-0.0559560917	0.0154899083	0.0320110346	0.0504761678	-0.0227360801	0.0056116301	-0.0791481873	-0.016724268400000002	0.0768000508	-0.00781834	0.0113994	-0.0514194	-0.00175531	-0.000218907	-0.00048304099999999997
0.06564916	-0.0304719739	0.08037244730000001	-0.001777937	0.0250877687	0.0769591617	-0.0461523915	0.004811019000000001	-0.07935696639999999	-0.0143633485	0.0776280263	-0.00229073	0.017200199999999995	-0.0152995	-0.00175531	-4.3786000000000004e-05	-0.000294145
0.05956331	-0.0278243749	-0.0808418274	-0.0056590342	0.0439164416	-0.0069491551	-0.006957428000000001	0.0040099232	-0.0795337681	-0.0119894067	0.078330892	-0.00524961	0.00570022	-0.0343602	-0.00173137	-0.000345199	-0.0004896669999999999
0.09571106	0.08820942400000001	0.0436504095	-0.0233974794	0.0199218306	0.0152510085	0.055531726100000005	0.0032084234000000003	-0.0796785214	-0.0096045951	0.07890751509999999	-0.00447362	-0.00226648	0.00190682	-0.00108546	-0.000172604	-0.000294145
0.07860210000000001	-0.0981147964	0.002777878	0.0024203781	0.06415844700000001	-0.0459559224	0.000964551	0.0024066004	-0.0797911678	-0.0072110759	0.07935696639999999	-0.00712821	0.00148101	-0.0354634	-0.00151572	-0.00021366900000000002	-0.000519416
0.03284819	0.07139375889999999	-0.07176603620000001	-0.0127440849	0.0157762601	-0.036627053900000005	0.0506858456	0.001604535	-0.0798716619	-0.004811019000000001	0.0796785214	-0.0175955	-0.00891654	-0.043395800000000005	-0.00151572	-0.00023888900000000002	-0.000463617
0.05178706	-0.0023107866	0.0973682512	-0.0031328767	0.0404071226	-0.08072728259999999	0.0278887171	0.0008023078999999999	-0.0799199714	-0.0024066004	0.0798716619	-0.0155953	-0.0253044	-0.0186722	-0.00151572	-0.000242925	-0.000294145
0.052631899999999995	-0.0570178196	-0.0731393833	-0.0132972303	-0.0583624369	-0.0884531548	0.0053358177	0.0	-0.0799360767	-0.0	0.0799360767	-0.016672099999999995	-0.0141329	-0.0396592	-0.0017599	-0.00023599	-0.00043096199999999996
0.05839429	0.0804688321	0.0244776178	-0.0337976696	-0.0847020131	-0.0382404051	-0.0066171376	-0.0008023078999999999	-0.0799199714	0.0024066004	0.0798716619	-0.013030100000000001	-0.00865478	-0.00946978	-0.00151572	-0.000235292	-0.000294145
0.030051890000000005	-0.06967894690000001	0.0445719122	-0.0311812192	-0.0374195017	-0.0421816101	-0.08755249080000001	-0.001604535	-0.0798716619	0.004811019000000001	0.0796785214	-0.00879917	0.00418031	-0.00273946	-0.00151572	-0.00011018100000000001	-0.000294145
0.060069765	0.0254783283	-0.0749219488	-0.054422453	-0.0182322355	0.0112247558	-0.0053813092	-0.0024066004	-0.0797911678	0.0072110759	0.07935696639999999	-0.00560525	0.0039048999999999998	-0.0358441	-0.00172137	-9.019110000000001e-05	-0.000538421
0.052096400999999994	0.0126396167	0.0718525436	-0.0331176661	0.0494071588	0.0626871935	-0.0563904469	-0.0032084234000000003	-0.0796785214	0.0096045951	0.07890751509999999	0.000108123	0.00186289	-0.029710400000000005	-0.00128244	-9.250739999999999e-06	-0.000294145
0.05458365582000002	-0.0460874451	-0.0761312889	-0.0624165929	0.015870036299999998	0.0399466097	-0.0428839253	-0.0040099232	-0.0795337681	0.0119894067	0.078330892	8.950179999999996e-06	0.00127442	-0.041406	-0.00172137	-0.000414329	-0.000294145
0.09112769982	0.07781279719999999	0.0508412012	-0.0601032043	0.0185196905	0.06262802860000001	0.0193715435	-0.004811019000000001	-0.07935696639999999	0.0143633485	0.0776280263	0.000120474	-0.00585552	0.0005432659999999999	-0.00131784	-8.885259999999997e-05	-0.00040387800000000004
0.06679597000000001	-0.0770451464	-0.0142847255	-0.0414523032	0.0185712411	0.0310832906	-0.0298900183	-0.0056116301	-0.0791481873	0.016724268400000002	0.0768000508	-0.00635771	0.00401978	-0.039125599999999996	-0.00132577	-0.000186662	-0.000294145
0.06533892	0.1051856234	-0.016681533000000002	-0.0524576872	0.0340628892	0.0322542059	0.0508907156	-0.006411676	-0.07890751509999999	0.019070026	0.07584830000000001	-0.00342557	-0.0119008	-0.0300888	-0.00124355	0.00024639400000000004	-0.000527857
0.0593521	-0.1055071176	0.0388204954	-0.036351005	0.0642136443	-0.0541562504	-0.0297988496	-0.0072110759	-0.0786350467	0.0213984944	0.0747743077	-0.00865071	0.00539299	-0.0406787	-0.001381	9.26906e-05	-0.000294145
0.022906905	0.0666134941	-0.0808787312	-0.06931377150000001	-0.0558019256	-0.0488287152	0.0273245215	-0.0080097493	-0.078330892	0.0237075627	0.07357980480000001	0.000138945	0.00405191	-0.0427872	-0.00144065	0.00024639400000000004	-0.000294145
0.054961385	-0.0313035939	0.0993704021	-0.0344336222	-0.0017837354999999996	-0.0608073411	-0.057123488499999986	-0.0088076158	-0.07799517339999999	0.0259951375	0.07226671650000001	-0.00685942	0.00681442	-0.00667919	-0.0012588	0.00024639400000000004	-0.000294145
0.09294106999999996	-0.0096724404	-0.0759278202	-0.07230712190000001	-0.0404962038	0.0482872658	-0.0513197295	-0.0096045951	-0.0776280263	0.0282591448	0.07083715900000001	-0.015377700000000001	0.0081623	-0.0350391	-0.00179491	-0.00013607	-0.00046987099999999996
0.07916691	0.0093869199	0.0582675947	-0.0427310732	0.0869104509	0.0854917118	-0.020838611200000003	-0.0104006067	-0.0772295986	0.0304975321	0.0692934363	-0.00703331	0.00338746	-0.00855474	-0.00123313	-8.230959999999999e-05	-0.000294145
0.09129381	-0.0146342518	-0.0596870942	0.1572952785	0.0361132904	0.06049468440000001	-0.0153312391	-0.0111955706	-0.0768000508	0.03270827	0.0676380363	-0.016969799999999997	0.0173119	0.00800167	-0.00047558	-0.00024629599999999996	-0.000198152
0.16853823	0.05531151980000002	0.0396902319	0.2721979133	0.0759846086	0.0637473004	0.0394931025	-0.0119894067	-0.0763395561	0.0348893543	0.065873627	-0.012548100000000001	0.051198099999999996	0.0340408	0.00108553	-0.00018502400000000002	-0.0006595939999999999
0.18579755	-0.0264636292	-0.0551669168	0.0383894623	0.0155742376	-0.1064304078	0.0130746108	-0.0127820349	-0.07584830000000001	0.037038807400000005	0.06400305190000001	-0.00480483	0.0266623	0.00187017	-0.00126433	-0.000172747	-0.0005947740000000001
0.08993436599999999	-0.0310943186	0.0249004585	-0.0454316312	-0.004211347	-0.0164322954	-0.0181209788	-0.0135733754	-0.0753264804	0.0391546809	0.0620293259	0.00011437200000000001	-0.018231400000000002	0.0123488	-0.00122447	7.094680000000001e-06	-0.00022161900000000002
0.071447976	0.0073166809999999985	-0.066122939	-0.0430608696	-0.0347770722	0.0139064501	0.0222349082	-0.0143633485	-0.0747743077	0.0412350562	0.059955629800000014	-0.00931819	-0.00442134	0.00190033	-0.00101447	-0.000203014	-0.0005566480000000001
0.07472663	0.0313929279	0.0999852839	-0.055994661900000006	0.0126484081	-0.0206251145	0.0153574407	-0.0151518747	-0.0741920043	0.0432780475	0.0577853059	-0.00549751	0.00106843	-0.0164175	-0.000600241	6.2222e-05	-0.000294146
0.0837172	-0.0539303326	-0.038611391200000005	-0.0793317777	-0.0290988338	0.0271038736	0.010407026	-0.0159388744	-0.07357980480000001	0.0452818024	0.0555218517	-0.012700800000000005	0.00273348	-0.030488099999999997	-0.00149525	-2.68222e-05	-0.000525658
0.0683378	0.0559748755	0.048399244400000006	-0.0348103668	0.0858534682	-0.0017673559	0.0830176968	-0.016724268400000002	-0.072937956	0.0472445043	0.0531689154	-0.00988755	-0.00282966	-0.010526700000000002	-0.000982969	0.00024639400000000004	-0.000511155
0.09115815	-0.08466476619999999	-0.0368721987	-0.0799316092	0.0018468977	-0.0432739824	0.0028298642	-0.0175079777	-0.07226671650000001	0.0491643739	0.0507302891	-0.0130959	-0.00211513	-0.0509856	-0.0014144400000000005	-4.06534e-05	-0.000294146
0.06635623	0.094579454	0.0075107614	-0.1028940177	-0.0260554701	-0.0442122912	0.0394754302	-0.0182899231	-0.0715663568	0.0510396705	0.0482099028	-0.00932416	-0.00741315	-0.026969200000000002	-0.00134235	0.00024639400000000004	-0.00060041
0.030966212999999992	-0.1022499706	0.0548208155	-0.1139133608	-0.0345044973	-0.043332265	-0.0956609587	-0.019070026	-0.07083715900000001	0.052868694	0.0456118188	0.00016365299999999999	-0.0130385	-0.0269404	-0.0011984500000000006	0.00024639400000000004	-0.000427825
0.0497906567	0.0140064659	-0.0635607678	-0.1168274255	-0.0410993913	0.0607415751	-0.0370807666	-0.0198482077	-0.0700794171	0.0546497862	0.0429402241	9.14263e-05	-0.012955800000000005	-0.050636	-0.00125076	-8.641959999999999e-05	-0.000294146
0.052704235700000004	-0.0226140329	0.0637782261	-0.0914558559	0.08110363450000001	0.0576391736	-0.0521649351	-0.0206243899	-0.0692934363	0.05638133240000001	0.0401994245	0.000138942	0.00393564	-0.044044400000000004	-0.0010000999999999999	0.00024639400000000004	-0.000294146
0.08299028199999997	-0.0171727378	-0.0618139024	-0.0841006795	0.0717669551	0.0157163089	-0.0064238854	-0.0213984944	-0.0684795334	0.0580617626	0.0373938371	-0.0149796	0.00288	-0.0629767	-0.00151569	-0.000195692	-0.000294146
0.04661017000000001	0.0435579981	0.0547507463	-0.1028815934	0.0841243683	-0.0158310799	0.055406739100000005	-0.0221704431	-0.0676380363	0.0596895534	0.0345279838	-0.00640828	0.00434585	-0.0507142	-0.00127536	5.0188e-05	-0.000294146
0.08095452999999997	-0.0754601347	-0.025747531	-0.1088450382	0.0298755716	-0.05638794690000001	-0.020761564	-0.0229401584	-0.0667692842	0.0612632291	0.0316064831	-0.00940731	0.0148311	-0.08224779999999997	-0.00167655	-0.00019512900000000002	-0.00022192
0.07112745999999999	0.0872320139	-0.0288357919	-0.1396032734	0.0016966948000000002	-0.0391386097	0.0303968814	-0.0237075627	-0.065873627	0.0627813628	0.0286340436	-0.00610515	0.010526299999999999	-0.057133699999999996	-0.00205941	0.000117913	-0.000294146
0.042919599999999995	-0.0708036572	0.0805929505	-0.08450399130000001	0.0529836532	0.0037819856	-0.0954667259	-0.0244725786	-0.06495142570000001	0.0642425783	0.0256154559	-0.0047416	0.0148016	-0.0570957	-0.00136983	0.00017318799999999998	-0.000294146
0.0693395	0.0200241071	-0.1041531802	-0.1281093541	0.055881547699999985	0.062771909	-0.0210924235	-0.0252351292	-0.06400305190000001	0.06564555080000001	0.0225555848	-0.00258155	0.00492035	-0.0800429	-0.00175822	-0.000125442	-0.000294146
0.18432656	-0.0242648375	0.1041017458	0.0751128082	0.1990974597	-0.0238794856	0.0114172057	-0.0259951375	-0.0630288878	0.0669890084	0.0194593619	0.00327385	-0.026853	-0.00502029	-0.00118469	0.000549716	-0.00010933
0.403177105	-0.0695539594	-0.0625867606	0.6594204467	0.063957664	-0.0373145261	-0.1746252834	-0.026752527	-0.0620293259	0.068271733	0.0163317771	-0.013069299999999999	0.130454	-0.027988299999999997	0.00222441	8.00131e-05	-0.000361706
0.263825145	0.1319762731	0.0323536632	0.2311305796	-0.1159867081	0.0154550121	0.0497685758	-0.0275072215	-0.061004769	0.06949256179999999	0.0131778711	-0.0144786	0.07219649999999997	0.0350059	0.000313316	0.000549716	-0.000804192
0.12472735	-0.0498665305	-0.0135011512	0.1945591629	-0.0176328572	-0.064285633	0.0998704626	-0.0282591448	-0.059955629800000014	0.0706503878	0.0100027269	-0.0174593	0.08344129999999997	-0.017811299999999995	-0.00038565	0.000203594	-0.000912797
0.07332795	0.1095711997	-0.0147323373	0.1083216557	-0.0496665356	-0.1274245403	0.0485654387	-0.0290082213	-0.0588823313	0.0717441615	0.0068114617	-0.011314500000000002	0.060283500000000004	-0.017777900000000003	-0.0009007819999999999	0.000549717	-0.000931381
0.11716348499999996	-0.0673268817	0.0455627357	0.1025647035	-0.0796237182	-0.0867890265	0.014682023600000003	-0.0297543755	-0.0577853059	0.0727728912	0.0036092188	-0.0146298	0.0404591	-0.00188446	-5.2545699999999994e-05	7.81564e-05	-0.000688571
0.055128425	0.0627450279	-0.055740098	0.0775770172	-0.0638923921	0.0124940265	0.0231693767	-0.0304975321	-0.0566649955	0.0737356442	0.000401159	-0.0142254	0.023938400000000002	0.00191827	-0.000302546	0.000262221	-0.000942518
0.04966898500000001	-0.0420680115	0.05831983950000001	0.1151104084	-0.0057349947	0.072792201	0.013353609	-0.0312376164	-0.0555218517	0.0746315476	-0.0028075473	-0.013089700000000004	0.0317286	-0.00199717	-1.1471000000000002e-06	0.000549717	-0.00079486
0.080979305	0.019205708	-0.0838087086	0.1053020977	0.0529825024	0.07010038889999999	0.0325315388	-0.0319745538	-0.0543563352	0.0754597894	-0.0060117288	-0.014296399999999999	0.0252975	-0.0115625	-0.000530971	8.95174e-05	-0.00108036
0.062367709999999986	0.0112678265	0.0619767333	0.0628688262	0.0065376224	-0.07389196070000001	0.0592120206	-0.03270827	-0.0531689154	0.0762196185	-0.0092062214	-0.014113100000000003	0.031803700000000004	0.00190893	-0.000436284	0.000549717	-0.000791111
0.0721648925	-0.0337807424	-0.0571903318	0.0364656988	-0.0891838599	-0.0679559124	0.0015366243	-0.0334386912	-0.051960071	0.07691034599999999	-0.0123858767	-0.0051915	0.031866700000000005	0.00187788	-0.00086536	4.47715e-06	-0.00107978
0.0648712125	0.0791127597	0.0309855487	0.0535377817	-0.0523883319	0.092507966	-0.0266249002	-0.0341657437	-0.0507302891	0.07753134589999999	-0.0155455703	-0.010735	0.0318568	0.015965	-0.00031831299999999997	0.000208805	-0.000926541
0.046169938	-0.0753247562	0.0045656834	0.0286369835	-0.0023712928	0.0063214709	0.0091640267	-0.0348893543	-0.0494800651	0.078082055	-0.0186802098	-0.00458036	0.031846	0.0006244719999999999	-0.0005337159999999999	7.20916e-05	-0.000785378
0.038004432000000005	0.054696543499999986	-0.0632753244	0.0322211704	-0.0515035796	0.0088623036	0.0336337347	-0.035609450099999995	-0.0482099028	0.0785619741	-0.0217847431	-0.00737005	0.031860900000000004	-0.0148369	-0.000533572	0.000250385	-0.00100171
0.056533779999999985	0.011413308	0.1003067045	0.0031374446000000003	-0.0314948217	-0.0312883405	0.0618206397	-0.0363259585	-0.0469203142	0.0789706681	-0.0248541669	-0.0126708	0.0208358	-0.00273127	-0.000323157	0.00024280799999999998	-0.0006576560000000001
0.07491701	-0.047475245	-0.0553404258	-0.013693412	-0.0804869162	-0.0542517573	0.0263216079	-0.037038807400000005	-0.0456118188	0.0793077664	-0.0278835343	-0.013201599999999999	0.0319038	-0.0172358	-0.0007147480000000001	6.11494e-05	-0.00106068
0.08382488	0.085077612	0.032737470299999995	-0.0191094541	-0.07765910200000001	0.0453909664	-0.0236555582	-0.037747925	-0.0442849438	0.0795729635	-0.030867963	-0.012227799999999999	0.0168108	0.0171076	-0.000541163	0.000549718	-0.00105454
0.099687025	-0.08423129720000001	0.005409768299999999	-0.0230503848	-0.0162898647	0.0741220801	-0.0497863397	-0.038453239900000005	-0.0429402241	0.0797660189	-0.0338026431	-0.006843000000000001	0.0319184	-0.00976048	-0.000804872	3.60581e-05	-0.000785378
0.04637109499999999	0.0646298218	-0.05551247	-0.0212251438	0.0161126854	0.0422789905	0.0177601476	-0.0391546809	-0.0415782013	0.0798867576	-0.0366828449	-0.012700500000000005	0.0213986	-0.016077399999999995	-0.000617557	6.19686e-05	-0.00104569
0.05969262	-0.031708816	0.06269743230000001	0.0019222382	0.0659516495	0.0245581117	-0.0074794961	-0.0398521774	-0.0401994245	0.07993507009999999	-0.0395039266	-0.008450399999999999	0.0219604	0.006466199999999999	-0.000353087	0.00018392900000000002	-0.000785378
0.07402247	-0.0038395765	-0.0915898235	-0.0057755439	0.034563118	0.0086690228	0.0347768977	-0.0405456591	-0.038804449	0.0799109126	-0.0422613414	-0.007822829999999998	0.0062865	-0.00801605	-0.000646085	-0.000139476	-0.00103375
0.04744719	0.0324483038	0.0829727449	-0.0143849277	0.003071706	-0.034605258300000004	0.069082024	-0.0412350562	-0.0373938371	0.0798143071	-0.0449506455	-0.008291329999999998	0.00519573	-0.00846357	-0.00041872400000000004	0.00029360000000000003	-0.0007853789999999999
0.0634174	-0.108034182	-0.0525826243	-0.008832175	-0.008233129300000001	-0.0632671452	0.040923489	-0.0419202993	-0.0359681572	0.079645341	-0.0475675045	-0.015289700000000003	0.00133107	-0.036285500000000005	-0.0005058230000000001	-1.61798e-05	-0.0008831489999999998
0.06292473	0.0830355086	-0.0139723156	-0.0417934452	-0.1130035397	-0.0758890582	0.0140059565	-0.0426013192	-0.0345279838	0.0794041677	-0.050107701	-0.00964642	0.00701113	-0.0109471	-0.0008091519999999999	0.00010798100000000001	-0.0007853789999999999
0.051756435	-0.0448358968	0.0783061432	-0.027517254900000003	-0.0838033101	0.0305435396	-0.1007680473	-0.0432780475	-0.0330738971	0.07909100570000001	-0.052567141100000006	-0.00417834	0.0143847	0.00684746	-0.000452798	4.19305e-05	-0.0007853789999999999
0.07622569499999997	0.0339622905	-0.0768956389	-0.0244698996	-0.0135963275	0.0364298914	-0.0132088991	-0.0439504158	-0.0316064831	0.0787061389	-0.0549418609	-0.010392100000000001	0.0144572	-0.0186638	-0.00101973	0.000144851	-0.00100409
0.04133748	0.0164425899	0.0626194131	-0.0204375085	0.026710066400000003	0.0523821115	-0.0272767172	-0.044618356500000005	-0.0301263332	0.0782499164	-0.0572280333	-0.011857500000000005	0.025513499999999998	-0.00518007	-0.000937655	0.00020337599999999999	-0.0008380489999999999
0.037723515	-0.0196251503	-0.0623597617	-0.022725614100000003	-0.0050867088	0.0433075801	0.0020405067000000003	-0.0452818024	-0.0286340436	0.0777227516	-0.0594219737	-0.0025469	0.014467099999999997	-0.00959731	-0.0008769139999999999	5.78015e-05	-0.0007853789999999999
0.047449145	0.0168197395	0.0599406903	-0.036974885	-0.008885334	0.045174693	0.0111479618	-0.0459406864	-0.0271302159	0.0771251226	-0.0615201462	-0.00284968	0.014383199999999999	0.00450568	-0.000368129	0.00020820599999999998	-0.0007853789999999999
0.06864657	-0.0468287553	-0.0620309701	-0.0273287213	-0.0185345761	0.0199387196	0.0141778209	-0.046594942400000006	-0.0256154559	0.07645757110000001	-0.0635191694	-0.00816269	0.0144186	-0.025444799999999997	-0.00060543	6.46444e-05	-0.00107147
0.05200297	0.08416615779999999	0.0777544438	-0.0364076299	-0.0290406615	-0.0281496682	0.0583766174	-0.0472445043	-0.024090374	0.0757207024	-0.06541582139999999	-0.00960895	0.0143767	0.00564218	-0.00045014	0.000147906	-0.000921465
0.08899948	-0.1145088859	-0.0295920487	-0.0243807366	0.0203605062	-0.1061132019	-0.0129159421	-0.0478893067	-0.0225555848	0.0749151845	-0.06720704549999999	-0.0161598	0.014488800000000001	-0.0285014	-0.00104899	-0.000157269	-0.000981299
0.04889835000000002	0.0986288081	-0.028727722	-0.0368230342	-0.0766213978	-0.005087047700000001	-0.0258585393	-0.0485292848	-0.0210117067	0.0740417477	-0.06888995490000001	-0.0165923	0.0144417	-0.0123406	-0.0007989889999999997	0.000145978	-0.00107321
0.0322055	-0.0678206669	0.0605717083	-0.009640737	0.0024495421	0.0921692266	-0.0845400635	-0.0491643739	-0.0194593619	0.07310118389999999	-0.07046183730000001	-0.014881799999999999	0.0171209	-0.00520825	-0.000690599	0.00012853	-0.0007853789999999999
0.08023240000000001	0.0575982117	-0.0672193586	0.0044020105	0.0344954744	0.05927592650000001	-0.0148969714	-0.0497945101	-0.0178991758	0.0720943458	-0.0719201593	-0.00526105	0.00552076	-0.0253542	-0.00104899	-2.2389200000000002e-05	-0.00105338
0.10094839	-0.0436798559	0.07553344599999999	-0.0009945613	0.024637226600000003	0.0751648308	-0.0360910436	-0.05041963	-0.0163317771	0.0710221462	-0.0732625707	-0.00558295	0.024465	0.00259464	-0.00037602	0.000111308	-0.0007853789999999999
0.06233900000000001	0.0275407835	-0.0920018825	0.0144792584	0.037997149300000005	0.0204809938	0.0293424577	-0.0510396705	-0.0147577975	0.0698855571	-0.0744869079	-0.00614676	0.0144195	-0.017734299999999998	-0.0006634189999999999	-0.00022930799999999998	-0.0007853789999999999
0.060840055	0.0071186109	0.0980289892	-0.0295856257	-0.0270353753	0.0195730902	0.0262015585	-0.0516545692	-0.0131778711	0.0686856091	-0.07559119780000001	-0.00572545	0.014336400000000001	-0.0223304	-8.099909999999998e-05	0.000163549	-0.000645865
0.089059345	-0.0590034062	-0.0737794098	-0.0245919895	-0.0177314648	0.0132358319	0.0286887683	-0.0522642642	-0.0115926346	0.06742339	-0.0765736605	-0.0167066	0.0143958	-0.0330115	-0.000628835	-0.00016821400000000005	-0.00111302
0.057777945	0.0829557969	0.0293860914	-0.0205644216	0.015065171	-0.0756525024	0.054630869500000005	-0.052868694	-0.0100027269	0.0661000441	-0.0774327128	-0.00798944	0.00459548	-0.017727200000000002	-0.00065634	9.76123e-05	-0.000926828
0.06784591499999999	-0.0861422387	0.0235845709	-0.0258130126	-0.0559374904	-0.080070008	-0.0406088567	-0.0534677978	-0.0084087885	0.0647167712	-0.07816697	-0.00662291	0.014488800000000001	-0.034541900000000014	-0.00104899	-0.000163716	-0.0007853789999999999
0.029824320000000005	0.04651883230000002	-0.0624760561	-0.0441371497	-0.053299277	0.0355930662	-0.0016651429000000002	-0.0540615151	-0.0068114617	0.0632748254	-0.0787752489	-0.00619649	0.0144638	-0.0281849	-0.0009463710000000002	0.000193983	-0.0007853789999999999
0.02967423	0.0075604266	0.0844551569	-0.0398098922	0.0188086517	0.06927975730000001	-0.0352147838	-0.0546497862	-0.0052113902	0.061775514	-0.079256569	-0.00687689	0.00267152	-0.0216445	-0.0008036929999999999	0.000123438	-0.0007853789999999999
0.042147245	-0.0483702066	-0.0635893391	-0.0471653447	0.0170354117	0.0684543235	-0.0259541134	-0.0552325519	-0.0036092188	0.0602201963	-0.0796101548	-0.00804732	-0.0012244	-0.044194699999999996	-0.000911603	-5.926590000000001e-05	-0.0007853789999999999
0.07242817500000001	0.0639062569	0.0351559884	-0.0210714297	0.032061388	0.0727909009	0.0273474601	-0.0558097533	-0.002005593	0.0586102822	-0.0798354362	-0.012743299999999999	-0.011489399999999999	-0.015054699999999999	-0.0005900090000000001	0.000185683	-0.00078538
0.0712701	-0.0580448863	-0.001787656	-0.021916139	0.0329444494	0.0181126419	-0.0067078059	-0.05638133240000001	-0.000401159	0.0569472315	-0.0799320503	-0.00678655	0.01436	-0.0353092	-0.000499772	-0.000108269	-0.00078538
0.04193307300000002	0.0508291919	-0.0278514828	-0.026929519300000003	0.00138255	-0.0006723442	0.0170399133	-0.0569472315	0.0012034366	0.0552325519	-0.0798998413	0.000196303	0.00441373	-0.0329384	-0.000657393	0.000117126	-0.0007157330000000001
0.046590707	-0.0699906953	0.0567454962	-0.0277829856	-0.002732696	-0.0342830311	-0.0213665176	-0.0575073938	0.0028075473	0.0534677978	-0.0797388611	0.00197379	0.0144507	-0.0168452	-0.0008717919999999999	0.00020674099999999998	-0.00078538
0.04040165	0.0360356547	-0.0745328542	-0.0276679679	-0.0178539877	-0.0462311433	0.0379842304	-0.0580617626	0.0044105266	0.0516545692	-0.0794493692	-0.00187776	0.0144299	-0.046140600000000004	-0.0007989889999999997	0.000134866	-0.00078538
0.035534495	0.0042330355	0.1175018719	-0.0344742467	-0.0336481658	-0.0988820782	-0.0122249417	-0.0586102822	0.0060117288	0.0497945101	-0.0790318321	-0.000268165	0.0144542	-0.016827	-0.000889476	0.00013361300000000004	-0.00078538
0.0334689115	-0.0564347626	-0.0723259491	-0.0376895588	-0.0533667642	-0.026566604700000003	-0.0365318625	-0.0591528974	0.007610508399999999	0.0478893067	-0.0784869228	-0.00329058	0.0144815	-0.033582	-0.00102059	-8.556929999999996e-06	-0.00078538
0.0692780016	0.0915987458	0.0406530458	-0.0243306447	0.0087776667	0.076909488	0.002604462	-0.0596895534	0.0092062214	0.0459406864	-0.0778155195	8.08551e-05	-0.00199912	-0.0121009	-0.0008558369999999999	0.00038558699999999995	-0.00078538
0.0489930251	-0.1089077768	0.009203254	-0.0113545398	-0.0058418936	0.0816081934	-0.0713182488	-0.0602201963	0.0107982247	0.0439504158	-0.0770187042	-0.00033580000000000003	0.014491200000000001	-0.0211252	-0.00105054	0.000119055	-0.00078538
0.04629842999999999	0.0569574579	-0.0623992775	-0.011887731499999998	-0.0076005091	0.0476702127	-0.0089298908	-0.0607447724	0.0123858767	0.0419202993	-0.0760977612	-0.00360988	0.0109852	-0.0433171	-0.00103001	-0.000125248	-0.000703684
0.07513448	-0.0376019312	0.0896912958	-0.0028679135	0.0039525540000000005	0.047404691500000005	-0.055107719400000005	-0.0612632291	0.0139685379	0.0398521774	-0.0750541746	-0.00568465	0.0144304	-0.0127765	-0.000592775	-5.26758e-05	-0.000432013
0.052192330000000016	-0.0286276061	-0.0935292824	-0.021454374	0.0501714518	-0.024626312	0.0087833923	-0.061775514	0.0155455703	0.037747925	-0.07388962639999999	-0.00317558	0.014493299999999999	-0.02112	-0.00109682	-0.000101184	-0.000704997
0.052503790000000015	0.0777992116	0.0446873025	-0.0111785069	0.0562107882	-0.043585787800000005	0.0812185647	-0.062281575599999986	0.0171163386	0.035609450099999995	-0.0726059935	-0.00646971	-0.00320731	-0.0152204	-0.00103254	0.000157187	-0.000894535
0.08336040000000003	-0.0637342631	-0.0296331298	0.0029359461	0.0444251848	-0.0560640717	0.0132937061	-0.0627813628	0.0186802098	0.0334386912	-0.0712053446	-0.0165624	0.0144607	-0.0362595	-0.00105053	-0.000212904	-0.000591404
0.09183119	0.0804973253	-0.0245118232	0.0120212491	0.0393433781	-0.06896430690000001	0.0546118173	-0.0632748254	0.0202365536	0.0312376164	-0.06968993700000001	-0.00925826	-0.010701	-0.0235042	-0.00109171	0.000401373	-0.000868148
0.051622997000000004	-0.0754494294	0.0612821238	0.0049715535	0.0266069293	-0.0495837129	-0.047100515	-0.0637619136	0.0217847431	0.0290082213	-0.0680622132	-0.0105766	0.000483582	-0.0234394	-0.0007024080000000001	5.7865500000000004e-05	-0.0008198519999999999
0.06173275700000001	0.0203144579	-0.0799116022	-0.0043350909000000005	-0.0375105537	0.0086503898	-0.0012127243	-0.0642425783	0.0233241543	0.026752527	-0.0663247964	-0.0101137	-0.00891285	-0.038688099999999996	-0.00118869	-0.000169332	-0.0008388669999999998
0.073037878	0.0121911458	0.0962453182	0.0015141891	0.031726807999999995	0.0440036638	-0.0371563577	-0.0647167712	0.0248541669	0.0244725786	-0.0644804868	-0.000967412	-0.013307900000000001	-0.031834100000000004	-0.0004898459999999999	9.18318e-05	-0.0007460239999999998
0.05981948799999999	-0.0536766014	-0.0649108368	-0.0173652754	-0.0201738758	0.0247421181	-0.0439644034	-0.0651844444	0.0263741644	0.0221704431	-0.0625322567	-0.008254219999999998	-0.00473637	-0.0298152	-0.0011779000000000002	-5.11112e-05	-0.0007538719999999999
0.07800689999999999	0.0737452868	0.0436739809	0.0029476717	0.0041594151	0.0364660996	0.0075491557	-0.06564555080000001	0.0278835343	0.0198482077	-0.060483246	-0.00502432	-0.00370372	0.00157684	-0.0007491539999999999	0.000269928	-0.000851133
0.049294725	-0.0885175417	0.0043540813	0.0053490199	0.0255311009	-0.0481207744	-0.038547113	-0.0661000441	0.0293816684	0.0175079777	-0.058336757	-0.005790999999999999	-0.00447535	-0.029274599999999998	-0.000745248	4.38855e-05	-0.000742982
0.051719928	0.0585491256	-0.0641101843	-0.0018139753	-0.0077117523	-0.0064329198	0.0437502884	-0.0665478783	0.030867963	0.0151518747	-0.0560962492	0.000714353	-0.0188693	-0.0403293	-0.000796315	0.00017057699999999996	-0.0009605420000000002
0.067301357	-0.0006888272999999999	0.0868648723	0.0045317963	-0.0075837916	-0.0584712733	0.0077125239	-0.0669890084	0.0323418192	0.0127820349	-0.0537653335	0.00193706	-0.015143700000000001	-0.0119932	-0.000605205	0.00044836	-0.0007490960000000001
0.090989944	-0.0535943361	-0.0580154176	-0.0175042448	-0.0542573503	-0.0660913055	-0.0267661862	-0.06742339	0.0338026431	0.0104006067	-0.0513477665	-0.0007799439999999998	-0.00543966	-0.038126	-0.0012495300000000006	0.00054972	-0.000446059
0.082075856	0.0954170643	0.0071051519	0.0162818327	0.031268167400000005	0.0837772798	0.0111577744	-0.0678509792	0.0352498461	0.0080097493	-0.0488474444	-0.00657116	-0.0186569	-0.011059000000000001	-0.000826615	0.00054972	-0.0007431519999999999
0.065304474	-0.0760268634	0.042212531	0.0126125455	0.0351907489	0.0457992463	-0.0608954982	-0.068271733	0.0366828449	0.0056116301	-0.046268397	-0.0008665619999999998	0.000546576	-0.0110556	-0.0005211980000000001	0.00034437	-0.000446059
0.05128126600000001	0.0260821822	-0.0978364964	0.0295735671	0.0176942123	0.0536947903	0.0509689216	-0.0686856091	0.0381010623	0.0032084234000000003	-0.0436147809	0.000307308	-0.00335382	-0.0331912	-0.000534877	0.00019088900000000002	-0.000760327
0.060567887	0.054899617000000005	0.0568305413	0.065532703	0.0569209679	-0.00495053	0.066395946	-0.0690925657	0.0395039266	0.0008023078999999999	-0.0408908726	0.000384015	-0.00983022	0.00119338	-0.00024275799999999998	0.000264316	-0.0007332689999999999
0.08782195500000001	-0.0744754389	-0.0081970689	0.0310144305	0.0084712699	-0.0783213238	0.0269181702	-0.06949256179999999	0.0408908726	-0.001604535	-0.0381010623	-0.00032162	0.00322087	-0.04728	-0.000526021	0.000140591	-0.00062842
0.041389638000000006	0.0522319357	-0.0229686367	0.0341474028	-0.0403708464	-0.1281140462	0.0317851031	-0.0698855571	0.0422613414	-0.0040099232	-0.0352498461	0.000559838	0.0092297	-0.030724200000000007	-0.000794678	0.000133107	-0.00071115
0.05091354200000001	-0.0452365074	0.0795516439	0.0249564419	-0.0836367079	-0.018791834	-0.1135558174	-0.0702715121	0.0436147809	-0.006411676	-0.0323418192	0.00695638	0.0120572	-0.022184	-0.000545317	0.000281641	-0.000446059
0.05767946	-0.0143740185	-0.0880426659	0.0201940483	-0.0109262056	0.0669337688	-0.009297093	-0.0706503878	0.0449506455	-0.0088076158	-0.0293816684	0.00042898	0.008303899999999998	-0.0400564	-0.000660847	9.48838e-05	-0.0007342989999999999
0.060094487	0.0981632859	0.0428051267	0.0317613469	0.0619752985	0.07321281240000001	0.035336047	-0.0710221462	0.046268397	-0.0111955706	-0.0263741644	-0.0012937	-0.00038209699999999997	-0.0128583	-0.0008906710000000002	0.000307098	-0.0007420149999999997
0.069515017	-0.0882213772	0.0156566441	0.0414458506	0.0711129033	0.024286066	-0.0283927055	-0.0713867496	0.0475675045	-0.0135733754	-0.0233241543	0.00324627	0.0145246	-0.0349541	-0.0009602969999999999	0.000113229	-0.000446059
0.06589438499999999	0.0363457662	-0.092596844	0.0186926331	0.0097823307	-0.0112292988	0.026059673	-0.0717441615	0.0488474444	-0.0159388744	-0.0202365536	0.00217245	0.0089004	-0.057190099999999994	-0.00138989	9.43257e-05	-0.00073677
0.080319085	0.037534706	0.0664650682	0.0290131829	0.0583350542	-0.0297750414	0.0496653308	-0.0720943458	0.050107701	-0.0182899231	-0.0171163386	0.00130468	0.014460200000000001	-0.0325404	-0.000641983	0.00024077200000000002	-0.000646287
0.044708564000000006	-0.0588744731	-0.031860334	0.0246097231	0.0122806705	-0.0949249384	0.0236398725	-0.0724372672	0.0513477665	-0.0206243899	-0.0139685379	0.000721976	0.00765984	-0.050752	-0.000946526	0.000177838	-0.000661088
0.03730287400000002	0.0708440978	-0.035643904	0.0360535362	0.0370009576	-0.0779360503	0.0641020425	-0.0727728912	0.052567141100000006	-0.0229401584	-0.0107982247	0.00128434	-0.00374247	-0.0379431	-0.000943849	0.00026463400000000003	-0.000822201
0.045468838	-0.01114992	0.065441627	0.020651687	0.024216874	-0.0436022767	-0.0441381038	-0.07310118389999999	0.0537653335	-0.0252351292	-0.007610508399999999	-0.0006939180000000001	-0.019322	-0.033192400000000004	-0.000899963	0.000549721	-0.0006879669999999999
0.079776942	-0.0353694025	-0.0722215639	0.0164200298	0.0492411638	0.0502057118	-0.0155120481	-0.0734221124	0.0549418609	-0.0275072215	-0.0044105266	-0.00983074	-0.027243	-0.055014999999999994	-0.000664511	-1.05754e-05	-0.000710149
0.029000430000000008	0.08660004240000001	0.0088278614	0.0339806312	0.0626980671	0.061274887	0.0379613956	-0.0737356442	0.0560962492	-0.0297543755	-0.0012034366	-0.007829529999999998	-0.0305377	-0.0391732	-0.000655408	0.000119109	-0.0007286159999999999
0.036248913	-0.0556146188	0.025080466800000003	0.026201216800000003	0.0421267162	-0.0331242275	0.0025615581	-0.0740417477	0.0572280333	-0.0319745538	0.002005593	-0.0005864069999999999	-0.0219801	-0.0475696	-0.000706256	5.54032e-05	-0.000602134
0.034065912999999996	0.0372621976	-0.0652490948	0.0033387843	0.002701495	-0.0574511416	0.042390447699999986	-0.0743403923	0.058336757	-0.0341657437	0.0052113902	-0.00769837	-0.0233608	-0.0617288	-0.000726147	8.15812e-05	-0.0007843460000000001
0.06305023700000001	0.0015594211	0.08476360390000001	-0.0001953668	-0.0251985131	-0.0997769005	-0.0006577171000000001	-0.0746315476	0.0594219737	-0.0363259585	0.0084087885	-0.00021171299999999998	-0.008559209999999998	-0.038074800000000006	-0.0009294689999999999	0.000144121	-0.0007080480000000001
0.049081900000000005	-0.0513659012	-0.06199786230000001	-0.0219434139	-0.0883543394	-0.0189011376	-0.0624155472	-0.0749151845	0.060483246	-0.038453239900000005	0.0115926346	0.00259272	0.0007395569999999997	-0.051326699999999996	-0.00120164	0.00010544200000000001	-0.000544362
0.040762557000000005	0.08419403789999999	0.0127793759	-0.0016359738	-0.0062989001	0.0871366795	0.0223043644	-0.07519127440000001	0.0615201462	-0.0405456591	0.0147577975	0.00486445	-0.00194602	-0.043012800000000004	-0.00100602	0.00026111099999999996	-0.0007428999999999999
0.0767540865	-0.08792524410000001	0.0418604446	0.0154769038	0.018238669	0.06665471419999999	-0.1013906744	-0.0754597894	0.0625322567	-0.0426013192	0.0178991758	0.007246319999999999	0.014463399999999996	-0.0293765	-0.000671576	5.8650699999999996e-06	-0.00044606
0.0852319635	0.0195151381	-0.0786069248	0.0091913896	-0.007928726	0.022162469	0.0394585091	-0.0757207024	0.0635191694	-0.044618356500000005	0.0210117067	0.00102244	-0.00813373	-0.046469199999999995	-0.0007142139999999999	-0.00035477699999999997	-0.000829145
0.06733855	0.0460773359	0.07907482889999999	0.0080330962	0.0037815254	-0.0080116626	0.045016325	-0.0759739873	0.0644804868	-0.046594942400000006	0.024090374	0.00585903	-0.0124554	-0.0316122	-0.00028752599999999997	5.42118e-05	-0.0007983559999999997
0.06220659999999999	-0.0904384002	-0.0478157665	0.0125355277	-0.0129520186	-0.0422298171	-0.024073319300000003	-0.0762196185	0.06541582139999999	-0.0485292848	0.0271302159	-0.0025696	-0.00698939	-0.0605025	-0.000550044	0.00011159200000000001	-0.0008668909999999997
0.05115837	0.0846764418	-0.0175142716	-0.002861123	-0.0271637721	-0.0437323471	0.07566565410000001	-0.07645757110000001	0.0663247964	-0.05041963	0.0301263332	0.00617611	-0.0199348	-0.0491426	-0.0007527369999999999	0.00018408099999999997	-0.000779926
0.04003264	-0.0647807374	0.0791946676	0.0197420377	-0.0192707474	-0.0647802708	-0.0544553647	-0.0766878214	0.06720704549999999	-0.0522642642	0.0330738971	0.0124424	-0.0200394	-0.0286698	-0.000703827	0.000125065	-0.000624073
0.063310305	0.0002788331	-0.0716150443	-0.0282034815	-0.1029898159	-0.0243450952	-0.0028244432	-0.07691034599999999	0.0680622132	-0.0540615151	0.0359681572	0.00447288	-0.010904100000000002	-0.0541558	-0.000739837	6.90773e-05	-0.000946465
0.056742275	0.0481596463	0.08949112070000001	0.0044360923	-0.0188169639	0.0304249655	-0.0020398305	-0.0771251226	0.06888995490000001	-0.0558097533	0.038804449	0.0103815	-0.012279700000000001	-0.0152053	-0.000703755	8.116339999999997e-05	-0.0007844819999999998
0.06536387999999999	-0.07665460360000001	-0.0339089567	-0.0091565421	-0.068078525	0.0501254374	-0.0791546298	-0.0773321295	0.06968993700000001	-0.0575073938	0.0415782013	0.00714885	0.0012928	-0.0528482	-0.0007264889999999998	-5.32832e-05	-0.000723346
0.030325735	0.0724274469	-0.0210170868	0.0014025103	0.0183073913	0.0858219018	0.0222337784	-0.07753134589999999	0.07046183730000001	-0.0591528974	0.0442849438	0.0106645	-0.00698801	-0.04430630000000002	-0.0006549269999999999	5.09513e-05	-0.000699395
0.060772805	-0.0437786959	0.067132843	0.0204273443	-0.0036466936	0.0379397092	-0.0676720996	-0.0777227516	0.0712053446	-0.0607447724	0.0469203142	-0.00141971	0.00441058	-0.0358698	-0.00043414800000000003	-5.2004799999999994e-05	-0.00044606
0.060955656	0.0033331548	-0.0924408332	0.00602592	0.0075052866	0.0335641137	0.0418378518	-0.0779063275	0.0719201593	-0.062281575599999986	0.0494800651	0.00308071	0.000676799	-0.054209600000000004	-0.0008099769999999999	-2.8048699999999998e-05	-0.000733908
0.05204546399999999	0.059534777699999986	0.078319193	-0.0051612551000000005	0.029437259	-0.0522167229	0.0823776695	-0.078082055	0.0726059935	-0.0637619136	0.051960071	-0.00139662	-0.014061700000000002	-0.05192530000000002	-0.000918183	0.00041185099999999997	-0.000671107
0.0711932	-0.0877136176	-0.0220031654	0.0023147581	1.03649e-05	-0.0731833827	-0.0428365293	-0.0782499164	0.0732625707	-0.0651844444	0.0543563352	0.00106792	-0.00281214	-0.07986659999999997	-0.000841748	0.00012257700000000002	-0.00044606
0.07042207999999997	0.0737321993	-0.0287145162	-0.0185630258	-0.0382336104	-0.0516980659	0.0569901057	-0.0784098948	0.07388962639999999	-0.0665478783	0.0566649955	-0.00194385	-0.011807999999999999	-0.059685	-0.00133527	0.000102574	-0.000697192
0.04261371	-0.0332890327	0.0481679074	-0.0008367787	0.0264945204	0.0267131331	-0.06775245740000001	-0.0785619741	0.0744869079	-0.0678509792	0.0588823313	0.00480041	-0.0125256	-0.053406600000000005	-0.0012412	0.000334841	-0.00044606
0.06274139500000002	0.032394607	-0.0463995917	-0.0011625442	0.0218095211	0.0905118577	0.008073296800000001	-0.0787061389	0.0750541746	-0.0690925657	0.061004769	0.00743994	-0.0160566	-0.06327630000000001	-0.0008384459999999999	-6.7392999999999975e-06	-0.000635749
0.054213225	-0.0304938131	0.07378970259999999	0.0142964369	0.0314436092	0.0130432872	-0.0524878044	-0.0788423748	0.07559119780000001	-0.0702715121	0.0630288878	0.0116521	-0.0166982	-0.0389867	-0.0007148580000000001	0.000181381	-0.00044606
0.044580464999999986	-0.015643995600000002	-0.0815156767	-0.0217368888	-0.0252332059	0.0029180546000000004	0.0354657071	-0.0789706681	0.0760977612	-0.0713867496	0.06495142570000001	0.010069400000000001	-0.0203248	-0.0639459	-0.000759103	7.436670000000001e-05	-0.00058304
0.040606074999999985	0.0348665835	0.07877535969999999	-0.0237175363	0.016623617099999998	-0.0494864703	0.052212621	-0.07909100570000001	0.0765736605	-0.0724372672	0.0667692842	0.00531179	-0.016627799999999998	-0.0669168	-0.0005896030000000001	0.00035149800000000016	-0.00044606
0.07187101000000001	-0.0435673607	-0.0408907211	-0.0306887904	-0.0792819448	-0.0730689913	-0.0276726784	-0.0792033756	0.0770187042	-0.0734221124	0.0684795334	0.0132779	-0.0113289	-0.0813616	-0.00139048	0.000433845	-0.00044606
0.07056620000000001	0.0601486697	0.0589356581	-0.0308306211	-0.009496314	0.0394401466	0.0373518453	-0.0793077664	0.0774327128	-0.0743403923	0.0700794171	0.011771700000000001	-0.023867199999999998	-0.0601826	-0.0007995039999999999	0.000549723	-0.00044606
0.06509039999999999	-0.0579783926	-0.007719184	-0.0223480488	-0.0027546311	0.0760675213	-0.0902375686	-0.0794041677	0.0778155195	-0.07519127440000001	0.0715663568	0.0047028	-0.0157909	-0.08681489999999999	-0.000693402	0.000267949	-0.000367678
0.06414439999999999	0.0449171662	0.0058489919	-0.0121216806	0.0191702161	0.1313443243	0.05733403	-0.0794925697	0.07816697	-0.0759739873	0.072937956	0.0128222	-0.0198702	-0.0601043	-0.000572164	0.000322232	-0.000696859
0.04118469	-0.0694210125	0.0232448206	0.0362615179	0.0423236285	0.0123467815	-0.048400342	-0.0795729635	0.0784869228	-0.0766878214	0.0741920043	0.011447100000000002	-0.00657936	-0.0579154	-0.000589184	0.000103454	-0.00044606
0.04027478	0.031581488	-0.070262107	0.0068103979	0.0226766552	0.0116503547	0.0773441388	-0.079645341	0.0787752489	-0.0773321295	0.0753264804	0.018222299999999997	-0.008650339999999998	-0.0742404	-0.000862316	0.000132394	-0.00044606
0.03750792	0.0226744552	0.0774888366	-0.005497815200000001	0.0327153145	-0.051384527400000005	0.0559834845	-0.079709695	0.0790318321	-0.0779063275	0.0763395561	0.0182893	-0.00294927	-0.0693502	-0.000692507	0.000379355	-0.000325837
0.04551005599999999	-0.0744828655	-0.0272415563	-0.0286637821	-0.0386437321	-0.1139092935	-0.0017054176	-0.0797660189	0.079256569	-0.0784098948	0.0772295986	0.018239	0.000921686	-0.084967	-0.000860662	0.000148293	-0.00044606
0.052690565999999994	0.0741867039	-0.0351150023	-0.012363217	-0.019977631000000003	-0.06821051139999999	0.0391494973	-0.0798143071	0.0794493692	-0.0788423748	0.07799517339999999	0.0182301	-0.00302293	-0.06128690000000001	-0.00133527	0.000121762	-0.00044606
0.04237772	-0.0369133662	0.0716666832	-0.0098866442	-0.0019931633	-0.0480159014	-0.0700384866	-0.0798545546	0.0796101548	-0.0792033756	0.0786350467	0.00614891	-0.00394751	-0.061198	-0.0008241339999999999	0.000196287	-0.00044606
0.033142825	-0.0225829391	-0.0820439926	-0.0299176899	-0.0567885346	0.0240782343	-0.0341377713	-0.0798867576	0.0797388611	-0.0794925697	0.0791481873	0.00505055	-0.0184268	-0.06115319999999999	-0.00078815	4.24705e-05	-0.000606667
0.051745085	0.0676727532	0.0335978345	-0.007064984200000002	0.0321071111	0.0955782241	0.035348679	-0.0799109126	0.0798354362	-0.079709695	0.0795337681	0.00852516	-0.0310879	-0.0445667	-0.000890645	0.000147915	-0.0007791849999999997
0.05221125999999999	-0.0688565605	0.0086652078	-0.0069648995	-0.018117795	0.0290351656	-0.0979351132	-0.0799270173	0.0798998413	-0.0798545546	0.0797911678	0.00975312	-0.0212257	-0.0664775	-0.000673173	0.00011023100000000001	-0.000650135
0.03286256	0.0403616996	-0.0546918262	-0.0081999825	0.0123362612	0.0491277726	0.0417725838	-0.07993507009999999	0.0799320503	-0.0799270173	0.0799199714	0.00796546	-0.027476499999999997	-0.054060500000000004	-0.000877333	0.000130614	-0.0006737339999999999
