0.0	-0.011459157	0.0068371098	-0.067062073	-0.0146542183	0.0027201972	-0.0593751367	0.07993507009999999	0.0799320503	0.0799270173	0.0799199714	0.0251183	-0.12199700000000001	-0.008523559999999998	-0.000673558	0.000448475	0.000213282
0.31123777399999997	-0.0242633784	-0.0076145068	0.0120711893	-0.0044122687	0.0459958651	-0.0151946246	0.0799270173	0.0798998413	0.0798545546	0.0797911678	-0.000115219	0.037538300000000004	0.0597562	-0.00119184	-0.0	1.62551e-05
0.040094050000000006	-0.0087959631	-0.0033262038	0.0467290523	0.0200049145	0.058073681	-0.0294014255	0.0799109126	0.0798354362	0.079709695	0.0795337681	-0.000115219	0.0429649	0.065488	-0.000613127	-0.0	1.62551e-05
0.24901416899999998	0.0214099397	0.0098560409	-0.0059819302	-0.0173096268	-0.0643584289	0.0185588136	0.0798867576	0.0797388611	0.0794925697	0.0791481873	0.032137900000000004	-0.055299400000000005	0.07809189999999999	0.00150473	-4.32081e-25	1.62551e-05
0.325600275	0.018756873700000003	-0.0222834861	-0.0367974285	-0.0156171049	-0.0272832221	0.0342916738	0.0798545546	0.0796101548	0.0792033756	0.0786350467	0.027211700000000002	-0.061144900000000016	0.00273219	-0.00309581	-5.08694e-05	0.000154223
0.338533205	-0.0232415441	-0.011541465	0.0375646524	0.0237574708	0.0563467765	-0.0344213271	0.0798143071	0.0794493692	0.0788423748	0.07799517339999999	0.0121361	0.0767753	0.05617819999999999	-0.0008846739999999998	-0.00024660400000000004	-8.073429999999997e-05
0.192110915	0.0214797162	0.0182049845	0.0303416147	-0.0396352253	-0.0314748321	0.0215595323	0.0797660189	0.079256569	0.0784098948	0.0772295986	0.0314756	0.046972	0.104485	0.0008122389999999998	-0.000221986	9.0961e-05
0.5514234499999999	-0.0138975206	0.0416972275	-0.08645621960000001	-0.024897626800000003	-0.0090095563	-0.0268690014	0.079709695	0.0790318321	0.0779063275	0.0763395561	0.0364111	-0.169095	-0.100642	-0.0007983939999999999	0.000374924	0.000389297
0.464564375	-0.0361445573	-0.0209135942	-0.0041935226	-0.0068086443000000005	0.0465670144	-0.0439123471	0.079645341	0.0787752489	0.0773321295	0.0753264804	0.021362	0.0576355	0.0394801	-0.00159205	-8.473120000000001e-05	-1.06453e-05
0.041421825	-0.0183591971	0.0068248247	0.0542151399	0.0240490376	0.0667030076	-0.0249496178	0.0795729635	0.0784869228	0.0766878214	0.0741920043	0.013591899999999999	0.0512023	0.040504000000000005	-0.00148436	-0.000255326	-0.000256253
0.437236915	0.0535113974	-0.0111811294	0.0039322858	-0.013393996000000002	-0.0666811671	0.0202883502	0.0794925697	0.07816697	0.0759739873	0.072937956	0.0602989	-0.038732199999999994	0.16964200000000002	0.00142231	2.17428e-05	-1.0843499999999999e-05
0.757732805	0.057326104	-0.0327433558	-0.07766144	-0.06484510519999999	0.001711955	0.0512650391	0.0794041677	0.0778155195	0.07519127440000001	0.0715663568	0.0356273	-0.188826	-0.09689420000000004	-0.00446239	-9.49888e-05	-0.000338036
0.57307796	-0.0302144996	-0.0307239277	0.0220795223	0.0303027164	0.0475990862	-0.020218172	0.0793077664	0.0774327128	0.0743403923	0.0700794171	0.0157082	0.0474175	0.0633842	-0.00155659	-0.000321927	-0.00033803699999999996
0.07806860000000003	0.0086599911	0.0191919142	0.0563088555	-0.0217526401	0.0101591119	0.0330828928	0.0792033756	0.0770187042	0.0734221124	0.0684795334	0.0235011	0.04473030000000002	0.03899369999999999	-0.000823052	-0.000452349	-0.00033803699999999996
0.373833325	0.0002293778	0.0387466988	-0.0556706943	0.0295648776	-0.0689009093	-0.019762703	0.07909100570000001	0.0765736605	0.0724372672	0.0667692842	0.040750699999999994	-0.145021	-0.029323400000000006	-7.55695e-05	0.000274985	0.000157453
0.430195485	-0.0023901852	-0.0039434926	-0.0135233536	-0.0233298969	-0.0332835458	0.0402104402	0.0789706681	0.0760977612	0.0713867496	0.06495142570000001	0.0244256	0.00302341	0.0449426	-0.00265962	-0.000452349	-0.00036236199999999997
0.12645258999999998	-0.0305344123	-0.0292938836	0.0437794997	0.0342406629	0.06494427679999999	-0.0296857964	0.0788423748	0.07559119780000001	0.0702715121	0.0630288878	0.020677599999999997	0.0365905	0.0417798	-0.00100274	-0.000452349	-0.000299748
0.13273505	0.0070501725	0.0450275377	0.0579965948	-0.0565352578	0.0057513597	0.0324830307	0.0787061389	0.0750541746	0.0690925657	0.061004769	0.0289409	0.034852600000000004	0.07452180000000001	0.00024713	-0.000452349	0.00025021900000000004
0.478366875	-0.0388208146	0.1070065487	-0.0842966133	0.0378727374	-0.0493064899	-0.0313492913	0.0785619741	0.0744869079	0.0678509792	0.0588823313	0.0515158	-0.161645	-0.12155	-0.000544719	-2.93165e-05	0.000200649
0.4887784000000001	-0.0480449217	-0.0382601318	-0.0278260031	-0.0201244758	0.0300081561	-0.0408259937	0.0784098948	0.07388962639999999	0.0665478783	0.0566649955	0.0101577	0.021011500000000002	0.0285717	-0.00213305	-0.000452349	-8.08295e-05
0.17170143	-0.0333842779	0.0053585804	0.0582079958	0.0611641881	0.1062125912	-0.0259614083	0.0782499164	0.0732625707	0.0651844444	0.0543563352	-0.00151958	-0.014465299999999999	-0.0168702	-0.0007878189999999999	-0.00021547099999999998	-8.08295e-05
0.463967805	0.0983164034	-0.0224519309	0.0331369517	-0.0130816384	-0.082145121	0.08521254519999999	0.078082055	0.0726059935	0.0637619136	0.051960071	0.0565673	-0.048720099999999995	0.156973	0.00239754	-0.000259603	0.0006453380000000001
0.65559462	0.0403568764	-0.055129567699999986	-0.0548846118	-0.0335390543	-0.007813367600000001	0.04755382650000002	0.0779063275	0.0719201593	0.062281575599999986	0.0494800651	0.0321424	-0.134802	-0.0479191	-0.00365452	-9.39616e-05	5.9125e-05
0.46188287	-0.0194286801	-0.0170626266	0.0285992371	0.0138974026	0.0303023827	0.0237770592	0.0777227516	0.0712053446	0.0607447724	0.0469203142	0.0153702	0.0720097	0.0512759	-0.00131988	-0.00035690300000000005	-0.000125373
0.0507654	-0.0191211819	-0.0072427325	0.0545734347	0.0311172981	0.0518695159	-0.0128179102	0.07753134589999999	0.07046183730000001	0.0591528974	0.0442849438	0.0168483	0.0539886	0.0435186	-0.0010342	-0.00035690300000000005	5.9125e-05
0.2686693	0.031000169700000007	-0.0050924779	0.0220686675	-0.0211972377	-0.0598054428	0.0379473918	0.0773321295	0.06968993700000001	0.0575073938	0.0415782013	0.0392264	-0.0238792	0.11009000000000001	0.0007788149999999998	-0.000265579	0.00019182599999999998
0.46076495	0.014982357	-0.0035560564000000007	-0.07780178139999999	-0.0314536569	-0.0080459376	0.0011511501	0.0771251226	0.06888995490000001	0.0558097533	0.038804449	0.027779	-0.153345	-0.05911230000000001	-0.00173612	0.000168942	0.00012829300000000005
0.400513195	-0.0403104682	-0.0161946434	0.0109179807	0.0045666621	0.0561099882	-0.0420840929	0.07691034599999999	0.0680622132	0.0540615151	0.0359681572	0.013783900000000005	0.05674630000000001	0.0596869	-0.00121049	-0.00035690300000000005	2.7216100000000002e-05
0.04381173	-0.0113655836	-0.0015020378	0.0562254076	0.0180381825	0.0436997579	-0.0055339289	0.0766878214	0.06720704549999999	0.0522642642	0.0330738971	0.016868200000000003	0.0401657	0.052585800000000016	-0.0009448939999999999	-0.00035690300000000005	-4.81025e-05
0.328813225	0.0270249286	0.0197531825	-0.024750899	0.0053270859	-0.0875148399	0.0004159593	0.07645757110000001	0.0663247964	0.05041963	0.0301263332	0.0360031	-0.140734	0.0574097	0.00104388	-0.00022223400000000005	0.000307549
0.35968185	0.0298057298	-0.0239304875	-0.0474148848	-0.006321091899999999	-0.0401614194	0.0418802906	0.0762196185	0.06541582139999999	0.0485292848	0.0271302159	0.0095994	-0.112005	-0.040761	-0.00303828	-0.00020045799999999998	0.00033118199999999996
0.43578326	-0.0304941139	-0.016658663	0.0250798565	0.0103235268	0.0545826821	-0.033140903900000004	0.0759739873	0.0644804868	0.046594942400000006	0.024090374	0.00712179	0.06361840000000002	0.08513859999999998	-0.000865585	-0.00022851900000000005	-0.000103715
0.07814576499999999	0.0050015831	0.0104973621	0.0500376438	-0.0130563303	-0.0026979964	0.0096068834	0.0757207024	0.0635191694	0.044618356500000005	0.0210117067	0.022859099999999997	0.0561923	0.0930549	-8.87719e-05	-0.000226236	5.851e-05
0.364711105	0.000374375	0.0366126985	-0.0462986146	-0.0099831197	-0.0556446422	-0.0182737171	0.0754597894	0.0625322567	0.0426013192	0.0178991758	0.031714099999999995	-0.146213	-0.00322181	0.000441973	4.6066e-05	0.000398945
0.35199536000000003	-0.0012095614	-0.0160416805	-0.0186382977	0.0104049745	-0.0266249846	0.0195328339	0.07519127440000001	0.0615201462	0.0405456591	0.0147577975	0.0147827	-0.021872700000000002	0.05397819999999999	-0.00227299	0.000152035	0.000149404
0.21587227	-0.0197107618	-0.0129498112	0.0429417247	0.0236851466	0.0447619139	-0.0159470577	0.0749151845	0.060483246	0.038453239900000005	0.0115926346	0.00850068	0.0634952	0.08208269999999998	-0.00081415	-0.00023814	7.6062e-05
0.30026549350000004	0.0313703871	0.008031285899999999	-0.0045499437	-0.00493213	-0.0754781366	0.0077562583	0.0746315476	0.0594219737	0.0363259585	0.0084087885	0.0315459	-0.07855289999999998	0.11152999999999999	0.0010610900000000002	1.1174700000000001e-06	7.6062e-05
0.4360093765	0.0222172258	-0.005805380600000001	-0.0553650227	-0.0213764478	-0.012263429	0.0134187096	0.0743403923	0.058336757	0.0341657437	0.0052113902	0.025323500000000002	-0.15045899999999998	-0.0488815	-0.00233064	0.00012494	0.0005098969999999999
0.4436403	-0.0347397219	-0.0210928433	0.0212904743	0.0227213528	0.0537833942	-0.0535309783	0.0740417477	0.0572280333	0.0319745538	0.002005593	0.0170899	0.052942899999999994	0.0667539	-0.0007949689999999998	-0.000232942	7.6062e-05
0.14507425	0.0137342489	0.0277988295	0.0494967001	-0.0361081248	-0.0130503844	0.011053733	0.0737356442	0.0560962492	0.0297543755	-0.0012034366	0.03691780000000002	0.0360286	0.0993696	0.00044559900000000003	-0.00041004800000000004	0.000172715
0.52928425	-0.0111130162	0.06612438650000001	-0.0822144722	0.0120304965	-0.0381179541	-0.0130693424	0.0734221124	0.0549418609	0.0275072215	-0.0044105266	0.039548599999999996	-0.167828	-0.101393	-0.0005051130000000001	0.0007312989999999999	0.000521341
0.4774456	-0.0368851856	-0.018958838	-0.0136276953	0.0028861131	0.0102157053	-0.0297375387	0.07310118389999999	0.0537653335	0.0252351292	-0.007610508399999999	0.0113534	0.003636	0.040616900000000004	-0.00195111	-0.000101342	8.444899999999999e-05
0.12592383	-0.0139835253	0.0059287639	0.0573804544	0.0117995673	0.0435677577	-0.0204416172	0.0727728912	0.052567141100000006	0.0229401584	-0.0107982247	0.013827200000000001	0.0489039	0.0512456	-0.00103206	-0.00041004800000000004	-3.88636e-05
0.40817664	0.0334657592	0.0462683225	-0.0414571236	0.034374399300000004	-0.0761450986	-0.0034760140000000004	0.0724372672	0.0513477665	0.0206243899	-0.0139685379	0.0366133	-0.151268	-0.0015984599999999995	0.000835435	-0.000140854	0.000471939
0.4343425825000001	-0.005937208	-0.0296072821	-0.0094537661	0.0332147389	-0.045893794800000005	0.0473617871	0.0720943458	0.050107701	0.0182899231	-0.0171163386	0.00311624	-0.0322726	0.0440957	-0.00325879	1.77792e-05	1.67795e-06
0.3273324315	-0.0131251547	-0.0052509681	0.059014786	0.0092672138	0.0378014294	-0.012986523400000002	0.0717441615	0.0488474444	0.0159388744	-0.0202365536	-0.000327584	0.07337	0.06687560000000001	-0.000261168	-0.00041004800000000004	-0.000482195
0.384541814	0.0204699838	0.0352148812	-0.0295094275	0.0190671469	-0.080346767	0.0017906943	0.0713867496	0.0475675045	0.0135733754	-0.0233241543	0.0215172	-0.150996	0.053364800000000004	0.00152078	-0.00025142599999999996	7.36396e-05
0.37178263	0.0107848244	-0.0234620097	-0.0132305403	0.0028107368	-0.037674514	0.0563756718	0.0710221462	0.046268397	0.0111955706	-0.0263741644	0.012142600000000005	-0.0523513	0.0265985	-0.00298566	-0.000208556	-0.000116991
0.19959285100000002	-0.0386790824	-0.0223871044	0.0218598731	0.0692998209	0.1059502103	0.0214650006	0.0706503878	0.0449506455	0.0088076158	-0.0293816684	-0.000578951	-0.00431611	-0.027347500000000004	-0.0015845	-0.00041004800000000004	-2.18408e-05
0.205054111	-0.0058284112	0.0120852196	0.0718500835	0.0328458271	0.0438255217	0.049930227300000005	0.0702715121	0.0436147809	0.006411676	-0.0323418192	0.019205299999999998	-0.00993844	0.0465273	0.000525234	-0.00041004800000000004	-1.61202e-05
0.32555290000000003	0.039127556800000005	0.0420871581	-0.0360415099	0.0573729379	-0.0700294195	-0.0124473426	0.0698855571	0.0422613414	0.0040099232	-0.0352498461	0.0404652	-0.0938357	-0.007052199999999998	0.00250654	-0.00144297	-0.000338217
0.5674312629999999	-0.0212208555	-0.0182464579	-0.0204645226	-0.0110825542	-0.0455830609	0.015038801200000004	0.06949256179999999	0.0408908726	0.001604535	-0.0381010623	0.00447444	-0.0648958	0.000880303	-0.005564100000000001	0.000270193	-0.000445776
0.204676637	-0.0399739382	-0.0142219595	0.0669805802	0.056793409800000014	0.0488307426	-0.0081512437	0.0690925657	0.0395039266	-0.0008023078999999999	-0.0408908726	-0.0112938	-0.0814545	0.0259974	-0.0028187	0.000285905	-0.000262236
0.3528881	0.1165314449	-0.0138253595	0.0043718511	0.0218524832	-0.06888632230000001	-0.0146216006	0.0686856091	0.0381010623	-0.0032084234000000003	-0.0436147809	0.0277307	-0.127354	0.07077460000000001	0.000997716	-0.000275591	-0.00034806199999999995
0.5678633000000001	0.08179839400000001	-0.0663579493	-0.055706291100000006	-0.0102110899	-0.037716296	0.1108269057	0.068271733	0.0366828449	-0.0056116301	-0.046268397	0.027648400000000004	-0.172905	-0.11091	-0.00518354	0.000175224	-0.000526899
0.40504405	-0.0149529696	-0.0227923078	0.0291893956	0.0101972995	-0.0090661557	0.0450206245	0.0678509792	0.0352498461	-0.0080097493	-0.0488474444	0.00527505	-0.0352086	0.0364458	-0.00323117	0.000175224	-0.000526899
0.05855954999999996	-0.0060468974	-0.0101070338	0.044865743	-0.0023759954	-0.0027401221000000003	-0.0107808727	0.06742339	0.0338026431	-0.0104006067	-0.0513477665	0.0137755	-0.0287343	0.0315495	-0.0024574	0.000175224	-0.000526899
0.08663460000000002	-0.0037639409	0.0100384587	0.0394613281	-0.0334841447	-0.0126988657	-0.0024716022	0.0669890084	0.0323418192	-0.0127820349	-0.0537653335	0.020134299999999997	-0.0291555	0.0448384	-0.00155016	0.000175224	-0.000102825
0.31497258	0.0119038751	0.0380769955	-0.0570972567	0.007676348	-0.0673674715	-0.012405928	0.0665478783	0.030867963	-0.0151518747	-0.0560962492	0.0311286	-0.14879	-0.0603692	-0.000288053	0.000364576	2.84396e-05
0.3902910800000001	-0.0033387776	-0.0184755774	-0.0228679164	-0.0043032316	-0.0387610482	0.0190302794	0.0661000441	0.0293816684	-0.0175079777	-0.058336757	0.00565482	-0.0662983	0.00539592	-0.00418661	0.000175224	-0.00021486099999999997
0.19861205500000007	-0.0344126266	-0.036015108500000004	0.0472626475	0.0519682949	0.0439714863	0.006081367900000001	0.06564555080000001	0.0278835343	-0.0198482077	-0.060483246	0.00162484	-0.012018899999999999	0.0441674	-0.00232456	0.000175224	-4.62871e-05
0.240510435	0.0127507012	0.0324710561	0.0563820414	-0.0718188031	-0.0022697833	-0.0144316084	0.0651844444	0.0263741644	-0.0221704431	-0.0625322567	0.027647199999999997	-0.015505700000000002	0.113301	-9.66699e-05	-1.59553e-05	0.000371997
0.46355197	-0.0229372323	0.075611703	-0.1128896453	-0.0296098248	0.0290591318	-0.0307781483	0.0647167712	0.0248541669	-0.0244725786	-0.0644804868	0.037452	-0.16988	-0.0977192	-0.00118181	0.000406458	0.000112497
0.3927362150000001	-0.0473975846	-0.0303425456	-0.016218620700000002	-0.0055548749	0.0210561119	-0.0683973958	0.0642425783	0.0233241543	-0.026752527	-0.0663247964	0.00340774	-0.0165824	0.022344299999999997	-0.00269352	0.00047077400000000003	-1.80941e-05
0.08272508899999999	-0.0334705993	-0.0005087543	0.0640148959	0.0291887217	0.06892713	-0.005958412099999999	0.0637619136	0.0217847431	-0.0290082213	-0.0680622132	0.0046849	-0.00630653	0.0389774	-0.00224257	8.52492e-06	0.000159486
0.437548921	0.0963300417	-0.0329818568	0.0253082446	0.023131201	-0.0655726752	-0.0103234814	0.0632748254	0.0202365536	-0.0312376164	-0.06968993700000001	0.048596600000000004	-0.08357039999999999	0.140345	0.00118501	-0.00068643	-1.80941e-05
0.752481295	0.0809081205	-0.044077469400000006	-0.0882921429	-0.0786335425	0.0213308056	0.06536321469999999	0.0627813628	0.0186802098	-0.0334386912	-0.0712053446	0.0280347	-0.18598499999999998	-0.1466	-0.00413881	0.000387864	-0.00047117599999999996
0.44906411	-0.0536826027	-0.0554448118	0.0364449	0.07241369660000001	0.0468211208	0.0018299935	0.062281575599999986	0.0171163386	-0.035609450099999995	-0.0726059935	-0.00327306	-0.023428599999999997	0.0319957	-0.00294734	0.00019852099999999998	-0.00031990400000000003
0.30353446	0.0273874141	0.051776797400000005	0.0627559502	-0.111778346	-0.0164231492	-0.0107522881	0.061775514	0.0155455703	-0.037747925	-0.07388962639999999	0.0296586	-0.0022006	0.0928237	-0.000391715	-0.000150915	0.000545971
0.5214977000000001	-0.0253075505	0.0694470222	-0.1187806831	-0.0289466204	0.0684746548	-0.0477999019	0.0612632291	0.0139685379	-0.0398521774	-0.0750541746	0.0374849	-0.194424	-0.11914300000000001	-0.00128001	0.00038842099999999996	-0.00021602400000000002
0.44361938100000003	-0.0382694706	-0.0448102603	-0.011494105	-0.0071969176	0.0106682567	-0.0249361799	0.0607447724	0.0123858767	-0.0419202993	-0.0760977612	-0.000891781	-0.0187471	0.0124042	-0.00295995	0.000573413	-0.000311464
0.12067596899999998	-0.0369282614	-0.0105773251	0.0627796004	0.0233565122	0.0426751242	-0.0288282058	0.0602201963	0.0107982247	-0.0439504158	-0.0770187042	-0.0202769	-0.0124536	0.0503431	-0.00230413	0.000241737	-0.000157791
0.265849475	0.0381790398	0.0157707479	0.0446941339	-0.0748080096	-0.034773917	0.010952521399999998	0.0596895534	0.0092062214	-0.0459406864	-0.0778155195	0.017264599999999998	-0.0350173	0.098811	0.000120033	6.39965e-05	0.00038583300000000003
0.5427728049999999	-0.0009581998	0.0563107456	-0.1217701834	-0.0604563975	0.0972918031	-0.0132853639	0.0591528974	0.007610508399999999	-0.0478893067	-0.0784869228	0.029405900000000002	-0.1969	-0.150196	-0.00113143	0.000756829	-6.47076e-05
0.4627289000000001	-0.0595644696	-0.0320128042	-0.0236996005	0.0045180245	0.0247597064	-0.0975096035	0.0586102822	0.0060117288	-0.0497945101	-0.0790318321	0.012627600000000001	-0.030933799999999997	0.00206243	-0.00307102	0.000383926	-0.000306734
0.10182143	-0.0194650429	-0.0041603344	0.04725528650000002	-0.029382184	0.0252130531	-0.019316664	0.0580617626	0.0044105266	-0.0516545692	-0.0794493692	-0.00800171	-0.0149958	0.0557284	-0.002982	0.000259756	-0.000325307
0.18386441	-0.0153959938	0.0071291278	0.0626759225	-0.0106279043	0.0061356155	-0.0028990201	0.0575073938	0.0028075473	-0.0534677978	-0.0797388611	0.015125999999999999	-0.0125373	0.084415	-0.00103292	-0.000176081	-0.000118392
0.38097195	-0.0005002073999999999	0.106811754	-0.0783753004	0.0081975489	-0.0357098397	0.0113378317	0.0569472315	0.0012034366	-0.0552325519	-0.0798998413	0.0388295	-0.13816099999999998	-0.0866375	-0.00040878	0.00021015200000000002	-0.000319864
0.406742315	-0.0648429388	-0.0444967147	-0.0286643342	0.035182206800000004	-0.0249368049	-0.05660074480000001	0.05638133240000001	-0.000401159	-0.0569472315	-0.0799320503	-0.00288235	-0.08999069999999999	0.0175085	-0.00403964	-2.589530000000001e-05	-0.00070724
0.226663665	-0.0194458094	0.011997003700000002	0.0752775599	-0.0593748164	0.0375372619	-0.0045081262	0.0558097533	-0.002005593	-0.0586102822	-0.0798354362	-0.0310033	-0.0603908	0.0493889	-0.00176737	0.000382338	-0.000646495
0.32909755	0.013394406	0.0485448833	-0.048755086	0.072683293	-0.08969496589999999	-0.0034734356	0.0552325519	-0.0036092188	-0.0602201963	-0.0796101548	0.0224928	-0.137402	-0.08293359999999997	-0.0007138489999999999	0.000310816	-0.000446183
0.24784059	0.0314019409	-0.0043141802	-0.0487868321	-0.0376217016	-0.0595044453	0.0527162489	0.0546497862	-0.0052113902	-0.061775514	-0.079256569	-0.00019019	-0.161079	-0.07766310000000001	-0.00436743	0.00047402800000000004	-0.000553592
0.32650711000000004	-0.0493135995	-0.0654761251	0.0270333207	0.0593632896	0.030611875	-0.000973554	0.0540615151	-0.0068114617	-0.0632748254	-0.0787752489	-0.024772400000000003	-0.055544100000000006	0.0372093	-0.00301023	0.00054033	-0.000346742
0.3056532335	0.0100561652	0.0660467632	0.08968239060000001	-0.1201073129	-0.0047600068	0.0003989666	0.0534677978	-0.0084087885	-0.0647167712	-0.07816697	0.00399975	-0.026212700000000002	0.118093	-0.00037997199999999996	0.00018532599999999998	1.31567e-06
0.35312198399999994	-0.0368456861	0.1613308173	-0.0776802409	0.0659730011	0.0024386209	0.0341069743	0.052868694	-0.0100027269	-0.0661000441	-0.0774327128	0.013394999999999999	-0.13656400000000002	-0.08385219999999999	-0.000284857	0.000708394	-9.106010000000001e-06
0.3278779695	-0.0688816524	-0.033899447	-0.0609858476	-0.0167834956	-0.022970032	-0.08813720300000001	0.0522642642	-0.0115926346	-0.06742339	-0.0765736605	0.00382893	-0.0975262	-0.026724599999999998	-0.00414551	0.000382561	-0.00026555
0.243056695	-0.0480493892	-0.016681460800000002	0.06497006030000001	0.0486595067	0.0688612055	-0.0037683177	0.0516545692	-0.0131778711	-0.0686856091	-0.07559119780000001	-0.029044999999999998	-0.043169699999999984	0.00347586	-0.00184181	0.000420936	-9.51089e-05
0.3165934	0.0954298563	-0.0127362624	0.0369462985	-0.0663669587	-0.0311294965	-0.0324429585	0.0510396705	-0.0147577975	-0.0698855571	-0.0744869079	0.012980200000000002	-0.0523259	0.11893599999999999	3.2225300000000005e-05	-0.000327192	0.000281765
0.735567595	0.0575795341	-0.0351774575	-0.1149412758	-0.08567415839999999	0.1066500589	-0.0141214431	0.05041963	-0.0163317771	-0.0710221462	-0.0732625707	0.00375892	-0.24344200000000002	-0.179953	-0.0033133000000000004	0.000477786	-0.00029455599999999996
0.44437113	-0.032490359	-0.0585804014	-0.002237344	-0.0030144840000000004	0.0260943433	0.0094970336	0.0497945101	-0.0178991758	-0.0720943458	-0.0719201593	-0.00530716	-0.0473016	0.0316048	-0.00372554	0.000558648	-0.000353591
0.14958390499999996	-0.0389278323	-0.0041092545	0.0689738928	0.046107831200000005	0.0590527615	0.0144035728	0.0491643739	-0.0194593619	-0.07310118389999999	-0.07046183730000001	-0.0261835	-0.0389299	0.0185733	-0.00198078	0.000422489	-8.842269999999997e-05
0.360857765	0.1377653925	-0.046131218	0.0103325393	0.0302180773	-0.0538170121	-0.0512303074	0.0485292848	-0.0210117067	-0.0740417477	-0.06888995490000001	0.0263211	-0.0771126	0.11521300000000001	0.00039338400000000004	-0.000349896	-0.00041248900000000004
0.7793121499999999	0.1021463776	-0.0750450122	-0.0813758645	-0.0665551878	0.0237569809	0.0853507693	0.0478893067	-0.0225555848	-0.0749151845	-0.06720704549999999	-0.00859815	-0.22064299999999998	-0.173565	-0.00430069	0.00111733	-0.000492879
0.51403581	-0.0373639716	-0.0666331714	0.0266040852	0.0409163574	0.0159228841	0.0675092778	0.0472445043	-0.024090374	-0.0757207024	-0.06541582139999999	0.00160501	-0.049886900000000005	0.0368616	-0.00292341	0.00043574300000000015	-9.874700000000001e-05
0.232481845	-0.0140978798	0.044890095	0.08828346460000001	-0.048632553	0.025062224700000003	0.0052110788	0.046594942400000006	-0.0256154559	-0.07645757110000001	-0.0635191694	0.039862699999999994	-0.04259419999999999	0.0475298	-0.000180347	3.86899e-05	0.000286402
0.311256305	-0.0023973753	0.13034870710000002	-0.05211665730000002	0.0641444127	-0.0987970793	0.0341512813	0.0459406864	-0.0271302159	-0.0771251226	-0.0615201462	0.0142344	-0.110481	-0.10397200000000001	-0.0007698079999999998	0.000189544	-0.00029807099999999996
0.32630796	0.0042334083	-0.0312700687	-0.0477766497	0.0166519449	-0.0663489815	0.014481078	0.0452818024	-0.0286340436	-0.0777227516	-0.0594219737	0.00111759	-0.160338	-0.044695099999999995	-0.00448644	0.0005540569999999999	-0.00029807099999999996
0.36266609	-0.0332616523	-0.0384437164	0.0325087346	-0.0042572187	0.0471054816	0.048663757300000006	0.044618356500000005	-0.0301263332	-0.0782499164	-0.0572280333	-0.014454900000000001	-0.018097	0.050006300000000004	-0.00254189	0.000381202	-0.00038369
0.1657805	-0.0316723948	-0.0087545299	0.0523987934	0.08577400240000001	0.0830355887	-0.0200879493	0.0439504158	-0.0316064831	-0.0787061389	-0.0549418609	-0.010604899999999999	-0.032202499999999995	0.018893200000000002	-0.0009263120000000002	0.000189544	0.000143312
0.329168315	0.13824356640000002	-0.0311809025	0.0303539529	0.033345090200000004	-0.1111777082	0.0032863373	0.0432780475	-0.0330738971	-0.07909100570000001	-0.052567141100000006	0.0269858	-0.0924575	0.116874	0.000819849	-1.23173e-05	-0.000575502
0.614792215	0.0628993133	-0.052403276	-0.08800834460000001	-0.0417269659	0.0050141294	0.0387073482	0.0426013192	-0.0345279838	-0.0794041677	-0.050107701	0.0066133	-0.170579	-0.12701199999999999	-0.00283981	0.00137925	-0.00017848400000000002
0.35922275000000004	-0.0512590997	-0.0399653909	0.0100074429	-0.0044337439	0.05655546650000001	-0.0285557966	0.0419202993	-0.0359681572	-0.079645341	-0.0475675045	-0.025318200000000003	-0.0191447	0.026542400000000004	-0.00288806	0.00115673	-0.000353765
0.16797693	-0.0225192856	-0.0046354083	0.0690301627	0.0187484488	0.0641513426	0.0124233951	0.0412350562	-0.0373938371	-0.0798143071	-0.0449506455	-0.0319642	-0.00950091	0.00652091	-0.000371555	0.00114268	-0.00025100700000000003
0.17553145	0.0576291487	0.08467361960000001	-0.0132965447	0.0885116935	-0.1119626777	-0.0395078442	0.0405456591	-0.038804449	-0.0799109126	-0.0422613414	0.027791399999999997	-0.0830961	-0.0130131	-0.000537585	0.000906754	-0.00020003
0.40289128	0.0388934149	-0.0590448816	-0.0642478045	0.0079198207	-0.0766831724	0.0553901688	0.0398521774	-0.0401994245	-0.07993507009999999	-0.0395039266	-0.00454153	-0.16668	-0.09432019999999999	-0.00420449	0.0008642199999999999	-0.000603938
0.39749831	-0.0382513103	-0.0174256801	0.0313530188	-0.0140100817	0.0288599778	0.0233640323	0.0391546809	-0.0415782013	-0.0798867576	-0.0366828449	-0.0202415	-0.00947553	0.049988199999999997	-0.00318072	0.000915648	-7.34266e-05
0.12751455	-0.0250067627	-0.0453376923	0.0566872236	0.0612837729	0.0592081123	0.0186798619	0.038453239900000005	-0.0429402241	-0.0797660189	-0.0338026431	-0.014617700000000003	-0.0022515	0.05395030000000002	-0.00153881	0.000398901	-0.00012886200000000001
0.30536392500000004	-0.0071868837	0.060174639	0.0807703792	-0.0708596884	0.0191119009	-0.0093013107	0.037747925	-0.0442849438	-0.0795729635	-0.030867963	0.0251241	-0.060057799999999995	0.100899	0.000626735	-0.000484767	3.92675e-05
0.345352025	-0.0286232392	0.0904292741	-0.0953294411	-0.013490063899999998	-0.0545751458	-0.016334023200000002	0.037038807400000005	-0.0456118188	-0.0793077664	-0.0278835343	0.036511699999999994	-0.10280299999999999	-0.056415599999999996	-0.0009015410000000001	0.00038518300000000004	-0.000240599
0.28690711	-0.001592931	-0.0135652625	-0.0276007774	0.0023400829	-0.0572703212	0.0136455777	0.0363259585	-0.0469203142	-0.0789706681	-0.0248541669	-0.00223406	-0.13639600000000002	-0.025508000000000003	-0.00406596	0.0005442369999999999	-0.000590341
0.363331355	-0.0317875586	-0.0638028861	0.035901037000000004	0.0257555178	0.0283528118	0.0403761463	0.035609450099999995	-0.0482099028	-0.0785619741	-0.0217847431	-0.0263208	-0.00376054	0.052399	-0.00220523	8.53729e-05	-0.00033589199999999996
0.23830549	-0.0015154339	0.0512249001	0.0793823417	-0.08545653660000001	0.0049449189	-0.0399979519	0.0348893543	-0.0494800651	-0.078082055	-0.0186802098	0.00175653	-0.011315799999999999	0.0992413	0.00023762299999999998	-0.000157135	9.535910000000004e-05
0.46432601	-0.0314848307	0.0815851492	-0.1158683492	-0.036462499	-0.0036515493	0.0017764967	0.0341657437	-0.0507302891	-0.07753134589999999	-0.0155455703	0.014290899999999999	-0.16181799999999996	-0.0770783	-0.00117498	0.000913411	7.91113e-05
0.34543676500000003	-0.046771548	-0.021333926	-0.0120263657	0.0115505138	-0.0193063119	-0.042943300000000004	0.0334386912	-0.051960071	-0.07691034599999999	-0.0123858767	-0.0180452	-0.09888789999999999	0.0205235	-0.00350874	0.0006359	-0.00036099300000000015
0.18568875	-0.041160227	-0.0438394926	0.0329836933	0.0033933368	0.0846667936	0.055403665	0.03270827	-0.0531689154	-0.0762196185	-0.0092062214	-0.0271128	-0.037579	0.0298553	-0.00176952	0.00034535800000000004	-0.000271146
0.13511271000000002	-0.0140932709	0.016914638500000002	0.07017433049999999	0.0768231259	0.0615839001	0.0200787585	0.0319745538	-0.0543563352	-0.0754597894	-0.0060117288	-0.009254890000000005	-0.011567299999999999	0.0204078	-0.000259044	0.000394478	-0.00019483
0.23250959	0.0658356935	0.006155046999999999	-0.0179230499	0.059462244	-0.1540656332	-0.0095673609	0.0312376164	-0.0555218517	-0.0746315476	-0.0028075473	0.033840300000000004	-0.0952433	0.087464	0.000124099	0.00017014	-0.00036099300000000015
0.55056627	0.058072475	-0.0310928292	-0.0570316088	-0.016459727099999998	-0.0681360863	0.0789611329	0.0304975321	-0.0566649955	-0.0737356442	0.000401159	0.00321528	-0.186596	-0.12229400000000006	-0.00377875	0.000643902	-0.00036099300000000015
0.43257603	-0.067064304	-0.0634486802	0.0046561219	0.0159388966	0.0692746467	0.014488987	0.0297543755	-0.0577853059	-0.0727728912	0.0036092188	-0.024988999999999997	-0.0256577	0.0320882	-0.00216835	0.000473277	-0.00036099300000000015
0.21485876	0.0042619624	0.0409694414	0.1095750271	0.0130876818	0.0027468561	0.0808810437	0.0290082213	-0.0588823313	-0.0717441615	0.0068114617	-0.00472909	-0.016843	0.0498696	0.0006996719999999999	0.000154683	-0.00018755400000000001
0.285148745	0.0487032396	0.1540800948	-0.0230740776	0.1188573349	-0.0808871947	-0.047586214800000005	0.0282591448	-0.059955629800000014	-0.0706503878	0.0100027269	0.0625341	0.0176743	-0.0284228	-0.00100861	-8.0491e-05	-2.94929e-05
0.26644959999999995	-0.1139294671	-0.014210186	-0.0605782281	-0.0915652268	0.0280507816	-0.2287804094	0.0275072215	-0.061004769	-0.06949256179999999	0.0131778711	-0.00545076	-0.09157219999999999	-0.00315795	-0.00169812	5.66237e-05	-0.000481936
0.102559655	-0.0284671543	-0.0182015552	0.068106081	-0.0082259222	0.0101072871	-0.031595872000000004	0.026752527	-0.0620293259	-0.068271733	0.0163317771	-0.0125869	-0.052852300000000005	0.0343858	-0.00159183	0.000283118	-0.000431523
0.25688461999999995	0.1229687689	-0.0223789986	-0.016900603	-0.0221607671	0.0143329283	-0.08834883550000001	0.0259951375	-0.0630288878	-0.0669890084	0.0194593619	0.0401862	-0.00504004	0.06744750000000001	5.2073199999999995e-05	0.0007752589999999999	-0.00010281600000000004
0.6282075199999999	0.0863179993	-0.0585422786	-0.098452615	-0.0486565443	0.1053815623	-0.0060705685	0.0252351292	-0.06400305190000001	-0.06564555080000001	0.0225555848	0.0157557	-0.203749	-0.173414	-0.00288407	0.0008000699999999997	-0.00042599300000000016
0.4138803	-0.0436125634	-0.0396140393	-0.0244064102	-0.0194530915	0.0041151278	0.0222454076	0.0244725786	-0.06495142570000001	-0.0642425783	0.0256154559	-0.0246174	-0.09226820000000001	-0.0279607	-0.00474658	0.00120718	-0.000364151
0.25016289999999997	-0.0315993898	-0.0555837599	0.0603622701	0.0682409962	0.0321884193	0.0690727336	0.0237075627	-0.065873627	-0.0627813628	0.0286340436	-0.0386333	-0.0634069	0.0043181	-0.00176216	0.000701195	-0.000373884
0.282646175	0.054493611100000006	0.0475058199	0.0641649681	-0.096427001	-0.039815284	-0.0222062884	0.0229401584	-0.0667692842	-0.0612632291	0.0316064831	0.00662661	-0.0443855	0.0790608	-0.00017645	9.45317e-05	0.000306186
0.41986261	0.0213641736	0.039603176600000005	-0.1081334313	-0.0691146323	0.1026475996	0.031124122	0.0221704431	-0.0676380363	-0.0596895534	0.0345279838	0.0165476	-0.187921	-0.131991	-1.92729e-05	0.000451845	-0.00028641
0.431292055	-0.0880576809	-0.042421355	-0.0268265486	0.004475130900000001	0.0406408132	-0.0937192801	0.0213984944	-0.0684795334	-0.0580617626	0.0373938371	-0.023619	-0.108774	-0.063206	-0.00437362	0.000529107	-0.00071867
0.28605614	-0.016451938500000002	-0.0556813785	0.0714821615	0.0299456241	0.046980531	0.0568106002	0.0206243899	-0.0692934363	-0.05638133240000001	0.0401994245	-0.037273	-0.06665639999999999	0.00890839	-0.00146823	0.000378233	-0.000611531
0.214883625	-0.0016100685	0.0771952684	0.0885743592	-0.053529923	-0.0091625523	-0.0250573619	0.0198482077	-0.0700794171	-0.0546497862	0.0429402241	-0.0110008	-0.08634689999999999	0.0815363	1.97873e-05	0.000196417	-0.00035550400000000003
0.23121659	-0.0153318643	0.1623865513	-0.0710044563	0.0205435119	-0.0433473125	0.0687541693	0.019070026	-0.07083715900000001	-0.052868694	0.0456118188	0.0182892	-0.0986055	-0.061380999999999984	-0.000650195	3.00335e-05	-0.000454152
0.290937225	-0.0710288295	-0.0175757054	-0.0745951445	0.0281419926	-0.0809318154	-0.1099347532	0.0182899231	-0.0715663568	-0.0510396705	0.0482099028	-0.0182761	-0.188201	-0.07785069999999998	-0.00323064	-0.00019903	-0.0006107780000000001
0.15601435	-0.024425394	-0.0389249791	0.0286434973	-0.0556953919	-0.016219666	0.0800098103	0.0175079777	-0.07226671650000001	-0.0491643739	0.0507302891	-0.054251	-0.150093	-0.09662960000000001	-0.00341504	0.00068028	-0.000810119
0.184666	-0.0372806653	-0.0069838291	0.04937953690000002	0.0809239348	0.0059723013	0.0064781588	0.016724268400000002	-0.072937956	-0.0472445043	0.0531689154	-0.032119999999999996	-0.186131	-0.06338869999999999	-0.00186387	0.0005823569999999999	-0.00059409
0.4441769915	0.1564581421	-0.043385615700000005	0.0184340873	-0.025447846	-0.08607046730000001	0.0425816534	0.0159388744	-0.07357980480000001	-0.0452818024	0.0555218517	0.0396175	-0.00262588	-0.0407664	-3.3659699999999996e-06	-0.000262401	2.68894e-05
0.5389435914999999	0.064610971	-0.0450748818	-0.1044078713	-0.0364459488	0.0632569842	0.0215095433	0.0151518747	-0.0741920043	-0.0432780475	0.0577853059	0.011493000000000001	-0.202969	-0.14554	-0.00266644	0.0006257169999999999	-0.000535966
0.37275312	-0.0378169988	-0.0534596251	-0.0073307996	-0.0274182812	0.0025926959	0.0260967179	0.0143633485	-0.0747743077	-0.0412350562	0.059955629800000014	-0.0286866	-0.102461	0.00360587	-0.00383566	0.000905787	-0.000326863
0.14755412999999998	-0.0380181325	-0.0190579339	0.0663087228	0.0459592461	0.0357077739	0.0047936713	0.0135733754	-0.0753264804	-0.0391546809	0.0620293259	-0.0370251	-0.104307	0.0167806	-0.00187282	0.00041148199999999996	-0.00030011
0.20606302500000004	0.0723639075	-0.0256176575	0.026436609500000003	-0.0072495738	-0.1273453415	0.0560344583	0.0127820349	-0.07584830000000001	-0.037038807400000005	0.06400305190000001	0.012681399999999999	-0.10728	0.056845800000000016	7.23175e-05	0.000146425	-0.000356282
0.313927055	0.0342641357	0.0127649844	-0.086727594	-0.0168932919	-0.0115498829	0.0269512655	0.0119894067	-0.0763395561	-0.0348893543	0.065873627	0.00987342	-0.11804100000000001	-0.130936	-0.0008288439999999999	0.00117256	-3.2053e-05
0.41151467	-0.0569876812	-0.0477640109	-0.0215114275	-0.0204463414	0.0136350373	-0.06049152150000001	0.0111955706	-0.0768000508	-0.03270827	0.0676380363	-0.0254541	-0.0592258	0.0111141	-0.00384242	0.000975525	-0.000327879
0.1684781	-0.0329345266	-0.0048039599	0.0654755705	0.0299834986	0.048164575300000005	0.0238525545	0.0104006067	-0.0772295986	-0.0304975321	0.0692934363	-0.0157328	-0.0473389	0.0118431	-0.00133539	0.0006571789999999999	-0.000230437
0.2797808	0.12820571779999998	0.0311834883	0.036527092	0.1453095966	-0.085531685	-0.0743384379	0.0096045951	-0.0776280263	-0.0282591448	0.07083715900000001	0.013343200000000001	0.0238567	0.0640714	-0.000184852	-0.000303547	-0.0006647910000000001
0.54235421	0.054152360700000006	0.0211297801	-0.0767722599	-0.0139808225	0.0092042141	0.0541232227	0.0088076158	-0.07799517339999999	-0.0259951375	0.07226671650000001	-0.00348301	-0.14177200000000004	-0.175475	-0.00107147	0.0009916730000000002	-0.000439571
0.38057624	-0.08651436970000001	-0.0588209067	-0.0349159273	0.006901688	-0.0112290432	-0.1029997068	0.0080097493	-0.078330892	-0.0237075627	0.07357980480000001	-0.0157129	-0.08034110000000001	-0.030801599999999995	-0.00383918	0.00079958	-0.000154533
0.439412877	0.0030192618	0.0662155151	0.099411147	-0.1354004534	-0.0066932954	-0.0460767079	0.0072110759	-0.0786350467	-0.0213984944	0.0747743077	-0.00260265	-0.000991043	0.0833345	-0.000493955	-9.745540000000001e-05	0.000259536
0.347954672	-0.021901902	0.1882071974	-0.0467960603	0.092159193	-0.0523436271	0.07218569	0.006411676	-0.07890751509999999	-0.019070026	0.07584830000000001	0.0171379	-0.098503	-0.08052310000000001	-2.1345100000000007e-05	0.000180914	-0.00032637599999999997
0.32793227500000005	-0.0671334782	-0.0306015439	-0.0720207348	-0.0023973998	-0.06130807200000001	-0.0467235364	0.0056116301	-0.0791481873	-0.016724268400000002	0.0768000508	0.00203852	-0.15363800000000002	-0.0503241	-0.00403427	0.000674087	-0.000282496
0.31343212	-0.0414563273	-0.05938623110000001	0.050516751	0.0367724129	0.019801369	0.0178388429	0.004811019000000001	-0.07935696639999999	-0.0143633485	0.0776280263	-0.0395835	-0.0713673	0.011912899999999999	-0.00192634	0.000236513	-0.00028195200000000003
0.24198965	0.0049437649	0.0837492502	0.1012134994	-0.1247265394	-0.0043605377	-0.0875613239	0.0040099232	-0.0795337681	-0.0119894067	0.078330892	0.0026634000000000002	-0.040857	0.090875	-0.000987747	-0.00022248599999999998	0.00012586299999999998
0.2673705	-0.0125742041	0.2153670087	-0.0350160613	0.0212283675	0.0156842961	0.0935063386	0.0032084234000000003	-0.0796785214	-0.0096045951	0.07890751509999999	0.028535599999999998	-0.0925669	-0.0388985	-0.0007357660000000001	0.000460381	-0.00013958700000000002
0.33706038200000005	-0.07082042820000001	-0.0602787632	-0.0932726678	0.0544855616	-0.0755026977	-0.06034671780000001	0.0024066004	-0.0797911678	-0.0072110759	0.07935696639999999	0.0008059179999999998	-0.182344	-0.0926955	-0.00368877	0.000299992	-0.000341326
0.274385518	-0.0372845828	-0.0100405995	0.0524119547	-0.0538522456	0.0288958411	0.023933868	0.001604535	-0.0798716619	-0.004811019000000001	0.0796785214	-0.014571100000000003	-0.10620299999999999	0.0167394	-0.0025127	0.00020914900000000005	-0.00013958700000000002
0.067761785	-0.0244860258	-0.0415565733	0.0654907908	0.0658441964	-0.0062178024	0.0009257082	0.0008023078999999999	-0.0799199714	-0.0024066004	0.0798716619	-0.0118648	-0.0989389	0.0329134	-0.00210837	1.7590899999999998e-05	9.68726e-05
0.240006905	0.0711463792	0.0341010624	0.024179213	-0.1187248276	-0.0369267832	-0.0396075355	0.0	-0.0799360767	-0.0	0.0799360767	0.013444999999999999	0.00191304	0.0439382	-0.000973245	-0.0005777169999999999	0.00042284699999999996
0.49040309	0.0339578775	0.0147176991	-0.1063979791	-0.0525617925	0.1368708715	0.0009018151	-0.0008023078999999999	-0.0799199714	0.0024066004	0.0798716619	0.0040706	-0.152972	-0.14313399999999998	-0.00036932699999999997	0.00103736	-0.00013958700000000002
0.31893591000000004	-0.0635145612	-0.0328316403	-0.0475314457	-0.0051578505	-0.0255360827	-0.032564233	-0.001604535	-0.0798716619	0.004811019000000001	0.0796785214	-0.00536706	-0.1473	-0.07383039999999999	-0.00475593	0.0009704440000000002	-0.000376521
0.32771455	-0.0263641201	-0.0503557304	0.0584605577	-0.0096386816	0.0271526662	0.037204517	-0.0024066004	-0.0797911678	0.0072110759	0.07935696639999999	-0.0313164	-0.08535369999999999	0.00644826	-0.0024423	0.000265535	-0.000548787
0.08548199	-0.0307167531	0.007526954499999999	0.0595584995	0.0795228949	0.0395471585	0.0346187277	-0.0032084234000000003	-0.0796785214	0.0096045951	0.07890751509999999	-0.0225802	-0.0743703	0.015051499999999999	-0.00147715	0.00044356800000000003	-0.000548787
0.33966874	0.17833902399999998	-0.0246777784	0.0398802477	0.0889996916	-0.0016855471	-0.1775951089	-0.0040099232	-0.0795337681	0.0119894067	0.078330892	-0.00173387	0.0914719	0.062014	3.48304e-05	5.77312e-05	-0.000771324
0.75931989	0.1191940175	-0.0720232345	-0.0846387392	-0.0323745761	0.0821395001	0.0228272159	-0.004811019000000001	-0.07935696639999999	0.0143633485	0.0776280263	-0.016046	-0.254287	-0.21681599999999998	-0.00189352	0.0004800680000000001	-0.000713634
0.5022127399999999	-0.0500682278	-0.0726945438	0.0065328039	0.0133874176	-0.0111094055	0.1350979451	-0.0056116301	-0.0791481873	0.016724268400000002	0.0768000508	-0.00250146	-0.09618099999999999	-0.054216499999999994	-0.00429268	0.000946838	-0.00022031
0.22949162	-0.0301123748	0.0034837435	0.0708107325	0.0673749541	0.0527729828	0.008202594	-0.006411676	-0.07890751509999999	0.019070026	0.07584830000000001	-0.00281728	-0.0969472	-0.0101446	-0.00142239	0.000318525	-0.000408461
0.24582938	0.1120517191	-0.0093817563	0.0132352711	0.0672725471	-0.1508134742	0.040804962	-0.0072110759	-0.0786350467	0.0213984944	0.0747743077	0.019726	-0.0586773	0.059128999999999994	0.000313748	-0.00022537799999999998	-0.000443272
0.364844099	0.0494051577	0.0050166916	-0.0840480215	-0.0189254585	0.0241203676	0.0586763397	-0.0080097493	-0.078330892	0.0237075627	0.07357980480000001	0.000286451	-0.12608200000000006	-0.15195999999999998	-0.000171339	0.000578643	-0.00039416300000000016
0.24972934900000004	-0.0836176168	-0.0351998243	-0.025602735	-0.0375775378	0.040503656	-0.0872351256	-0.0088076158	-0.07799517339999999	0.0259951375	0.07226671650000001	0.0137984	-0.09460210000000001	-0.0989428	-0.00266234	0.000719802	-0.000796409
0.18436943	-0.0234042275	-0.0155735518	0.0494280222	0.0710782743	0.0359398906	0.0882694448	-0.0096045951	-0.0776280263	0.0282591448	0.07083715900000001	-0.00832098	-0.115071	-0.07490589999999997	-0.00107459	0.000658128	-0.00150187
0.37899363	0.0547940581	0.0220319464	0.0517252712	-0.0551306925	-0.0511351775	-0.0099879305	-0.0104006067	-0.0772295986	0.0304975321	0.0692934363	0.033515300000000005	-0.0586361	0.0569943	-0.00017776400000000001	-0.000377693	-0.00045807199999999996
0.33654965	0.0136121957	0.036776179	-0.1041749797	-0.0860048181	0.1072187107	0.0168692286	-0.0111955706	-0.0768000508	0.03270827	0.0676380363	0.0097455	-0.136487	-0.110253	0.000123736	0.000499044	-0.000282676
0.35198845	-0.0839971555	-0.0411690711	-0.0330544885	0.0258438604	-0.007602021	-0.07913239999999999	-0.0119894067	-0.0763395561	0.0348893543	0.065873627	-0.0253174	-0.152119	-0.047781699999999996	-0.00392732	0.000599464	-0.000907645
0.25471889999999997	-0.0230977844	-0.0433106518	0.0693254132	-0.0170189927	0.0257262122	0.0944569688	-0.0127820349	-0.07584830000000001	0.037038807400000005	0.06400305190000001	-0.0489727	-0.10785399999999999	-0.0013666	-0.00195054	0.00098259	-0.000459881
0.03510719	-0.0373526345	0.0099320425	0.0553785331	0.0843068723	0.0482832158	-0.0125105669	-0.0135733754	-0.0753264804	0.0391546809	0.0620293259	-0.05251619999999999	-0.10378599999999999	-0.00127756	-0.0014582	0.000994959	-0.00041645699999999996
0.2692757100000001	0.1097482226	-0.015925581299999998	0.005259226999999999	0.0326542161	-0.1377365229	0.0172582675	-0.0143633485	-0.0747743077	0.0412350562	0.059955629800000014	0.015883	-0.07488359999999998	0.0722413	0.000230988	0.0008523439999999999	-0.000553759
0.5365078600000001	0.0667055988	-0.0396496186	-0.089831784	-0.0236640355	-0.0094999947	0.0686575217	-0.0151518747	-0.0741920043	0.0432780475	0.0577853059	-0.008450809999999998	-0.22991199999999998	-0.12546	-0.00273028	0.000682608	-0.000611642
0.35565564	-0.0565015919	-0.0780389577	0.0063034812	0.0032395973	0.0222352911	0.0260246984	-0.0159388744	-0.07357980480000001	0.0452818024	0.0555218517	-0.020420400000000002	-0.0971153	0.0228533	-0.00359287	0.000905652	-0.000445755
0.260924	-0.0107081619	0.0671698509	0.1065557754	-0.0693320448	-0.0199604683	-0.0265841407	-0.016724268400000002	-0.072937956	0.0472445043	0.0531689154	-0.0385712	-0.0786272	0.066028	-0.000871661	0.0001274	-0.0005685019999999999
0.33832265	-0.0310396456	0.2031394007	-0.0573031998	0.0443257602	-0.0585605921	0.07221898730000001	-0.0175079777	-0.07226671650000001	0.0491643739	0.0507302891	0.014675799999999998	-0.12204400000000006	-0.10731500000000001	-0.000268789	0.000551878	-0.000229535
0.35086740999999994	-0.0864796766	-0.0567319883	-0.0715361841	0.0234336465	-0.0412982416	-0.1036103473	-0.0182899231	-0.0715663568	0.0510396705	0.0482099028	-0.00236846	-0.13289700000000002	-0.034673	-0.00401287	0.00113625	-0.000907645
0.22318759	-0.0419919474	-0.0201303666	0.0513658735	-0.0313883937	0.0771806032	0.0354922615	-0.019070026	-0.07083715900000001	0.052868694	0.0456118188	-0.038773400000000006	-0.12313699999999995	-0.010038799999999999	-0.00192301	0.00038790300000000004	-0.0006980830000000001
0.09087621000000004	-0.025115517	-0.0210033362	0.0554056883	0.1064387192	0.0224558011	0.0105347524	-0.0198482077	-0.0700794171	0.0546497862	0.0429402241	-0.0497837	-0.13836199999999999	-0.00990659	-0.00139209	0.00051141	-0.00133383
0.26465367	0.1195832328	0.0194983178	0.0346876355	0.0039656262	-0.0133245348	0.0029857801	-0.0206243899	-0.0692934363	0.05638133240000001	0.0401994245	-0.030947199999999998	-0.13324	0.020092500000000003	0.00192013	-9.969159999999999e-05	-0.00162443
0.51862208	0.0257376732	0.0285491695	0.0110503379	0.033049366600000005	0.0359852019	0.0199176727	-0.0213984944	-0.0684795334	0.0580617626	0.0373938371	0.036320599999999995	-0.213662	-0.0231392	-0.00288917	0.00105591	-0.00103532
0.20791575	-0.0003411426	0.0586099655	-0.0397123251	0.0105671555	0.0270138895	-0.0123659617	-0.0221704431	-0.0676380363	0.0596895534	0.0345279838	0.015902799999999998	-0.20974099999999998	-0.0583325	-0.00532941	0.0008613269999999997	-0.00136817
0.24842546	-0.0030408611	-0.0201007708	-0.0748761813	0.0271693354	-0.0348953699	-0.0370428222	-0.0229401584	-0.0667692842	0.0612632291	0.0316064831	0.00790444	-0.03939840000000002	-0.043913	-0.00493108	0.000306517	-0.00120801
0.16162342595	0.0002763158	0.014772036	-0.0268636587	-0.0784354028	-0.0451361334	-0.0330949376	-0.0237075627	-0.065873627	0.0627813628	0.0286340436	0.00717158	-0.0787703	-0.0318024	-0.00343598	5.02681e-07	-0.0008209629999999999
0.03928190905	-0.0317920175	-0.0474482626	-0.0095885956	0.0049287108000000005	-0.044482213	-0.005146465	-0.0244725786	-0.06495142570000001	0.0642425783	0.0256154559	0.008966059999999998	-0.09999930000000004	-0.037449	-0.00332656	-6.43439e-05	-0.000858933
0.115743265	-0.0218639527	-0.0029088766	0.042000512699999985	-0.0649321275	-0.013738473700000002	0.0294986225	-0.0252351292	-0.06400305190000001	0.06564555080000001	0.0225555848	0.00533879	-0.07644729999999998	-0.017558400000000002	-0.00258829	0.000306517	-0.0011232700000000002
0.06016579	-0.043265028	-0.0477717192	0.0383592548	0.0705991641	0.0076672048	-0.006028893299999999	-0.0259951375	-0.0630288878	0.0669890084	0.0194593619	-0.0141167	-0.07234199999999999	-0.010502899999999999	-0.00208204	0.000306517	-0.00120801
0.276685155	0.0400107435	0.0747900999	0.0742162775	-0.1638600755	-0.023635349500000003	-0.0415643388	-0.026752527	-0.0620293259	0.068271733	0.0163317771	0.0285125	0.00283279	0.0253442	-0.000750326	0.000306517	-7.90427e-05
0.502973445	-0.03329818	0.1313176375	-0.0845426778	0.0031899583	0.1299665208	-0.0123159517	-0.0275072215	-0.061004769	0.06949256179999999	0.0131778711	-0.00669484	-0.235504	-0.0543499	-0.00197073	0.0011557300000000006	-0.0010041300000000002
0.321650384	-0.089710549	-0.0408663342	-0.0609855358	-0.027708561800000003	-0.0105132428	-0.1061177355	-0.0282591448	-0.059955629800000014	0.0706503878	0.0100027269	0.000996344	-0.155039	-0.140185	-0.00458621	0.000867978	-0.0010540800000000002
0.27964639399999996	-0.0348204573	-0.0181382277	0.06705492639999999	0.0209486388	0.0185654641	-0.0085263973	-0.0290082213	-0.0588823313	0.0717441615	0.0068114617	-0.018064	-0.148697	-0.0411175	-0.00229684	0.00024848599999999997	-0.000859411
0.29254015	0.06477726519999999	-0.009200373	0.0140207411	-0.033465244500000005	-0.0901008607	0.0127499203	-0.0297543755	-0.0577853059	0.0727728912	0.0036092188	0.03935809999999999	-0.107922	-0.0410527	0.00043631	-0.000286666	-0.000242148
0.40614911	0.0413313441	-0.0242758599	-0.0889240991	-0.022425338	0.026046659	0.028133514100000003	-0.0304975321	-0.0566649955	0.0737356442	0.000401159	0.00117284	-0.155591	-0.108986	-0.00272224	0.00097234	-0.0008718229999999998
0.16810250000000002	-0.0517024551	-0.0267631636	-0.0016339452	-0.0496225342	0.0135174023	-0.0171268046	-0.0312376164	-0.0555218517	0.0746315476	-0.0028075473	-0.008378409999999998	-0.13856500000000002	-0.057576199999999994	-0.0036812	0.000306518	-0.00104935
0.14222254	-0.0368178182	-0.0393774531	0.0528220455	0.05459023650000002	0.0088473285	0.0418484911	-0.0319745538	-0.0543563352	0.0754597894	-0.0060117288	-0.025846299999999996	-0.125054	-0.027611700000000003	-0.00225837	0.000306518	-0.0008465969999999999
0.34599398	0.0293970261	0.0410402143	0.0611873744	-0.1205899822	-0.0284512498	-0.0288185158	-0.03270827	-0.0531689154	0.0762196185	-0.0092062214	0.027712900000000002	-0.0385841	0.00648478	-0.000568748	0.0010444400000000002	0.000163227
0.30955868	-0.013727474	0.1150517123	-0.0764625713	0.002557329	0.1014245217	0.0222437062	-0.0334386912	-0.051960071	0.07691034599999999	-0.0123858767	0.014643600000000001	-0.16867000000000001	-0.07208250000000001	-0.00119046	0.00131733	-0.000698895
0.301295	-0.08574442869999999	-0.0304443715	-0.0744627637	-0.0209463249	0.0041501542	-0.1351344821	-0.0341657437	-0.0507302891	0.07753134589999999	-0.0155455703	0.0189083	-0.14574600000000001	-0.135547	-0.00426104	0.000391232	-0.000915053
0.24281456499999995	-0.0406870713	-0.0270691927	0.05822834690000001	0.0258758833	0.0188027744	0.0321915443	-0.0348893543	-0.0494800651	0.078082055	-0.0186802098	-0.00287461	-0.14115999999999998	-0.0555856	-0.00220969	3.97889e-05	-0.000588161
0.6201403550000001	0.199222528	-0.0437258053	0.0482213429	0.0475907988	0.0576878522	-0.1312142565	-0.035609450099999995	-0.0482099028	0.0785619741	-0.0217847431	0.046917	0.141079	-0.0112535	0.00142111	-0.00103692	-0.000756205
0.92955445	0.12051738630000006	-0.0777874338	-0.0707915924	-0.0598411804	0.145946572	0.0521242367	-0.0363259585	-0.0469203142	0.0789706681	-0.0248541669	0.0124018	-0.23726799999999998	-0.14438499999999999	-0.00372436	0.00113693	-0.0011080999999999999
0.2465709610000001	-0.0359474976	-0.0441158312	-0.0250490585	0.0214751861	-0.0245640685	0.0769194039	-0.037038807400000005	-0.0456118188	0.0793077664	-0.0278835343	0.000328689	-0.11840800000000005	-0.0981703	-0.00469128	0.0008455869999999999	-0.0009779
0.24113428899999997	-0.0331836134	-0.044085655	0.0467012841	0.00030256	0.0351594295	0.0538889857	-0.037747925	-0.0442849438	0.0795729635	-0.030867963	-0.013671299999999999	-0.158179	-0.07044439999999999	-0.00213242	0.000234301	-0.000955298
0.167888151	-0.0266399953	0.03670905	0.0694365824	0.0263089039	0.010242101	0.0594637629	-0.038453239900000005	-0.0429402241	0.0797660189	-0.0338026431	0.000121351	-0.17081400000000002	-0.07313389999999999	0.000171785	0.000638924	-0.00102189
0.4869458490000001	0.0977373978	0.058574641	0.026281249500000003	0.1023634252	0.0257965167	-0.0603127015	-0.0391546809	-0.0415782013	0.0798867576	-0.0366828449	0.01671	0.0374579	0.061307000000000014	-0.0008829279999999998	-0.000206031	-0.00167511
0.7337643	0.0029253824	-0.0320260829	-0.0526911374	0.0372206581	-0.055936444800000006	0.0182746342	-0.0398521774	-0.0401994245	0.07993507009999999	-0.0395039266	-0.0250028	-0.206202	-0.162929	-0.00385604	0.00028942299999999997	-0.000660564
0.22437675	-0.0354035164	-0.0368116815	0.0140569321	-0.0324042442	-0.0367659548	0.0629130081	-0.0405456591	-0.038804449	0.0799109126	-0.0422613414	-0.0265166	-0.157182	-0.0862875	-0.00205264	0.000386163	-0.0007044530000000001
0.10806345800000004	-0.0207296593	-0.0039207501	0.03666115	-0.0070336346	-0.006943357099999999	0.0017867831	-0.0412350562	-0.0373938371	0.0798143071	-0.0449506455	-0.0193035	-0.201888	-0.08245919999999997	-0.0014085	-9.73316e-06	-0.000698168
0.08153140800000001	-0.0068492088	-0.0185086072	-0.0028017073	-0.047219275	-0.0532880429	0.0122579027	-0.0419202993	-0.0359681572	0.079645341	-0.0475675045	-0.0104685	-0.19186199999999998	-0.05197919999999999	-0.00138102	0.000470954	-0.0008338089999999999
0.09448991	-0.0086518992	-0.0148668102	0.0009679426	-0.0323437415	-0.0493830323	-0.0180318153	-0.0426013192	-0.0345279838	0.0794041677	-0.050107701	-0.00781304	-0.125369	-0.0524989	-0.0017111000000000001	0.000349996	-0.0008792060000000001
0.10810719	-0.002887852	0.0036031737	0.0144994366	-0.071944232	-0.0523555426	0.0041343522	-0.0432780475	-0.0330738971	0.07909100570000001	-0.052567141100000006	0.0090401	-0.093677	-0.0166222	-0.00135159	0.00023579900000000002	-0.0008792060000000001
0.1361379715	-0.0003413053	0.0803897379	-0.0720804856	0.0316448271	0.0191754911	-0.0100303108	-0.0439504158	-0.0316064831	0.0787061389	-0.0549418609	0.020066499999999998	-0.0889724	-0.0431755	-2.57057e-06	0.000763853	-0.0008792060000000001
0.27038864149999997	-0.0460195633	-0.0288168642	-0.0357939746	0.005936895500000001	-0.0650070816	-0.0651429275	-0.044618356500000005	-0.0301263332	0.0782499164	-0.0572280333	0.00709528	-0.11746300000000001	-0.023392	-0.00380314	0.00038155599999999996	-0.0008792060000000001
0.18676582	-0.0075131875	0.01699489	0.0381678187	-0.0832750203	-0.040797787	-0.015003103899999997	-0.0452818024	-0.0286340436	0.0777227516	-0.0594219737	0.016783199999999998	-0.0553745	-0.014098699999999999	-0.00205486	0.000123531	-0.0007715889999999999
0.21960825	-0.0008612177000000001	0.0734689952	-0.06153689110000001	0.0592599184	0.01149515	-0.0266290419	-0.0459406864	-0.0271302159	0.0771251226	-0.0615201462	0.0282683	-0.0877548	-0.058710800000000014	-0.000264725	0.000909466	-0.000818134
0.27835097000000003	-0.022162797400000003	-0.0105105806	-0.0452283916	-0.0111745298	-0.0563885878	-0.017441419099999998	-0.046594942400000006	-0.0256154559	0.07645757110000001	-0.0635191694	-0.00229167	-0.133205	-0.0543405	-0.00370491	0.000451312	-0.000879205
0.100100195	-0.0395541458	-0.0398770157	0.0242085304	-0.0042593971	-0.0274161283	-0.0011601904	-0.0472445043	-0.024090374	0.0757207024	-0.06541582139999999	0.00256591	-0.114749	-0.0321629	-0.00316112	-9.70783e-05	-0.000879205
0.334781955	0.0442388959	0.0115777307	0.0245609708	-0.0795740704	-0.028380519	-0.0302542047	-0.0478893067	-0.0225555848	0.0749151845	-0.06720704549999999	0.0376849	0.010760299999999999	-0.010609200000000001	-0.00114802	0.000579737	-0.0005171209999999999
0.46711440000000004	0.0235306442	0.020423442	-0.1004158222	-0.0508768504	0.14982863400000002	0.0141585963	-0.0485292848	-0.0210117067	0.0740417477	-0.06888995490000001	0.0164667	-0.193881	-0.0972475	-0.00277204	0.00123874	-0.00132643
0.21688425	-0.0507144991	-0.0550301404	-0.0382755438	0.0128500564	-0.0075507267	-0.0361686814	-0.0491643739	-0.0194593619	0.07310118389999999	-0.07046183730000001	0.011087999999999999	-0.112701	-0.068459	-0.00380734	0.0007402329999999998	-0.0008294960000000001
0.14477855	-0.0308192407	0.0041904255	0.0642066917	-0.0716402562	-0.0223282206	0.0319994494	-0.0497945101	-0.0178991758	0.0720943458	-0.0719201593	0.013127200000000002	-0.101226	-0.045637300000000006	-0.00194659	0.000432625	-0.0008299909999999998
0.24835990000000002	0.0399044603	0.0959757227	0.0343868872	0.1498327927	0.0207812674	-0.0038528483	-0.05041963	-0.0163317771	0.0710221462	-0.0732625707	0.028742300000000002	-0.0285601	0.0329825	-0.0008908239999999998	0.000355648	-0.00132643
0.46573915	0.0066879057	-0.0415185619	-0.0625084834	0.0251220873	-0.0560887172	0.0071498966	-0.0510396705	-0.0147577975	0.0698855571	-0.0744869079	0.0161617	-0.15495599999999998	-0.0631554	-0.00503034	0.00031758400000000004	-0.0008915149999999998
0.11684408	-0.0499285282	-0.022387937000000004	0.0356042844	0.0097389082	-0.041083176	0.063140268	-0.0516545692	-0.0131778711	0.0686856091	-0.07559119780000001	0.008745859999999998	-0.124294	-0.0693153	-0.00383579	9.81122e-05	-0.00092962
0.59482715	0.1369048544	-0.032952157	0.0419991484	0.1001946067	0.0655333912	-0.1139730736	-0.0522642642	-0.0115926346	0.06742339	-0.0765736605	0.0215133	0.0526117	0.0230292	0.0011166	-0.000463388	-0.00167192
0.83011418	0.1131425739	-0.067604596	-0.0415517293	0.0148188362	0.0538784933	0.1323147198	-0.052868694	-0.0100027269	0.0661000441	-0.0774327128	0.00202992	-0.20773899999999998	-0.10170900000000001	-0.00514773	0.00134266	-0.00123146
0.21372063	-0.0371982539	-0.0751312232	-0.0096417995	0.0193590575	-0.026533536200000003	0.0974837807	-0.0534677978	-0.0084087885	0.0647167712	-0.07816697	0.010940900000000002	-0.135436	-0.0947858	-0.0039503	0.000267195	-0.000992686
0.284894285	-0.0169594738	0.0307662881	0.0938207225	-0.06460915019999999	-0.0276362914	0.0433548254	-0.0540615151	-0.0068114617	0.0632748254	-0.0787752489	0.023576	-0.09728270000000004	-0.0686171	-0.00049395	-4.77207e-05	-0.000605208
0.166859425	0.012676620800000002	0.1327654064	0.0216067741	0.1240683534	0.0259617376	0.0417901725	-0.0546497862	-0.0052113902	0.061775514	-0.079256569	0.0203469	-0.0667029	-0.0165545	-0.00106145	4.41558e-05	-0.00156559
0.30894317	-0.0537134873	0.0076278548	-0.0518761887	0.0393749401	-0.0736391463	-0.08771781529999999	-0.0552325519	-0.0036092188	0.0602201963	-0.0796101548	0.0138262	-0.170151	-0.0537232	-0.00367023	-5.06276e-05	-0.00103304
0.13761632	-0.0172578286	-0.0352968033	-0.0043149491	-0.0331183185	-0.0582128687	0.0083133691	-0.0558097533	-0.002005593	0.0586102822	-0.0798354362	0.0115817	-0.10807699999999999	-0.04908730000000002	-0.00304933	-0.0007637279999999998	-0.000993802
0.07531906	-0.0449505647	-0.0150228149	0.0466151263	-0.0105321605	-0.0037334414	0.0098156982	-0.05638133240000001	-0.000401159	0.0569472315	-0.0799320503	0.00654024	-0.108419	-0.05947540000000001	-0.00283706	0.000151294	-0.00105746
0.39980055	0.1153778705	-0.0134789068	0.0321116588	0.1205684449	0.0462327358	-0.0655147735	-0.0569472315	0.0012034366	0.0552325519	-0.0798998413	0.0201899	0.0057366000000000006	-0.00274856	0.000681612	-0.000292383	-0.00140048
0.6479341999999999	0.0894392789	-0.0598315018	-0.0423649126	0.028443564700000007	0.009400196	0.1310491537	-0.0575073938	0.0028075473	0.0534677978	-0.0797388611	-0.00452671	-0.204006	-0.11864200000000001	-0.0039997	0.0007146860000000001	-0.00113723
0.22072193	-0.0255289045	-0.0668748019	-0.0091670954	0.0196751775	-0.06494639349999999	0.07152056650000001	-0.0580617626	0.0044105266	0.0516545692	-0.0794493692	0.008562969999999998	-0.105576	-0.05833240000000001	-0.00390968	-0.00013115700000000002	-0.00117922
0.32352077999999995	0.0048628227	0.0697856177	0.0799486294	-0.1360207283	-0.0095872657	-0.057841554800000014	-0.0586102822	0.0060117288	0.0497945101	-0.0790318321	0.0307848	0.013525	-0.0299971	-0.00169668	0.00016232	-0.000608444
0.2655046500000001	-0.0335763914	0.1935512952	0.0081878927	0.0599771833	0.0650983562	0.1057617896	-0.0591528974	0.007610508399999999	0.0478893067	-0.0784869228	0.0162109	-0.18268199999999998	-0.03650490000000002	-0.00156876	0.000231493	-0.00137567
0.2158632	-0.0915594082	-0.0341349102	-0.0865688205	0.0230109718	-0.0373732179	-0.1248045963	-0.0596895534	0.0092062214	0.0459406864	-0.0778155195	0.012984200000000001	-0.159697	-0.10847899999999999	-0.00353898	0.000133665	-0.00109017
0.11098343	-0.0482640332	-0.0105347292	0.0558691687	0.0107144749	-0.0238325629	0.0400180758	-0.0602201963	0.0107982247	0.0439504158	-0.0770187042	-0.0106278	-0.152577	-0.0445894	-0.00346867	1.23004e-05	-0.000954608
0.5846089299999999	0.1788495162	-0.060331583	0.0740601502	0.1217342359	0.1032244095	-0.2017714544	-0.0607447724	0.0123858767	0.0419202993	-0.0760977612	-0.00458999	0.0376845	0.0202188	0.00120761	-0.000938146	-0.00179791
0.8727795899999999	0.1123330635	-0.0588663122	-0.0335004769	-0.0521692419	0.1663512326	0.0540603479	-0.0612632291	0.0139685379	0.0398521774	-0.0750541746	-0.007615679999999999	-0.30196999999999996	-0.114101	-0.00468445	0.000654086	-0.0013666100000000005
0.22446248	-0.0518036058	-0.0787616338	-0.0145294277	0.0535357508	-0.0343129905	0.0765487243	-0.061775514	0.0155455703	0.037747925	-0.07388962639999999	0.00563345	-0.130377	-0.11916199999999999	-0.00430256	0.000637589	-0.00107381
0.38748694	0.007235416999999998	0.0519007754	0.0959263063	-0.1118574512	-0.0448053531	0.0054231365	-0.062281575599999986	0.0171163386	0.035609450099999995	-0.0726059935	0.0157424	-0.0568351	-0.0788163	-0.00042896599999999997	-6.24938e-05	-0.000377679
0.22254749999999998	-0.0236257279	0.1725490275	0.0281363349	0.1267712588	0.0326605685	0.07881246559999999	-0.0627813628	0.0186802098	0.0334386912	-0.0712053446	0.032719	-0.08979969999999997	0.00218118	-0.00124412	6.70676e-05	-0.00126514
0.29185219500000004	-0.05341422690000002	-0.0044290175	-0.0543038351	0.0547010578	-0.0644486073	-0.0767281223	-0.0632748254	0.0202365536	0.0312376164	-0.06968993700000001	-0.00679175	-0.18673	-0.0369023	-0.00302452	-4.65717e-05	-0.000832626
0.16153932499999998	-0.0111449725	-0.007337266899999998	0.0052389920000000005	-0.0223518981	-0.0782961492	0.0094509136	-0.0637619136	0.0217847431	0.0290082213	-0.0680622132	0.00125961	-0.124878	-0.0460906	-0.00420408	-0.000269081	-0.00107951
0.09736387	-0.0382695723	-0.0559452695	0.0170288808	-0.0040154963	-0.0270787954	-0.0185928256	-0.0642425783	0.0233241543	0.026752527	-0.0663247964	-0.00327321	-0.10858399999999999	-0.0235748	-0.00334324	-0.00010824600000000001	-0.00102076
0.24354051	1.92579e-05	0.0698751479	0.0836817246	-0.091135754	-0.0627805655	0.016794983500000003	-0.0647167712	0.0248541669	0.0244725786	-0.0644804868	0.0134692	-0.0465041	-0.014257400000000003	-0.0011408700000000002	-0.000250997	-0.000257865
0.322121605	-0.0550412902	0.1959779068	-0.050417530300000006	0.0299035634	0.0497980906	0.0153147667	-0.0651844444	0.0263741644	0.0221704431	-0.0625322567	-0.0112384	-0.173176	-0.0959801	-0.0006644880000000001	4.57341e-05	-0.00126514
0.226222035	-0.1079321486	-0.0719980745	-0.0401279627	0.034171752	-0.0151075248	-0.1244864019	-0.06564555080000001	0.0278835343	0.0198482077	-0.060483246	-0.00302501	-0.181519	-0.115726	-0.00374177	0.0007668469999999998	-0.00126514
0.5818499100000001	0.0431839634	0.0488554221	0.0668217769	-0.1314213667	-0.0252175126	-0.0496056262	-0.0661000441	0.0293816684	0.0175079777	-0.058336757	0.0172283	0.0483239	-0.011201299999999999	-0.00163785	-0.000527674	-0.00011900100000000001
0.58630969	0.0036189753	0.0271139364	-0.0992915383	-0.0278411038	0.1815468538	-0.007346456199999999	-0.0665478783	0.030867963	0.0151518747	-0.0560962492	-0.00822429	-0.242052	-0.0941783	-0.00278009	0.000291961	-0.00190721
0.23375587	-0.045241759000000006	-0.0610340759	-0.0248992966	-0.0102638051	-0.005357779	-0.004902152	-0.0669890084	0.0323418192	0.0127820349	-0.0537653335	0.0157522	-0.143954	-0.09899740000000004	-0.0038314	8.757540000000003e-05	-0.00102566
0.20223945	-0.0252306858	-0.0101477678	0.052738354400000007	-0.0439826816	-0.0446898962	0.0122436304	-0.06742339	0.0338026431	0.0104006067	-0.0513477665	-0.00704448	-0.139619	-0.0714165	-0.00171584	-0.000120906	-0.00039916400000000003
0.25363383	0.0186725893	0.0303795734	-0.0370485485	0.0175710038	-0.019873988	-0.0101550923	-0.0678509792	0.0352498461	0.0080097493	-0.0488474444	0.020561000000000003	-0.0644443	-0.0700744	0.000218867	0.000504586	-0.000829196
0.31255467	0.0406373737	-0.0309689876	-0.0546293692	0.0137843894	-0.0186326646	0.0511662655	-0.068271733	0.0366828449	0.0056116301	-0.046268397	-0.00293632	-0.09499780000000001	-0.110122	-0.00384306	0.0008117839999999999	-0.000829196
0.120362635	-0.0270574578	-0.0447601113	-0.0034832683	-0.0056371039	-0.0464249303	0.0343591433	-0.0686856091	0.0381010623	0.0032084234000000003	-0.0436147809	0.00253524	-0.0942527	-0.06384570000000002	-0.00341708	6.21845e-05	-0.00101101
0.19138659	-0.0145709568	-0.009489082	0.044411564400000006	-0.0482036523	-0.06182148780000001	0.0192548579	-0.0690925657	0.0395039266	0.0008023078999999999	-0.0408908726	0.00261777	-0.06906230000000001	-0.00812721	-0.00154704	6.93559e-05	-0.0006803180000000001
0.229211275	-0.0125821324	0.0696756479	-0.0610907476	0.0287133057	0.0175457844	-0.00030684310000000004	-0.06949256179999999	0.0408908726	-0.001604535	-0.0381010623	0.0253962	-0.07963619999999999	-0.07411869999999998	0.000111325	0.0008594619999999999	-0.000829196
0.27296767	-0.0221799543	-0.0195327317	-0.042063094	0.0357530886	-0.0802536196	-0.008921955799999999	-0.0698855571	0.0422613414	-0.0040099232	-0.0352498461	-0.00515047	-0.10103200000000001	-0.0500056	-0.00340242	0.000573321	-0.00069084
0.05105943299999999	-0.006715355500000001	-0.0048336954	-0.008695588800000001	-0.0451684704	-0.0464287746	-0.0208513819	-0.0702715121	0.0436147809	-0.006411676	-0.0323418192	-0.00032853699999999995	-0.069124	-0.0494362	-0.00322054	0.00049753	-0.0007083710000000001
0.09616081700000002	-0.024486813	-0.0415052402	-0.0052422209	0.0005365009	-0.0486425746	0.0031675605	-0.0706503878	0.0449506455	-0.0088076158	-0.0293816684	0.00653188	-0.0750368	-0.014838999999999996	-0.00266365	0.000291961	-0.00092172
0.059453129000000014	-0.0419155223	-0.0134472324	0.0498972011	-0.0143759218	-0.0168128044	-0.0064315516	-0.0710221462	0.046268397	-0.0111955706	-0.0263741644	-0.00029791400000000003	-0.0822967	0.00309699	-0.00245308	4.65061e-05	-0.000829196
0.298751779	0.1125112827	-0.048926389400000006	-0.0060225729	0.0541972382	0.0006174538	-0.0322666816	-0.0713867496	0.0475675045	-0.0135733754	-0.0233241543	0.0307284	-0.0168197	0.027509199999999998	0.000923793	-0.000133346	-0.000829196
0.59632033	0.0741361762	-0.0336863862	-0.083354543	-0.07280225059999999	0.1346215999	0.0558485644	-0.0717441615	0.0488474444	-0.0159388744	-0.0202365536	-0.007424079999999999	-0.19743	-0.099485	-0.00273045	0.0010555999999999999	-0.000997274
0.24485927	-0.061993574	-0.0760958882	-0.0140839844	0.0473840559	-0.0244500052	-0.0338007506	-0.0720943458	0.050107701	-0.0182899231	-0.0171163386	-0.00361176	-0.0920835	-0.0490848	-0.00402929	0.000810466	-0.000835243
0.31123306	0.0066118611	0.0662530445	0.08358795969999999	-0.1895791254	0.008065719499999999	-0.0658039864	-0.0724372672	0.0513477665	-0.0206243899	-0.0139685379	0.011983200000000001	0.0231212	-0.041596499999999995	-0.00185528	0.000226971	-0.000133846
0.29843495	-0.0386620841	0.1476113899	-0.0192122646	0.0681776548	0.1060921876	0.0415159719	-0.0727728912	0.052567141100000006	-0.0229401584	-0.0107982247	0.0162104	-0.150171	-0.0115002	-0.00162248	0.00100098	-0.000943422
0.22181247	-0.06567463	-0.007902455	-0.0815233719	0.0150360055	-0.07549641950000001	-0.0618781216	-0.07310118389999999	0.0537653335	-0.0252351292	-0.007610508399999999	0.00472338	-0.147698	-0.0852572	-0.0035104999999999997	0.000248992	-0.0009015210000000001
0.043729960000000005	-0.0619719908	-0.0451167295	0.028959863	0.0171567133	-0.039928466	0.016177596000000002	-0.0734221124	0.0549418609	-0.0275072215	-0.0044105266	-0.009489000000000001	-0.145945	-0.076559	-0.00354703	8.244339999999997e-05	-0.00107977
0.48445087	0.0523701687	0.0311523995	0.0682760337	-0.1168929845	-0.0036841614	-0.06069707200000001	-0.0737356442	0.0560962492	-0.0297543755	-0.0012034366	0.0251018	0.058220600000000004	-0.019173500000000003	-0.00106885	-0.000243319	-0.00011753299999999999
0.54924585	-0.0074105874	0.0863568232	-0.0622422014	-0.0242762134	0.15701550150000002	0.0260836328	-0.0740417477	0.0572280333	-0.0319745538	0.002005593	0.00171865	-0.2336260000000001	-0.0653016	-0.00260743	0.000986814	-0.00110658
0.22807395	-0.067605724	-0.0541439662	-0.0721903348	-0.0097076827	-0.014427111299999996	-0.0580373725	-0.0743403923	0.058336757	-0.0341657437	0.0052113902	0.005361600000000001	-0.14851199999999998	-0.122329	-0.00385524	0.0007521509999999997	-0.000943261
0.16157861	-0.0550789835	-0.0294043751	0.0620498042	0.0049248917	-0.0302245075	0.051219095599999986	-0.0746315476	0.0594219737	-0.0363259585	0.0084087885	-0.00793721	-0.13927500000000004	-0.0623605	-0.00266908	0.000434437	-0.0008656489999999999
0.39512196	0.0539579379	0.0060120718	0.0398621548	-0.0946433739	0.0003606945	-0.0977663894	-0.0749151845	0.060483246	-0.038453239900000005	0.0115926346	0.023380099999999997	0.050673800000000005	-0.036306599999999994	-0.00126553	-0.00056818	-0.000315777
0.7531547900000003	0.0579249447	-0.0168809265	-0.1085137197	-0.103887619	0.1634076248	0.0137067733	-0.07519127440000001	0.0615201462	-0.0405456591	0.0147577975	-0.00129439	-0.262676	-0.155909	-0.00480428	0.0008761589999999999	-0.0012432500000000006
0.25940302000000004	-0.0420090439	-0.0958807461	0.0066298303	0.0433655896	-0.0213847808	0.1233102374	-0.0754597894	0.0625322567	-0.0426013192	0.0178991758	-0.00563616	-0.149909	-0.095506	-0.00361032	0.000618284	-0.00105726
0.20297364	-0.0427738342	0.0063346299	0.06756134	0.0426362522	0.013587303	0.0679456871	-0.0757207024	0.0635191694	-0.044618356500000005	0.0210117067	-0.0222232	-0.136425	-0.050401999999999995	-0.00163411	0.00021068	-0.000885102
0.57095485	0.1795412094	-0.046626889000000005	0.05760879450000001	0.1214476474	0.0376206571	-0.1462625532	-0.0759739873	0.0644804868	-0.046594942400000006	0.024090374	0.0193095	0.127876	0.0246988	0.00116836	-0.000305439	-0.00136692
0.9328951999999999	0.1149838103	-0.0768988853	-0.066026581	-0.0541628314	0.129317669	0.06807988849999999	-0.0762196185	0.06541582139999999	-0.0485292848	0.0271302159	-0.013266	-0.281231	-0.134236	-0.00419619	0.000659379	-0.00105073
0.21848213	-0.05682377070000001	-0.0754957492	-0.0029143495000000003	0.0382722483	-0.0222151647	0.148803566	-0.07645757110000001	0.0663247964	-0.05041963	0.0301263332	-0.00218337	-0.13906400000000002	-0.12675	-0.00362123	0.000957779	-0.0013323
0.22814918999999995	-0.0344156596	0.0066576777000000005	0.0744221268	0.0263629671	0.0024273373	0.063787962	-0.0766878214	0.06720704549999999	-0.0522642642	0.0330738971	-0.00583971	-0.14821600000000001	-0.059725199999999985	-0.00131532	0.000303698	-0.00133863
0.567282411	0.1703701204	-0.0275421504	0.0681458675	0.1575652467	0.0375171526	-0.1508959382	-0.07691034599999999	0.0680622132	-0.0540615151	0.0359681572	0.0009325010000000001	0.130159	0.0652598	0.00034074699999999997	-0.000413089	-0.00210878
0.8509170709999999	0.1071226954	-0.055845892800000005	-0.0461417718	-0.0214389947	0.0330030917	0.0954448101	-0.0771251226	0.06888995490000001	-0.0558097533	0.038804449	-0.00705387	-0.22139699999999998	-0.09638560000000004	-0.00428184	0.00069241	-0.00124228
0.15316628	-0.0422214132	-0.0782718047	-0.0115068155	0.0568931491	-0.0859778696	0.1439565283	-0.0773321295	0.06968993700000001	-0.0575073938	0.0415782013	-0.012135600000000002	-0.13577899999999998	-0.10955999999999999	-0.00438653	-0.000188743	-0.00124228
0.43967954	0.0208130767	0.0544380803	0.0883954979	-0.1600317372	-0.0074945855	-0.1021276421	-0.07753134589999999	0.07046183730000001	-0.0591528974	0.0442849438	0.0163307	0.0205226	-0.0484238	-0.0016396099999999995	8.269679999999997e-05	-0.000385131
0.31189381	-0.0398417249	0.1563442206	-0.024259696400000003	0.0295569437	0.0917722941	0.0404638775	-0.0777227516	0.0712053446	-0.0607447724	0.0469203142	0.0186916	-0.160497	-0.0724215	-0.00173578	0.00074857	-0.0017134000000000001
0.29746346	-0.0844546207	-0.0397298941	-0.0936589051	0.0008644564	-0.0431023425	-0.1314563	-0.0779063275	0.0719201593	-0.062281575599999986	0.0494800651	-0.00114891	-0.18317999999999998	-0.148297	-0.00440784	0.00018209099999999997	-0.00137065
0.142890105	-0.0507839603	-0.0174595245	0.0365420481	-0.0120162373	-0.0461031369	0.031590194700000004	-0.078082055	0.0726059935	-0.0637619136	0.051960071	-0.00705893	-0.162826	-0.114003	-0.00298641	-2.0990700000000002e-05	-0.00134852
0.6539161350000001	0.1564365724	-0.0355370355	0.0481803839	0.08718727710000003	0.0627248504	-0.1704721593	-0.0782499164	0.0732625707	-0.0651844444	0.0543563352	0.010408100000000002	0.129192	-0.00874471	0.0005076680000000001	-0.0008187689999999999	-0.00184012
0.7893108399999998	0.1182112882	-0.06357211019999999	-0.0373275192	-0.0093114133	0.0931830271	0.0708826096	-0.0784098948	0.07388962639999999	-0.0665478783	0.0566649955	-0.010339600000000001	-0.196189	-0.131703	-0.00345247	0.000289242	-0.000503792
0.4198697	0.0028164991	-0.0588575664	-0.046158286500000006	0.0049229301	-0.0005749378	0.08288593179999999	-0.0785619741	0.0744869079	-0.0678509792	0.0588823313	-0.108642	-0.30551	-0.146964	-0.00571948	0.0014135999999999999	-0.00105213
0.5746519900000001	-0.0384924491	-0.0389321364	0.0278747899	-0.0320653579	-0.0129741346	0.0526627678	-0.0787061389	0.0750541746	-0.0690925657	0.061004769	-0.00365241	-0.12904200000000002	-0.0649918	-0.00290571	0.000713494	-0.00034156199999999995
0.18186759	-0.0427636445	-0.0151210025	0.0485234702	0.0495492695	0.0046946733	0.0126548569	-0.0788423748	0.07559119780000001	-0.0702715121	0.0630288878	-0.0224218	-0.14795899999999998	-0.0385481	-0.00145508	0.00038759900000000003	-0.0009197869999999999
0.31790289999999993	0.0453873434	0.0334158959	0.0587224826	-0.1316912491	-0.0445475047	-0.0537185565	-0.0789706681	0.0760977612	-0.0713867496	0.06495142570000001	0.00459155	-0.0180997	-0.0664078	-0.00010106899999999999	-0.000283913	-0.000281899
0.39457572	-0.0158569665	0.1473758341	-0.0417670582	-0.0201324007	0.1122920575	0.0225721273	-0.07909100570000001	0.0765736605	-0.0724372672	0.0667692842	0.00419313	-0.201167	-0.04216230000000002	-0.00189099	0.000891245	-0.00105411
0.23802697	-0.0948441588	-0.0401494509	-0.0994118861	0.0082080742	-0.0444813504	-0.1532856356	-0.0792033756	0.0770187042	-0.0734221124	0.0684795334	0.00184581	-0.17041099999999998	-0.120393	-0.00378688	0.00038759900000000003	-0.0009197869999999999
0.26727909	-0.032447134100000004	0.0425771176	0.0571681093	-0.1318458578	-0.0544979432	-0.0286239466	-0.0793077664	0.0774327128	-0.0743403923	0.0700794171	0.0054488	-0.10533699999999999	-0.05315399999999999	-0.0015422	0.000159891	-0.000764913
0.18730135	-0.0045287969	0.1079766035	-0.0244736434	0.0965906633	-0.0032196479	-0.0177968892	-0.0794041677	0.0778155195	-0.07519127440000001	0.0715663568	0.023599000000000002	-0.0385923	-0.0347327	-0.000276118	0.00041863800000000004	-0.0009197869999999999
0.35305920900000004	0.0021735436	-0.0083478441	-0.06824329330000001	0.0085285518	-0.0714416777	0.0055619235	-0.0794925697	0.07816697	-0.0759739873	0.072937956	-0.000586659	-0.15565	-0.052029	-0.00408154	0.00033366900000000003	-0.0009197869999999999
0.09398354099999999	-0.0529320445	-0.0669594151	-0.0055798697	-0.0136263872	-0.0220278088	0.0349813094	-0.0795729635	0.0784869228	-0.0766878214	0.0741920043	-0.019768599999999997	-0.13705	-0.05814169999999999	-0.00323429	0.00017914099999999998	-0.0009197869999999999
0.21056555	-0.0292464207	0.0370610992	0.07709148589999999	-0.0396015317	-0.0257162803	0.0387652495	-0.079645341	0.0787752489	-0.0773321295	0.0753264804	-0.012454600000000001	-0.114871	-0.0508711	-0.00015440199999999996	0.000575291	-0.000919788
0.368807335	0.0547596191	0.1079244943	0.0418515575	0.1270736926	-0.0234455632	0.0022533341	-0.079709695	0.0790318321	-0.0779063275	0.0763395561	0.0337145	-0.00744236	0.0571519	-0.00110336	8.358909999999998e-05	-0.00162286
0.5435992150000001	0.0148409242	-0.0010574214	-0.0741360011	0.0383889278	-0.0225591907	-0.0113394788	-0.0797660189	0.079256569	-0.0784098948	0.0772295986	-0.00192823	-0.21320999999999998	-0.0348745	-0.0040667	0.000620425	-0.0009197869999999999
0.13585272000000004	-0.0439555397	-0.054351952800000006	-0.0323775854	-0.0305978085	-0.047496356100000005	0.0082831927	-0.0798143071	0.0794493692	-0.0788423748	0.07799517339999999	-0.010194799999999999	-0.13998600000000005	-0.0463581	-0.00367452	0.00037142800000000004	-0.0007033930000000001
0.21546374	-0.0373134471	0.0256130151	0.06840596110000001	-0.0553986297	-0.0270723705	-0.0008062138999999999	-0.0798545546	0.0796101548	-0.0792033756	0.0786350467	-0.00307735	-0.11964300000000005	-0.049255400000000005	-0.000573042	4.962720000000001e-05	-0.00042455199999999997
0.29146791	0.05933466	0.1178739675	0.053889945	0.1140155362	-0.0022468396	0.0055193315	-0.0798867576	0.0797388611	-0.0794925697	0.0791481873	0.022044400000000002	-0.05182180000000002	0.0459733	-0.00126802	-0.000146482	-0.00159939
0.5088423099999999	0.0099265952	-0.0177326988	-0.0799427274	0.0359909865	-0.0070476551	-0.0246260841	-0.0799109126	0.0798354362	-0.079709695	0.0795337681	0.00112554	-0.210356	-0.053274800000000004	-0.00467759	0.000687161	-0.00123978
0.22248945	-0.0539448362	-0.0371325179	-0.0209338971	-0.0362657713	-0.0485107197	0.050712397400000005	-0.0799270173	0.0798998413	-0.0798545546	0.0797911678	-0.0162581	-0.140542	-0.07965660000000001	-0.0035891999999999994	4.70078e-05	-0.000790123
0.16007864	-0.0359017504	-0.0235916223	0.050105503200000005	0.0132087117	0.0056340433	0.0155981352	-0.07993507009999999	0.0799320503	-0.0799270173	0.0799199714	-0.0163007	-0.16344	-0.0445978	-0.001632	-1.79435e-22	-0.0008275
