0.0	-0.0477331997	0.0364249493	-0.0084689282	0.0203049608	-0.0376488385	0.0525823676	0.07993507009999999	0.0799320503	0.0799270173	0.0799199714	0.014194799999999999	-0.0586355	-0.015278700000000001	0.000307628	-0.0	0.0
0.11037532759000004	0.0192342722	-0.015251636	0.0372538271	0.0335867948	-0.0199385055	0.044834757	0.0799270173	0.0798998413	0.0798545546	0.0797911678	-3.45629e-06	0.000671224	-1.25027e-05	0.000158256	-0.000119826	-0.000162885
0.11166260759000002	-0.0498383575	-0.0287559456	0.0357213544	0.002274751	-0.0543818001	0.0636055229	0.0799109126	0.0798354362	0.079709695	0.0795337681	0.00480083	-0.0644154	-0.011635800000000005	0.0005892769999999999	-0.000110764	0.0
0.11407082	-0.018258134	0.0206001306	0.0482771846	-0.0242318448	-0.0303602233	-0.013497683799999998	0.0798867576	0.0797388611	0.0794925697	0.0791481873	0.00975641	-0.0257686	0.00274569	-0.000396979	-0.000246247	0.0
0.07692362270000001	-0.0336560989	-0.051692064	0.047696392	-0.0043057717	-0.035960473300000004	0.0592274916	0.0798545546	0.0796101548	0.0792033756	0.0786350467	1.6272999999999999e-06	-0.0296637	0.0013039000000000002	0.000531763	-0.0	-6.165e-05
0.10178898269999999	-0.06104538480000001	0.051971082	0.0129319141	-0.0338114771	0.0622276668	0.0055008442000000005	0.0798143071	0.0794493692	0.0788423748	0.07799517339999999	0.00612006	-0.0457281	-0.0325904	-0.000212455	-0.00010836899999999999	0.0
0.116442306	0.0623906502	0.0421400662	0.0016256454	-0.0412836267	0.1125525132	0.07068215679999999	0.0797660189	0.079256569	0.0784098948	0.0772295986	-0.00828447	0.0183207	-0.00840396	-7.87288e-06	-3.6900399999999997e-05	0.0
0.053457384000000004	0.0213035257	-0.0487361722	-0.0856121783	-0.0658390051	0.1515449965	-0.0045865128	0.079709695	0.0790318321	0.0779063275	0.0763395561	-0.0101148	0.0205696	-0.0434285	0.000102905	0.000139394	0.0
0.14030439	-0.0256546157	0.03244032	-0.07394109410000001	-0.0007095321000000001	0.0897558426	0.0784963475	0.079645341	0.0787752489	0.0773321295	0.0753264804	0.0136374	-0.0697358	-0.0448055	0.00040041	0.00024333299999999998	9.59518e-05
0.22270908	0.0893688772	0.030566734900000007	-0.0550958842	0.04505506150000002	0.0519276192	-0.0018254087	0.0795729635	0.0784869228	0.0766878214	0.0741920043	-0.014467099999999997	0.0496448	-0.0156349	-0.000173123	1.50606e-05	0.000215214
0.16787450288	-0.0205349789	-0.0678060708	-0.0489878642	0.0578983786	-0.047349687800000005	0.030646086800000007	0.0794925697	0.07816697	0.0759739873	0.072937956	5.52288e-06	-0.0331372	-0.0265025	0.0005379369999999999	-0.000289672	0.00039446699999999996
0.12229456712000004	0.0179598731	0.08630014710000003	-0.0062038861	0.0119239655	-0.0678093317	-0.0628223109	0.0794041677	0.0778155195	0.07519127440000001	0.0715663568	0.00794513	0.00507531	-0.0155223	-0.000395615	-0.00020449099999999998	0.000109955
0.0972164175	0.0558685909	-0.0486279479	7.54217e-05	0.0070188562	-0.0300515248	-0.06281190769999999	0.0793077664	0.0774327128	0.0743403923	0.0700794171	-5.40525e-05	0.0324722	0.00895688	-9.908629999999999e-05	0.000210398	7.454939999999998e-05
0.13048233050000002	-0.0575058827	0.0008783892999999999	-0.0251705561	0.004349357	-0.0513587469	-0.0138884065	0.0792033756	0.0770187042	0.0734221124	0.0684795334	0.00995199	-0.038093	-0.023528999999999998	-3.9468499999999997e-05	-3.93896e-06	0.0
0.08198350699999997	0.0501740822	0.0417415777	0.0483152876	-0.0468167982	-0.0130058055	0.0534566488	0.07909100570000001	0.0765736605	0.0724372672	0.0667692842	0.007373239999999999	0.00718493	-0.020235	-0.000495908	-0.000164156	0.0
0.06868649619999999	0.0391095273	-0.0479718204	-0.0200972331	-0.0283341181	0.0091287587	-0.116194744	0.0789706681	0.0760977612	0.0713867496	0.06495142570000001	-4.0596199999999996e-05	0.0210797	0.00883594	-0.000174369	-0.000119556	0.0
0.1361471862	-0.0523802775	0.0116513583	-0.017659321699999998	0.0347646548	0.0002249542	-0.028565467200000007	0.0788423748	0.07559119780000001	0.0702715121	0.0630288878	0.011198399999999999	-0.0519001	-0.034287800000000014	-0.000268723	-0.000201295	0.0
0.13951056439999998	0.0553119233	0.0264291682	0.0256647168	0.0723025018	-0.0366777235	-0.0181349262	0.0787061389	0.0750541746	0.0690925657	0.061004769	-4.91544e-05	0.0189824	0.00241046	-0.000682368	-0.000201295	0.0
0.09719703439999999	-0.0176919499	-0.0521981789	-0.003829662	0.0465073095	-0.0929621097	-0.0005021193	0.0785619741	0.0744869079	0.0678509792	0.0588823313	0.0058625	-0.0342788	0.00674414	-0.00012132700000000005	-0.000201295	-0.00011276899999999999
0.0833726702	0.0045649693	0.0641626184	0.0244239356	-0.0231188443	-0.0614093349	-0.0619204475	0.0784098948	0.07388962639999999	0.0665478783	0.0566649955	-4.693020000000002e-05	-0.0181132	-0.022215799999999997	-0.000495095	-0.00012235800000000004	-0.000306818
0.0749602095	0.0206973212	-0.0719807393	0.041067262400000006	-0.0257682252	-0.0498849692	-0.0294105437	0.0782499164	0.0732625707	0.0651844444	0.0543563352	-4.91537e-05	-0.00123977	0.000848806	-0.00018045099999999998	-0.000201295	0.0
0.0919769119	-0.0468015087	0.0524720488	0.0285426239	-0.0979044282	-0.0342121145	-0.0675156336	0.078082055	0.0726059935	0.0637619136	0.051960071	-4.64778e-05	-0.0410272	-0.0153803	-0.0007483219999999999	-0.00014522799999999999	-9.5216e-05
0.1019470851	0.0661273549	-0.0224274017	0.0729543537	-0.0412527481	0.0267746958	0.0498232179	0.0779063275	0.0719201593	0.062281575599999986	0.0494800651	-5.15129e-05	0.024796900000000004	0.005587300000000001	-0.00057811	-0.000107649	1.3234899999999996e-23
0.13481310789999998	-0.0396185835	-0.0249762528	-0.0223659129	-0.0706077957	0.0163427793	0.0501045788	0.0777227516	0.0712053446	0.0607447724	0.0469203142	0.00641898	-0.0506125	-0.00442472	1.52739e-05	-0.000201295	-0.000171394
0.07812074840000001	0.0367969131	0.0566600519	-0.0152098486	-0.021373032	0.0631317478	-0.0263630407	0.07753134589999999	0.07046183730000001	0.0591528974	0.0442849438	-3.6783400000000004e-05	-0.00977794	-0.0131917	-0.000413636	-0.000201295	-0.000159035
0.0667298228	0.0287738265	-0.0514494809	-0.0577060739	0.0001127556	0.0603371939	-0.0402936868	0.0773321295	0.06968993700000001	0.0575073938	0.0415782013	-4.77712e-05	0.00644425	-0.00183937	5.27633e-05	-4.3843e-05	0.0
0.1259526775	-0.0246382707	0.0314768882	-0.0924382771	0.0390235785	0.0500705256	-0.111673316	0.0771251226	0.06888995490000001	0.0558097533	0.038804449	-4.91537e-05	-0.0524494	-0.0317246	-0.000533233	-0.000201295	0.0
0.1212842407	0.0827337913	-0.0008278131	-0.027455919	0.105631572	0.046453436900000006	-0.008232332	0.07691034599999999	0.0680622132	0.0540615151	0.0359681572	-4.8743000000000004e-05	0.026038299999999997	-0.00636641	-0.000243238	-0.000201295	5.87638e-05
0.10366239699999999	-0.0300951586	-0.0389952053	-0.0817834316	0.061690971	-0.0493960414	0.008763823	0.0766878214	0.06720704549999999	0.0522642642	0.0330738971	-0.00585008	-0.0292449	-0.00170609	0.000386446	-0.000271198	0.0
0.07888185389999999	0.0322497574	0.0582087113	-0.006190984399999999	0.0422437884	-0.0307660477	-0.0202660292	0.07645757110000001	0.0663247964	0.05041963	0.0301263332	-4.48161e-05	-0.018605200000000002	-0.00848638	-0.00018145900000000005	-0.000128949	-0.000402978
0.0533778083	0.0004997891000000001	-0.08854898189999999	-0.0205193339	0.0147353239	-0.0598062733	-0.0033152703000000005	0.0762196185	0.06541582139999999	0.0485292848	0.0271302159	-5.3044399999999996e-05	-0.0113862	-0.00120931	0.000213527	-6.21757e-05	-8.726709999999997e-05
0.0947215029	-0.0213334869	0.07284727860000001	0.0199320826	-0.0279763234	-0.0293588321	-0.0565383866	0.0759739873	0.0644804868	0.046594942400000006	0.024090374	-4.6451499999999994e-05	-0.037510699999999994	-0.020702099999999998	-0.000392107	-2.47602e-05	-0.00042617
0.1114621061	0.0388892291	-0.06923204150000001	0.0650632273	-0.0145920723	0.0374575679	0.0250503538	0.0757207024	0.0635191694	0.044618356500000005	0.0210117067	-5.31176e-05	0.014535900000000001	0.00347458	-4.9830600000000004e-05	-0.000125472	-0.000164515
0.1425752976	-0.07265528480000001	0.0499500793	-0.017586551000000002	-0.0616722332	-0.0014475420999999998	-0.0161547353	0.0754597894	0.0625322567	0.0426013192	0.0178991758	0.00268542	-0.06677319999999999	-0.043733999999999995	-0.00017855	-6.24058e-05	-0.000199111
0.18266075000000004	0.08138423139999999	-0.0076394854000000015	0.0793397996	-0.0178335243	-0.0306351007	0.0663260869	0.07519127440000001	0.0615201462	0.0405456591	0.0147577975	-0.00594417	0.0249072	0.00948836	-0.000479938	1.96632e-05	0.0
0.12420263640000001	-0.0385648978	-0.0366954875	-0.0023713337	-0.0753244838	-0.0355037314	-0.0457775979	0.0749151845	0.060483246	0.038453239900000005	0.0115926346	-5.10836e-05	-0.042990499999999994	-0.00553075	0.00014382	-6.44336e-05	0.0
0.0968369364	0.0179218757	0.0332133385	0.0582052127	-0.0052449561	-9.32778e-05	0.0217107261	0.0746315476	0.0594219737	0.0363259585	0.0084087885	-0.00515255	-0.0133625	-0.00200355	-0.0004663580000000001	-0.000201295	-0.000424566
0.15473639279999998	-0.0412593985	-0.0529579888	-0.0173324812	-0.0213806508	0.0249193408	0.0853813676	0.0743403923	0.058336757	0.0341657437	0.0052113902	-2.65872e-05	-0.062122000000000004	-0.0235895	0.0007783179999999997	-6.12064e-05	-0.000224031
0.10393475279999999	0.0060514925	0.0577126117	-0.0139176448	0.0021796013	0.0312205644	-0.0244872486	0.0740417477	0.0572280333	0.0319745538	0.002005593	-0.00509104	-0.028660599999999998	-0.019761700000000004	-0.000171083	1.6906600000000002e-05	-0.000428139
0.07374446000000001	-0.0028397248	-0.0704646602	-0.0074307109	0.0481092614	-0.0023206707	-0.0394912147	0.0737356442	0.0560962492	0.0297543755	-0.0012034366	-0.0091545	-0.00522933	-0.0086473	0.000232274	-0.000201295	-0.000346991
0.12101766	-0.0525280645	0.0539021085	-0.0457160134	0.031533052	-0.0048969234	-0.0460010567	0.0734221124	0.0549418609	0.0275072215	-0.0044105266	0.00608649	-0.05459540000000001	-0.0325077	-0.00033051099999999997	-0.000201295	-0.00043521
0.13235807	0.0660160581	-0.001905231	0.0273218923	0.0664292437	-0.0112601866	0.04915144	0.07310118389999999	0.0537653335	0.0252351292	-0.007610508399999999	-0.00641704	0.0261714	-0.00169036	-0.000267559	-0.00014586200000000002	-0.00038818699999999996
0.1470758876	-0.0552172628	-0.048051766	0.0001545941	0.0070643827	-0.0554107587	0.042413177	0.0727728912	0.052567141100000006	0.0229401584	-0.0107982247	-7.02824e-05	-0.0642537	-0.018870500000000002	0.000194941	-3.90552e-05	-0.00048135800000000004
0.1008814031	-0.0101089475	0.0415950758	0.0551601486	-0.0285144147	-0.0488420822	0.0110233207	0.0724372672	0.0513477665	0.0206243899	-0.0139685379	-6.686930000000001e-05	-0.0236074	-0.0101021	-0.00046087300000000004	-0.000100172	-0.000793693
0.05211808070000001	-0.0284429652	-0.0636416116	0.0146147001	-0.0255886125	0.0096087425	-0.0366471973	0.0720943458	0.050107701	0.0182899231	-0.0171163386	-0.007971749999999998	-0.0265529	-0.0210312	-0.000267559	-0.000201295	-0.00048135800000000004
0.06357441	-0.0351610052	0.0516880829	0.0071640948	0.0093353123	0.0458571366	0.006060719	0.0717441615	0.0488474444	0.0159388744	-0.0202365536	0.00310436	-0.041427	-0.031140499999999998	-0.000616938	-0.000201295	-0.000682277
0.09824079750000002	-0.0006455023	-0.0469898123	0.0023652816	0.034461087200000004	0.0733766396	-0.006924603499999999	0.0713867496	0.0475675045	0.0135733754	-0.0233241543	-6.95925e-05	-0.00981348	-0.008598609999999998	-6.27233e-05	-0.0001382	-0.00048135800000000004
0.1095441516	-0.0484604299	0.0486504693	-0.0192503239	0.0216639655	0.026412711	0.0195459866	0.0710221462	0.046268397	0.0111955706	-0.0263741644	-5.943590000000001e-05	-0.0638188	-0.040938699999999995	-0.000364314	-0.00012249399999999998	-0.0006278330000000001
0.1511375191	0.0347828964	-0.0221225962	0.049401396900000005	0.043452758	-0.0053300621	-0.0388691024	0.0706503878	0.0449506455	0.0088076158	-0.0293816684	-0.010977700000000002	0.00329913	0.0203946	-0.000305059	-9.28635e-05	-0.00048135800000000004
0.1517990577	-0.0801112548	-0.0128044253	0.0046504102	0.0005187466	-0.0487625955	-0.0335566848	0.0702715121	0.0436147809	0.006411676	-0.0323418192	-5.310479999999999e-05	-0.0608498	-0.0377173	-0.000295034	-3.44485e-06	-0.000754187
0.11684783039999999	0.016289708	0.0039810463	0.0946180179	0.0328615743	0.0040983759	0.08214060200000001	0.0698855571	0.0422613414	0.0040099232	-0.0352498461	-6.266770000000001e-05	-0.0143953	0.00434341	-0.000559461	-0.000201295	-0.000650003
0.1416644142	-0.0856057153	-0.0340845521	0.023190591200000003	-0.002581673	0.0371328096	0.0902659848	0.06949256179999999	0.0408908726	0.001604535	-0.0381010623	-4.29685e-05	-0.0618433	-0.045522	5.52612e-05	-8.758909999999997e-05	-0.000808201
0.0888854865	0.000498767	0.0662327966	0.0381607457	-0.0094869646	0.0318983546	0.0281506879	0.0690925657	0.0395039266	-0.0008023078999999999	-0.0408908726	-0.00623105	-0.0353551	-0.0235667	-0.00042049800000000016	-0.000201295	-0.000903814
0.0757781864	0.0192685536	0.0007144701	-0.0207621782	-0.0414679104	0.07275671110000001	-0.0366720898	0.0686856091	0.0381010623	-0.0032084234000000003	-0.0436147809	-7.015360000000002e-05	-0.00696442	-0.00346289	-0.00042049800000000016	-0.000201295	-0.00048135800000000004
0.0485157157	0.0653695536	0.0113068718	-0.0206704415	0.0096246211	0.0360815833	0.03955216	0.068271733	0.0366828449	-0.0056116301	-0.046268397	-6.03879e-05	0.00980632	-0.0120197	-0.00013147700000000002	-0.000201295	-0.000655905
0.1461011729	-0.0442848991	-0.0986774324	-0.06790651	0.0438652068	0.0131988471	0.0136659665	0.0678509792	0.0352498461	-0.0080097493	-0.0488474444	0.00203894	-0.06537130000000001	-0.02103	0.0007433289999999999	-2.5255500000000002e-05	-0.0008013379999999999
0.118010985	-0.024860617	0.10072363289999996	-0.0389939602	0.0249724471	-0.0165452842	-0.0335159402	0.06742339	0.0338026431	-0.0104006067	-0.0513477665	0.0100756	-0.0529187	-0.03387709999999998	-0.00038236300000000004	0.00040386800000000004	-0.0009400150000000002
0.198903735	0.0777355585	-0.034740865	0.0013317131	0.0391410161	0.0135868392	0.0332274694	0.0669890084	0.0323418192	-0.0127820349	-0.0537653335	-0.008350599999999998	0.0305216	-0.00341698	0.000247008	5.85587e-05	-0.000583153
0.17695321	-0.0612675587	-0.0013572977	-0.0279196063	-0.0315918848	-0.0861267415	-0.031510769	0.0665478783	0.030867963	-0.0151518747	-0.0560962492	0.008804539999999998	-0.07097569999999999	-0.038856199999999994	-3.16307e-05	0.000135355	-0.00048135699999999997
0.142626219	0.0622815189	0.0284515131	0.0714472409	-0.0123557172	-0.0288094249	0.027930874700000004	0.0661000441	0.0293816684	-0.0175079777	-0.058336757	-4.0194e-05	0.00904084	-0.015817999999999995	-0.000184405	-9.307360000000001e-05	-0.0007146889999999999
0.1015393931	-0.0365923034	-0.081712597	0.0043043790000000005	-0.051914115	-0.0143625594	0.0435228044	0.06564555080000001	0.0278835343	-0.0198482077	-0.060483246	-1.08609e-05	-0.0507576	-0.00829273	0.000315756	-9.307360000000001e-05	-0.000898255
0.09141375800000001	-0.0292216765	0.0816402764	0.0243509096	-0.0849594776	0.059526017	0.0043924236	0.0651844444	0.0263741644	-0.0221704431	-0.0625322567	-4.00489e-05	-0.0356068	-0.041996	-0.000296563	-1.04876e-05	-0.00105396
0.12451361609999999	0.0371647037	-0.0390979831	0.0101074018	-0.0464523167	0.0894215072	-0.022355348	0.0647167712	0.0248541669	-0.0244725786	-0.0644804868	-0.008877009999999998	0.008609739999999998	-0.00042887	-5.0466e-05	6.67551e-05	-0.0007794399999999997
0.1448779354	-0.06760292080000001	-0.0063939465	-0.0345382331	0.030982482	0.0345570119	0.0035465555	0.0642425783	0.0233241543	-0.026752527	-0.0663247964	-5.50596e-05	-0.0610982	-0.0566989	-5.33826e-05	-9.307360000000001e-05	-0.000818255
0.11739117800000001	0.0382888458	0.0478199676	0.0175558088	0.07199975110000001	0.0327621541	0.0016994766	0.0637619136	0.0217847431	-0.0290082213	-0.0680622132	-5.01416e-05	-0.00625281	-0.012935299999999999	-0.00035740699999999996	-9.307360000000001e-05	-0.0008897760000000002
0.0461785523	0.001046131	-0.0599235237	-0.0436917878	0.06773084	-0.0025539424	0.0089296247	0.0632748254	0.0202365536	-0.0312376164	-0.06968993700000001	-4.670430000000001e-05	-0.0193064	-0.0225603	6.10172e-05	-4.15673e-05	-0.0008897760000000002
0.1035797693	-0.0259573906	0.0583894485	-0.016487355800000002	0.027230819	-0.0382131273	-0.0372941495	0.0627813628	0.0186802098	-0.0334386912	-0.0712053446	0.00702229	-0.054781399999999994	-0.0468394	-0.000496776	-9.307360000000001e-05	-0.00101561
0.129819902	0.0709075021	-0.0140139203	0.0395331709	0.0454150022	-0.0066302363	0.0214577687	0.062281575599999986	0.0171163386	-0.035609450099999995	-0.0726059935	-0.00474246	-0.00255145	0.000322402	-0.00033485199999999996	-9.307360000000001e-05	-0.0008042660000000001
0.112761882	-0.0438511897	-0.0276786859	-0.004509270300000001	-0.0333837366	-0.061475616	-0.043596739	0.061775514	0.0155455703	-0.037747925	-0.07388962639999999	0.008019089999999998	-0.0563414	-0.027313900000000002	-0.000304254	9.7115e-05	-0.000954961
0.0708237615	0.0400954603	0.0433470691	0.079818707	-0.053734863	-0.06901413049999999	-0.0116379015	0.0612632291	0.0139685379	-0.0398521774	-0.0750541746	-5.0141499999999994e-05	-0.021077000000000002	-0.0129416	-0.000311237	-9.307360000000001e-05	-0.0008897760000000002
0.026904700000000004	0.0098446486	-0.0636629945	0.0459635592	-0.09353392	0.0408657184	-0.0298850682	0.0607447724	0.0123858767	-0.0419202993	-0.0760977612	-5.0141499999999994e-05	-0.0271998	-0.0128651	0.000102871	-9.307360000000001e-05	-0.0008897760000000002
0.15031537150000002	-0.0617507168	0.0282043213	-0.0191004597	-0.0745087655	0.028600277	0.06645768469999999	0.0602201963	0.0107982247	-0.0439504158	-0.0770187042	0.0109136	-0.0687888	-0.0579845	-0.00040661699999999996	0.00012706900000000005	-0.00121301
0.1249332526	0.0633332258	0.047917608499999986	0.0152499855	-0.036007986	0.08071193900000001	0.013015841499999998	0.0596895534	0.0092062214	-0.0459406864	-0.0778155195	-3.7302600000000004e-05	-0.0128185	-0.016409799999999995	-0.000410631	-0.000194624	-0.0012099700000000005
0.034583377400000004	0.0141434115	-0.0711860754	-0.0188240035	-0.009369724	0.0179584172	-0.0140096976	0.0591528974	0.007610508399999999	-0.0478893067	-0.0784869228	-0.00358821	-0.026291000000000002	-0.012901499999999998	-0.000334198	-9.307360000000001e-05	-0.00110692
0.10866398	-0.0431212752	0.06337591349999999	-0.054245707	-0.0216574433	-0.0049744574	-0.0750164484	0.0586102822	0.0060117288	-0.0497945101	-0.0790318321	0.00601702	-0.057535400000000014	-0.054727	-0.000837465	-9.307360000000001e-05	-0.0010904100000000002
0.161734935	0.1045209705	0.0025788239	0.0384004788	0.0642768988	-0.0007967111999999999	0.0479915316	0.0580617626	0.0044105266	-0.0516545692	-0.0794493692	-0.007892019999999998	0.0108964	0.007519739999999999	-0.000529708	-9.30737e-05	-0.00105522
0.121283605	-0.0351218428	-0.0572269649	-0.0453483992	0.0238510884	-0.0741277909	-0.0341776602	0.0575073938	0.0028075473	-0.0534677978	-0.0797388611	-3.226e-05	-0.0550414	-0.012880500000000001	-0.000141003	4.85374e-05	-0.00106662
0.088378132	0.0709808541	0.0740652772	0.0188476867	-0.003685041	-0.0792491813	-0.0269082987	0.0569472315	0.0012034366	-0.0552325519	-0.0798998413	-2.9933000000000013e-05	-0.030429	-0.0219149	-0.000862562	-9.30737e-05	-0.00129803
0.07750612629999999	0.0033215912	-0.08463713810000001	-0.0201125241	-0.0361131329	-0.0657259646	-0.0532975554	0.05638133240000001	-0.000401159	-0.0569472315	-0.0799320503	-0.00778574	-0.025118599999999998	-0.00226714	-0.00021464099999999998	-5.115140000000001e-07	-0.00114267
0.0908162508	0.0282625644	0.0736444858	-0.0073699347	-0.0272392154	-0.0219751828	-0.0245141852	0.0558097533	-0.002005593	-0.0586102822	-0.0798354362	-1.09535e-05	-0.0447149	-0.014250200000000001	-0.000910491	-9.307360000000001e-05	-0.0013835000000000002
0.1378579165	0.0301278017	-0.1018910407	-0.0176680845	-0.0458155955	0.0298513346	0.0328493571	0.0552325519	-0.0036092188	-0.0602201963	-0.0796101548	-0.0204995	-0.016784099999999996	-0.017558899999999995	0.000104197	-0.000238819	-0.0008213360000000001
0.19707169	-0.0388449658	0.0730817299	-0.0441572765	-0.0526533936	0.015954215600000002	-0.0537072034	0.0546497862	-0.0052113902	-0.061775514	-0.079256569	0.00956507	-0.06866810000000001	-0.060215899999999996	-0.00113094	-9.307360000000001e-05	-0.0008897760000000002
0.193569855	0.043070062400000005	-0.0540358393	-0.0231000282	0.0457486238	0.08295048940000001	-0.06453946349999999	0.0540615151	-0.0068114617	-0.0632748254	-0.0787752489	-0.00384914	-0.014665200000000001	0.00383031	-7.26073e-05	9.072440000000001e-05	-0.0008897760000000002
0.165818115	-0.069436122	0.0322877549	-0.0960239696	0.0384330955	0.0107898684	0.0206287216	0.0534677978	-0.0084087885	-0.0647167712	-0.07816697	0.0022039	-0.0744115	-0.0774112	-0.000252815	0.000179547	-0.000783261
0.14232158	0.0146012909	-0.0151834037	0.0021147259	0.0846785614	0.018673731	-0.0429966034	0.052868694	-0.0100027269	-0.0661000441	-0.0774327128	-0.00531403	-0.0173323	-0.0216431	-0.000400371	0.000164065	-0.00105935
0.13317562	-0.0570586183	0.0290835804	-0.0345666361	0.0724141993	-0.036151567200000005	0.023835082200000003	0.0522642642	-0.0115926346	-0.06742339	-0.0765736605	0.00711814	-0.056046000000000006	-0.06499169999999999	-0.000739073	0.00042941199999999995	-0.0008897760000000002
0.185342505	0.036763254	0.0029801431	0.0273804271	0.0590156087	-0.0204482683	-0.0106762528	0.0516545692	-0.0131778711	-0.0686856091	-0.07559119780000001	-0.011785799999999999	-0.00933959	0.00475021	-0.000356966	6.486810000000001e-05	-0.00114293
0.185025355	-0.0591191308	0.0203091381	0.0042856854	0.0396494903	-0.0573087697	0.0970460098	0.0510396705	-0.0147577975	-0.0698855571	-0.0744869079	0.00318219	-0.0611581	-0.0737887	-0.0005920259999999999	0.00037065300000000003	-0.0008897760000000002
0.16748011999999998	0.06243934	0.0037739592	0.0569242354	-0.011479963700000002	-0.0629555543	-0.0375159982	0.05041963	-0.0163317771	-0.0710221462	-0.0732625707	-0.0108489	-0.00849656	0.00836659	-0.0006688810000000001	0.000317998	-0.0011329100000000002
0.20022118	-0.0834378444	-0.0331297305	0.0131764163	-0.0280674128	-0.0046572325	0.0557156455	0.0497945101	-0.0178991758	-0.0720943458	-0.0719201593	0.00957625	-0.0751022	-0.07355989999999997	-0.000818606	0.000550417	-0.0008897760000000002
0.14565272	0.0430060392	0.0595210243	0.06775762839999999	0.0004007042	0.0085115327	0.0541000316	0.0491643739	-0.0194593619	-0.07310118389999999	-0.07046183730000001	-0.00626292	-0.027741500000000002	-0.025318200000000003	-0.000815465	0.00048347900000000004	-0.00150392
0.108478893	-0.0733552174	-0.0913041317	-0.0102733332	-0.0225838374	0.0395622909	0.034495435	0.0485292848	-0.0210117067	-0.0740417477	-0.06888995490000001	0.00033442300000000003	-0.0694752	-0.0547434	-0.0005424890000000001	0.000612806	-0.00129177
0.06093670900000001	0.0199031858	0.1019604984	0.006758709200000001	0.0217146047	0.0267046963	-0.0121063857	0.0478893067	-0.0225555848	-0.0749151845	-0.06720704549999999	-0.00039473599999999997	-0.044859699999999995	-0.037621100000000005	-0.0009064310000000001	0.000618259	-0.00129177
0.104910604	0.018876812	-0.0705951291	-0.0354003557	0.08673960480000001	0.0718309535	-0.086834486	0.0472445043	-0.024090374	-0.0757207024	-0.06541582139999999	-0.00521903	-0.0209723	0.00114616	-0.00042412699999999995	0.00035193	-0.00129177
0.14572943	-0.030685769100000006	0.0814879824	-0.07082844320000001	0.08722942730000001	-0.0275443657	0.0223218974	0.046594942400000006	-0.0256154559	-0.07645757110000001	-0.0635191694	0.00362404	-0.0639063	-0.07818	-0.000652867	0.000288146	-0.00129177
0.157028735	0.0792184804	-0.0280797457	0.0112581472	0.07426618360000001	-0.007400441800000002	0.0096832767	0.0459406864	-0.0271302159	-0.0771251226	-0.0615201462	-0.013554600000000005	-0.0199433	-0.0011603500000000005	-0.000702927	-3.91429e-05	-0.00129177
0.170055525	-0.0546237529	-0.015905641	-0.0226769969	-0.0063229222	-0.0818494512	-0.0235800247	0.0452818024	-0.0286340436	-0.0777227516	-0.0594219737	0.00241858	-0.07468669999999998	-0.06624830000000001	-0.000652867	0.000498187	-0.00119414
0.12546163	0.0450174199	0.0250414816	0.0556557839	0.0143969089	-0.0528372667	-0.0108662302	0.044618356500000005	-0.0301263332	-0.0782499164	-0.0572280333	-0.0020663	-0.027591900000000003	-0.0305964	-0.000945286	0.000309175	-0.00147731
0.075067148	-0.030125691	-0.06690165740000001	0.0135665528	-0.0461917082	-0.0571437106	0.048517624800000006	0.0439504158	-0.0316064831	-0.0787061389	-0.0549418609	0.000241898	-0.061623199999999996	-0.0353339	-0.0005677109999999999	0.000425863	-0.00129177
0.07970833199999999	-0.0272171904	0.0642424204	0.0346035409	-0.0641211137	-0.0457546357	-0.0092835772	0.0432780475	-0.0330738971	-0.07909100570000001	-0.052567141100000006	0.00826498	-0.0709494	-0.07069099999999999	-0.00110775	0.000425863	-0.00129177
0.11386987	0.0230444737	-0.0527521991	0.0631365848	-0.0863219879	0.0207641371	-0.0266567179	0.0426013192	-0.0345279838	-0.0794041677	-0.050107701	-0.00145844	-0.0497923	-0.0211647	-0.000626156	0.000349466	-0.00140304
0.09341517	-0.0612783971	0.039341924900000005	0.0011296027	-0.0903478778	0.045872535	0.0078845712	0.0419202993	-0.0359681572	-0.079645341	-0.0475675045	0.00567058	-0.06662560000000001	-0.0683291	-0.0008503719999999997	0.000506849	-0.00146721
0.09302310000000001	0.0341269034	-0.013734851299999998	0.0486095684	-0.0245199334	0.0886125168	0.0801582951	0.0412350562	-0.0373938371	-0.0798143071	-0.0449506455	-0.00113562	-0.0487848	-0.033213400000000004	-0.000541499	0.00042586400000000003	-0.00174256
0.11663980999999995	-0.06205368190000001	-0.011721454	-0.0415094436	-0.0363315278	0.0636930036	0.0234517394	0.0405456591	-0.038804449	-0.0799109126	-0.0422613414	0.00573584	-0.0911377	-0.0733529	-0.000739608	0.00042586400000000003	-0.00139515
0.13394478	0.0491535816	0.0393257057	0.0242555009	0.0218634348	0.0584696014	-0.0197337329	0.0398521774	-0.0401994245	-0.07993507009999999	-0.0395039266	-0.00679724	-0.028428700000000005	-0.0332739	-0.000786872	0.00042586400000000003	-0.00172036
0.09313079999999996	-0.0453835952	-0.062617477	-0.0477131625	0.048536460700000006	0.0103505811	0.0603800893	0.0391546809	-0.0415782013	-0.0798867576	-0.0366828449	-0.0013964400000000005	-0.06591799999999999	-0.056866099999999996	-0.000607779	0.000338927	-0.00145342
0.038284868999999985	0.0273428773	0.137678271	-0.06990170450000001	-0.0104773009	0.0145776948	-0.0217407938	0.038453239900000005	-0.0429402241	-0.0797660189	-0.0338026431	0.00032182900000000004	-0.0548144	-0.05861130000000001	-0.0006684610000000001	0.000478271	-0.00172775
0.18848681399999997	0.1107154955	-0.0648400485	-0.054008373600000006	0.0350147497	0.0337289936	0.0549772218	0.037747925	-0.0442849438	-0.0795729635	-0.030867963	-0.0205035	-0.00424103	-0.0177924	-5.67396e-05	6.86081e-05	-0.00122375
0.176977705	-0.0146898256	0.0031124348	-0.0891697041	-0.036547971	-0.0527539651	0.0312448013	0.037038807400000005	-0.0456118188	-0.0793077664	-0.0278835343	0.00457511	-0.080291	-0.0479211	0.000199957	0.00065829	-0.00129178
0.17665591000000005	0.0640423195	0.012441582	-0.0289668122	-0.0008064058	-0.0103431539	-0.1003688645	0.0363259585	-0.0469203142	-0.0789706681	-0.0248541669	-0.014936099999999999	-0.00624765	-0.0162273	-0.000444933	0.00035522900000000004	-0.00137198
0.18336125399999997	-0.0356792931	-0.0420550602	0.0048942921	0.0024038541	-0.0733891859	0.1057853892	0.035609450099999995	-0.0482099028	-0.0785619741	-0.0217847431	-0.0008516960000000001	-0.0685668	-0.06878530000000001	0.000138532	0.0006963480000000001	-0.00153539
0.11874450399999995	0.0173882572	0.0711043691	0.0552010821	-0.074551069	-0.0589066564	-0.0691166669	0.0348893543	-0.0494800651	-0.078082055	-0.0186802098	-0.0022752	-0.028567500000000006	-0.034961400000000004	-0.000647288	0.000618422	-0.0015416
0.05644805	0.006176493000000001	-0.1016341194	0.0390192126	-0.0498247081	-0.008176173	0.1162957076	0.0341657437	-0.0507302891	-0.07753134589999999	-0.0155455703	-0.00288403	-0.047724	-0.030064099999999996	-9.88856e-05	0.0006963480000000001	-0.00153222
0.08861628800000003	-0.0572556917	0.0672192848	-0.0174629661	-0.1547746364	0.0767868717	-0.0211789274	0.0334386912	-0.051960071	-0.07691034599999999	-0.0123858767	2.4588000000000002e-05	-0.05955750000000001	-0.06613610000000003	-0.0008148089999999999	0.0006963480000000001	-0.0014920999999999995
0.08347386799999999	0.0312402663	-0.042602982699999986	0.033226011	-0.0005530759	0.14327935	-0.001129963	0.03270827	-0.0531689154	-0.0762196185	-0.0092062214	-0.00784368	-0.0343018	-0.0447886	-0.00038337099999999997	0.0006963480000000001	-0.00164071
0.11639061000000002	-0.059339974800000014	0.051028434	-0.1034727026	0.0169125585	0.0809924718	0.04963338230000002	0.0319745538	-0.0543563352	-0.0754597894	-0.0060117288	0.00369958	-0.0715051	-0.0858528	-0.00037788599999999997	0.0008735299999999999	-0.00129178
0.17365513	0.0820212781	0.0067085533	-0.0212225961	0.1226996279	0.0234463778	0.0187696756	0.0312376164	-0.0555218517	-0.0746315476	-0.0028075473	-0.013707200000000001	-0.023334599999999997	-0.0390958	-0.000221841	0.000248218	-0.00173684
0.15447893	-0.0444031811	-0.0168149144	-0.0744288285	0.0637710191	-0.0543607711	-0.0706384464	0.0304975321	-0.0566649955	-0.0737356442	0.000401159	0.00373108	-0.0687054	-0.0673347	-0.000608241	0.0007418969999999999	-0.0013483
0.14042230000000006	0.062849074	0.0232332446	0.0561348633	0.0794481095	-0.0824453416	-0.0332912898	0.0297543755	-0.0577853059	-0.0727728912	0.0036092188	-0.00530937	-0.0247493	-0.0343483	-0.0008148089999999999	0.000248218	-0.00173684
0.07701137999999999	-0.0244009617	-0.0457770512	-0.0107145568	0.0045195595	-0.0845762921	-0.0310064448	0.0290082213	-0.0588823313	-0.0717441615	0.0068114617	-0.00124039	-0.0456185	-0.0412026	-0.0006638560000000001	0.000762713	-0.00149791
0.04652895999999999	0.0561712872	0.0548895002	0.0460167256	-0.0066653173	-0.08663283570000001	0.0164999556	0.0282591448	-0.059955629800000014	-0.0706503878	0.0100027269	-0.012042700000000005	-0.0403783	-0.0351452	-0.0008148089999999999	0.000664015	-0.00173684
0.05198214999999999	-0.031541673	-0.110040213	0.0186789721	-0.0734711431	-0.05666307	-0.0084840784	0.0275072215	-0.061004769	-0.06949256179999999	0.0131778711	-0.0034419000000000003	-0.056155	-0.0341694	-0.000607949	0.000857792	-0.0016049
0.05910667	-0.0120726796	0.0602360819	0.0612247268	-0.0469440075	-0.0282532118	-0.033408881800000005	0.026752527	-0.0620293259	-0.068271733	0.0163317771	-0.00745287	-0.0587048	-0.0629241	-0.00102453	0.000812109	-0.00161846
0.07348714500000003	-0.021926022000000003	-0.0632579805	0.0178691173	-0.0442835748	0.0395798354	0.0631692563	0.0259951375	-0.0630288878	-0.0669890084	0.0194593619	-0.00624909	-0.0673355	-0.0647486	-3.97277e-05	0.00104248	-0.00163985
0.078139185	0.0186244731	0.0838958566	-0.0009066813	-0.0572403697	0.0274457139	-0.0548028751	0.0252351292	-0.06400305190000001	-0.06564555080000001	0.0225555848	-0.00269002	-0.06053380000000001	-0.05160830000000001	-0.00101167	0.00106631	-0.00173684
0.09118328	0.0406870045	-0.0996104049	0.0252249034	0.0025233956	0.0220615038	-0.0905577613	0.0244725786	-0.06495142570000001	-0.0642425783	0.0256154559	-0.0101295	-0.0458677	-0.0211481	-0.0006586760000000001	0.0007917139999999999	-0.00159208
0.14525529	-0.0461441989	0.07770537129999999	-0.0501052143	-0.0156689176	0.00092554	0.0161541886	0.0237075627	-0.065873627	-0.0627813628	0.0286340436	-0.00239576	-0.08033	-0.09466319999999999	-0.00085903	0.0008698329999999998	-0.00127967
0.16713894	0.0519259664	-0.0489037384	0.0552071055	0.0434685303	-0.0221369932	-0.033829957599999995	0.0229401584	-0.0667692842	-0.0612632291	0.0316064831	-0.0128859	-0.0380119	-0.014141299999999999	-0.000730837	0.00051029	-0.00146811
0.1619047	-0.0607693742	0.0286453719	-0.0417330187	0.0124468735	-0.007083529399999998	0.0159055431	0.0221704431	-0.0676380363	-0.0596895534	0.0345279838	0.00325015	-0.0810279	-0.08495819999999997	-0.0006828769999999999	0.0009199150000000002	-0.00128698
0.14857606	0.0422402632	-0.0104968815	0.0527418484	0.05881250900000001	-0.0123111233	0.032523605899999995	0.0213984944	-0.0684795334	-0.0580617626	0.0373938371	-0.00704001	-0.041976599999999996	-0.034209500000000004	-0.00104943	0.00064031	-0.00161054
0.11341764999999998	-0.0525675228	-0.008686013000000001	-0.0223192759	-0.0125912862	-0.0315023192	-0.0115653701	0.0206243899	-0.0692934363	-0.05638133240000001	0.0401994245	0.00213429	-0.07759989999999999	-0.0618793	-0.0006828769999999999	0.000839302	-0.0013570800000000005
0.1166978	0.06514418799999999	0.0306806932	0.0526545691	0.0140948408	-0.0601504547	-0.0380272107	0.0198482077	-0.0700794171	-0.0546497862	0.0429402241	-0.00553696	-0.035182	-0.0306392	-0.0007739089999999999	0.000602723	-0.00173684
0.08110174000000002	-0.0268241368	-0.055974285599999986	-0.0349854356	-0.0096476418	-0.007507056	0.033249777200000004	0.019070026	-0.07083715900000001	-0.052868694	0.0456118188	-0.00488867	-0.07032360000000001	-0.0495758	-0.000379769	0.000666768	-0.00166752
0.05470434999999999	0.0250518405	0.0744681435	0.0046296991	-0.0561334303	0.0154475584	-0.0274009844	0.0182899231	-0.0715663568	-0.0510396705	0.0482099028	-0.00296807	-0.059002699999999984	-0.0425603	-0.000989476	0.000656848	-0.00173684
0.07740895000000003	0.0488338863	-0.0698412917	0.0032690347	-0.020676041000000003	0.0549036959	-0.0980506601	0.0175079777	-0.07226671650000001	-0.0491643739	0.0507302891	-0.00792142	-0.0409549	-0.0230796	-0.000547642	0.00052266	-0.00185936
0.169144768	-0.059746586	0.0050686235	-0.0342322098	-0.021324086000000003	-0.0661081654	-0.030957614100000006	0.016724268400000002	-0.072937956	-0.0472445043	0.0531689154	0.000662548	-0.07805169999999999	-0.0796293	-0.00108533	0.0007713079999999997	-0.00130741
0.08577759799999997	0.0396699358	0.013267628500000002	0.0813085924	0.0001092464	-0.040675184	0.0471697756	0.0159388744	-0.07357980480000001	-0.0452818024	0.0555218517	-0.0047655	-0.0439532	-0.05644270000000001	-0.00108533	0.000739449	-0.00173684
0.06381739	-0.0284986053	-0.0461945604	-0.0231570635	-0.0541320329	0.0272587121	-0.0429115325	0.0151518747	-0.0741920043	-0.0432780475	0.0577853059	-0.00012666	-0.060820800000000015	-0.044211400000000005	-0.00051269	0.0007684019999999997	-0.00173684
0.05964914	0.0060271019	0.068728384	-0.0356726016	0.0287710341	0.0738213464	-0.0278782928	0.0143633485	-0.0747743077	-0.0412350562	0.059955629800000014	0.00285748	-0.0516467	-0.0620781	-0.0008999159999999998	0.0009736600000000002	-0.00173684
0.08701758000000001	0.0393400065	-0.0645010077	-0.0743109517	0.0736073817	0.1088930995	-0.0251673263	0.0135733754	-0.0753264804	-0.0391546809	0.0620293259	-0.009541	-0.043237	-0.0498592	-0.000178015	0.000615751	-0.00173684
0.12413594	-0.0452672936	0.0633828551	-0.1064516155	0.041858429700000005	0.0132253567	-0.0075122401	0.0127820349	-0.07584830000000001	-0.037038807400000005	0.06400305190000001	0.00307419	-0.0751118	-0.08310269999999999	-0.0008627939999999997	0.0008590209999999999	-0.00173684
0.13890926	0.064251925	-0.0393987005	0.027846391	0.095939455	0.0303622102	-0.0248886323	0.0119894067	-0.0763395561	-0.0348893543	0.065873627	-0.009136020000000002	-0.0375461	-0.028042900000000003	-0.000424871	0.0006154730000000001	-0.00173684
0.20658552	-0.0789956112	0.0082805177	-0.0568873909	0.0111565433	-0.0637403938	0.005553449499999999	0.0111955706	-0.0768000508	-0.03270827	0.0676380363	0.00371495	-0.08625299999999997	-0.09369839999999999	-0.00135375	0.000842787	-0.00130559
0.139445421	0.0504355842	0.0212343484	0.1047982756	0.0770697732	-0.0482747996	0.035046723700000004	0.0104006067	-0.0772295986	-0.0304975321	0.0692934363	-0.000479471	-0.0353383	-0.048652600000000004	-0.00106309	0.000842787	-0.0018007399999999997
0.061064451	-0.0477983836	-0.0503479597	0.0025297903	-0.0577934463	-0.0525214108	0.0466254991	0.0096045951	-0.0776280263	-0.0282591448	0.07083715900000001	0.00191313	-0.07000430000000002	-0.0522769	-0.000957948	0.000672498	-0.00166854
0.059710379999999987	0.0154652376	0.0375371615	0.0744608583	-0.0478586916	0.0122308867	0.0264658202	0.0088076158	-0.07799517339999999	-0.0259951375	0.07226671650000001	0.00615581	-0.046949300000000006	-0.06477000000000001	-0.00111775	0.000842788	-0.00173684
0.05434933	-0.0318108795	-0.0628464836	0.0244613411	-0.0602047314	-0.0285968382	0.0380776221	0.0080097493	-0.078330892	-0.0237075627	0.07357980480000001	0.00351628	-0.0630364	-0.071477	-0.0007991039999999999	0.00066208	-0.00165788
0.04890061000000001	-0.0187241788	0.06207926990000001	0.024742807	-0.0486086703	0.0380335379	-0.0087776807	0.0072110759	-0.0786350467	-0.0213984944	0.0747743077	0.00435369	-0.0615909	-0.0854946	-0.00117755	0.000856676	-0.00173684
0.08593219000000002	-0.0016607318	-0.0648926172	0.0258258205	-0.0380121328	0.0896116207	0.0398504452	0.006411676	-0.07890751509999999	-0.019070026	0.07584830000000001	-0.0035053000000000003	-0.06300109999999999	-0.0650514	-0.00030869599999999996	0.000601134	-0.00173684
0.12333886	-0.0494108144	0.06472634690000001	-0.0609347552	-0.0243280935	0.0766304055	0.0290839199	0.0056116301	-0.0791481873	-0.016724268400000002	0.0768000508	0.00131586	-0.08613669999999997	-0.11197599999999999	-0.00045032	0.00107092	-0.0013790999999999999
0.22030953	0.0851310424	0.0016977007	0.016771874699999998	0.0647764349	0.07826816190000001	0.0068674291	0.004811019000000001	-0.07935696639999999	-0.0143633485	0.0776280263	-0.00916327	-0.027190199999999998	-0.0140184	-0.0007330110000000001	0.000652825	-0.00173684
0.11975221	-0.0299493864	-0.066708638	-0.0526984978	0.0104384883	-0.0141647501	-0.0682101675	0.0040099232	-0.0795337681	-0.0119894067	0.078330892	0.00167744	-0.0673179	-0.053676800000000004	-0.00045032	0.0008269119999999999	-0.00161111
0.07620439000000001	-0.0119752173	0.0613025033	0.0063033624	0.0315481059	-0.0187353512	-0.0002888488	0.0032084234000000003	-0.0796785214	-0.0096045951	0.07890751509999999	0.00893258	-0.0673035	-0.0703448	-0.00117646	0.000633445	-0.00173684
0.09907889	0.0213969026	-0.0467483084	0.0099381688	0.0250929184	0.0424617504	-0.0315459317	0.0024066004	-0.0797911678	-0.0072110759	0.07935696639999999	-0.00936406	-0.05346030000000001	-0.045629199999999995	-0.00033905800000000005	0.000626378	-0.00173684
0.14625468	-0.07033435910000001	0.0263151433	-0.0446158289	-0.0053885559	0.007331521800000002	0.0295744798	0.001604535	-0.0798716619	-0.004811019000000001	0.0796785214	0.00085917	-0.0821029	-0.09538089999999999	-0.000959368	0.0008771109999999998	-0.00145514
0.12120071	0.0370636984	0.0172459945	0.0670960509	0.0659989921	0.0460694899	-0.0074181724	0.0008023078999999999	-0.0799199714	-0.0024066004	0.0798716619	-0.00729109	-0.033958300000000004	-0.0535943	-0.0009412180000000001	0.000608136	-0.0016304000000000002
0.09260499999999999	-0.0538187379	-0.0491005908	0.0066290064	0.0518722763	-0.0430239829	0.0246468682	0.0	-0.0799360767	-0.0	0.0799360767	-0.00195144	-0.07499650000000001	-0.0695926	-0.000661433	0.0007474279999999999	-0.0018159000000000003
0.09946486	-0.0080834125	0.0724879985	0.0365083498	0.0312769394	-0.0150178919	-0.0132713052	-0.0008023078999999999	-0.0799199714	0.0024066004	0.0798716619	0.00312387	-0.0450386	-0.051533800000000005	-0.00139118	0.000628778	-0.00173684
0.08506324	-0.0019502832	-0.0611743744	0.0330451161	0.0153780599	-0.0152198712	0.0477958371	-0.001604535	-0.0798716619	0.004811019000000001	0.0796785214	-0.00823712	-0.056369900000000014	-0.0498113	-0.00049246	0.000943017	-0.00173683
0.12585496	-0.0541243451	0.0523262885	-0.0205429741	-0.0904789194	-0.0122325044	-0.0318426233	-0.0024066004	-0.0797911678	0.0072110759	0.07935696639999999	-0.00197846	-0.0645885	-0.07690099999999997	-0.00160301	0.000625047	-0.00147959
0.12463203999999994	0.0748590022	-0.0055062538	0.0375037344	0.0044459459000000005	0.0188152647	0.0463102056	-0.0032084234000000003	-0.0796785214	0.0096045951	0.07890751509999999	-0.011025799999999999	-0.046306	-0.0273351	-0.000994522	0.000420759	-0.00133764
0.11409608600000005	-0.0419380193	-0.0877410568	-0.0007740908	-0.0016270795000000002	-0.0679803346	0.0274476267	-0.0040099232	-0.0795337681	0.0119894067	0.078330892	-0.000942514	-0.0820309	-0.0427385	-0.00038301	0.000703187	-0.00117389
0.12987331400000002	-0.032840367999999995	0.0932523789	-0.0131817691	-0.0028976296000000003	-0.0200688031	0.0174736573	-0.004811019000000001	-0.07935696639999999	0.0143633485	0.0776280263	0.008643299999999998	-0.0645336	-0.0709183	-0.00128538	0.000902025	-0.00156489
0.16641279	0.0737700729	-0.0453285672	0.0308474234	0.003052665	0.012119036299999998	-0.0459888717	-0.0056116301	-0.0791481873	0.016724268400000002	0.0768000508	-0.00575094	-0.037240499999999996	-0.017981299999999995	-0.000502817	0.000420759	-0.00173683
0.18518347	-0.0888427401	-0.0100495936	0.0004251085	-0.0193824369	-0.0585454753	0.0062672165000000005	-0.006411676	-0.07890751509999999	0.019070026	0.07584830000000001	0.00911733	-0.09127389999999999	-0.087839	-0.000558793	0.000965575	-0.00140914
0.17241015	0.0502164702	0.0725721416	0.06674771759999999	-0.0092391067	0.0489255202	0.03017803	-0.0072110759	-0.0786350467	0.0213984944	0.0747743077	-0.00359642	-0.0345715	-0.0372046	-0.000700946	0.0006554460000000001	-0.00200405
0.08863123	-0.0437666741	-0.1063392423	-0.0399550337	-0.0207554435	0.0609230104	0.0151495727	-0.0080097493	-0.078330892	0.0237075627	0.07357980480000001	0.00233356	-0.06813900000000002	-0.050027300000000004	-0.000402681	0.000758332	-0.00167898
0.10108222	-0.0411547244	0.0915779556	-0.0431329936	0.0081687484	0.08350490599999999	-0.0051794026	-0.0088076158	-0.07799517339999999	0.0259951375	0.07226671650000001	0.00653373	-0.07675429999999997	-0.08925369999999999	-0.00112888	0.00095716	-0.0016232
0.14204729000000002	0.0494320093	-0.0395797238	-0.0306366281	0.1368932367	0.0999260586	-0.07258165820000001	-0.0096045951	-0.0776280263	0.0282591448	0.07083715900000001	-0.00166581	-0.043540800000000004	-0.0158796	-0.0007353389999999999	0.0008476879999999997	-0.00166539
0.19327376	-0.0966026344	0.0011457902	-0.0849274833	0.1154665096	-0.0331118049	0.0241913084	-0.0104006067	-0.0772295986	0.0304975321	0.0692934363	0.0162144	-0.0968424	-0.101816	-0.000634909	0.0008063369999999999	-0.00108406
0.16300826	0.0250682751	0.0698488858	0.0210669488	0.1341897254	-0.0357269962	-0.0064343003	-0.0111955706	-0.0768000508	0.03270827	0.0676380363	0.00195494	-0.0422864	-0.051382500000000005	-0.0008028329999999998	0.000600415	-0.0015854
0.060177040000000015	0.0173546064	-0.0707432354	0.0338919937	0.0538528787	-0.042625769	-0.0992781023	-0.0119894067	-0.0763395561	0.0348893543	0.065873627	-0.004936	-0.0455151	-0.018673500000000003	-0.0008634619999999997	0.0007191439999999999	-0.00141779
0.13692118	-0.08857428349999999	0.0267927937	0.0323175899	0.0360317576	-0.0799883398	0.0377441303	-0.0127820349	-0.07584830000000001	0.037038807400000005	0.06400305190000001	0.00196083	-0.07659149999999999	-0.09986439999999999	-0.00100644	0.0007810169999999997	-0.0012675
0.11507219	0.022730692200000003	0.0157892013	0.1145903643	0.0450352185	-0.0337113405	0.0646131093	-0.0135733754	-0.0753264804	0.0391546809	0.0620293259	0.00197997	-0.0440414	-0.041629599999999996	-0.00103003	0.000630954	-0.00157921
0.11942319999999998	-0.0752986648	-0.0730450991	0.0531175373	-0.027589433	-0.0658454327	0.0704352288	-0.0143633485	-0.0747743077	0.0412350562	0.059955629800000014	0.00198222	-0.08937439999999999	-0.08691179999999997	-0.0007186289999999999	0.000727988	-0.00141153
0.10413022	0.0038742348	0.0937008491	0.0955894195	-0.0402789258	-0.0626265031	-0.0252919794	-0.0151518747	-0.0741920043	0.0432780475	0.0577853059	0.00197815	-0.0554135	-0.054867599999999996	-0.00119385	0.000760488	-0.00166623
0.07755022999999997	0.0081428858	-0.07839043009999999	0.0765409066	-0.0577659888	0.0243682544	-0.0616732739	-0.0159388744	-0.07357980480000001	0.0452818024	0.0555218517	0.00202205	-0.053762800000000006	-0.00875857	-0.000946237	0.000420759	-0.00167382
0.17151518	-0.0602289997	0.0721448881	0.0236004403	-0.06920065660000001	0.0143901269	0.0685444128	-0.016724268400000002	-0.072937956	0.0472445043	0.0531689154	0.00604485	-0.0890426	-0.0998831	-0.0008075119999999999	0.0007272249999999999	-0.00129725
0.17705909000000006	0.0294846011	-0.037057095	0.0937468874	-0.0459989577	0.0776044765	-0.0028127611	-0.0175079777	-0.07226671650000001	0.0491643739	0.0507302891	-0.00619829	-0.0376152	-0.0240463	-0.00104174	0.0005081780000000001	-0.00159501
0.13966399999999998	-0.0499756081	-0.0062299823	0.0022726999999999995	-0.0372470262	0.0485600111	-0.0112350634	-0.0182899231	-0.0715663568	0.0510396705	0.0482099028	0.00201416	-0.08046389999999999	-0.0798002	-0.00060464	0.0007280569999999999	-0.00159501
0.08865668	0.0138232752	-0.0085056996	0.0378867835	0.056338467300000014	0.0694885126	-0.0363803362	-0.019070026	-0.07083715900000001	0.052868694	0.0456118188	0.00201283	-0.045161	-0.042663	-0.000753372	0.000632014	-0.00167454
0.11618599	-0.074498007	-0.0308774124	-0.0111651959	0.0444723698	0.0191058921	0.0983751815	-0.0198482077	-0.0700794171	0.0546497862	0.0429402241	0.00204022	-0.0905962	-0.084627	-0.00060464	0.00104575	-0.00168726
0.08931081999999999	0.0141842493	0.0774942757	0.016872458	0.0077794342	0.0047612806	-0.0388486786	-0.0206243899	-0.0692934363	0.05638133240000001	0.0401994245	0.00201545	-0.0622254	-0.050936	-0.0008286089999999999	0.0008003639999999999	-0.00176239
0.07512157	0.025876836	-0.0773596329	0.0685636047	-0.007105943399999998	0.0208750744	-0.0345855615	-0.0213984944	-0.0684795334	0.0580617626	0.0373938371	0.00198318	-0.0564424	-0.0112949	-0.00060464	0.000598409	-0.00159501
0.16924582	-0.1004497571	0.021972421	0.0231056735	-0.0253059081	-0.0701792009	0.0156389075	-0.0221704431	-0.0676380363	0.0596895534	0.0345279838	0.00878125	-0.08906060000000003	-0.09402739999999997	-0.000862676	0.0008856239999999998	-0.00119832
0.158432714	0.0259501979	0.0373665216	0.1186159943	0.0292932546	0.0069215678	-0.0002000737	-0.0229401584	-0.0667692842	0.0612632291	0.0316064831	-0.000335364	-0.0444651	-0.0344408	-0.0009761189999999999	0.000589027	-0.00169096
0.092632844	-0.0498456647	-0.06603878469999999	-0.0001311893	-0.0400672008	0.0141672153	0.046327759	-0.0237075627	-0.065873627	0.0627813628	0.0286340436	0.00199388	-0.06684610000000002	-0.056524800000000014	-0.00060464	0.00103837	-0.00159501
0.08398044999999997	-0.0361432269	0.0571008688	0.0436002024	-0.0469517165	0.0523911146	0.0327009584	-0.0244725786	-0.06495142570000001	0.0642425783	0.0256154559	0.00201333	-0.08358	-0.0905602	-0.000922715	0.0006926110000000001	-0.00159501
0.12708491	0.0015311867000000002	-0.0259091117	0.0373237114	-0.0196196348	0.1085548324	-0.0727663299	-0.0252351292	-0.06400305190000001	0.06564555080000001	0.0225555848	-0.00659168	-0.0601515	-0.0208967	-0.0006407030000000001	0.000689625	-0.00181777
0.13505592	-0.0640505299	0.0456222125	-0.0109640289	0.028968464300000007	0.0848814331	-0.0488300063	-0.0259951375	-0.0630288878	0.0669890084	0.0194593619	0.00201894	-0.08509419999999998	-0.08717539999999999	-0.000890046	0.0009220000000000001	-0.00159501
0.17348074000000002	0.1356648168	0.1330707905	-0.1138110218	0.042539943	0.0523088861	0.1536128799	-0.026752527	-0.0620293259	0.068271733	0.0163317771	-0.0165701	-0.0269252	-0.11070799999999999	-0.00125117	-0.00018067799999999998	-0.00159501
0.34293615	0.2324265258	-0.0099153221	-0.3406809376	-0.0213869297	-0.1657749312	0.4333879996	-0.0275072215	-0.061004769	0.06949256179999999	0.0131778711	-0.048951	0.05309730000000002	-0.0256289	-0.000677486	0.000618152	-5.8451000000000013e-05
0.16771084775	0.0983364705	-0.050294421500000006	-0.2513038049	-0.1081848582	-0.0065099505	-0.0592992401	-0.0282591448	-0.059955629800000014	0.0706503878	0.0100027269	-0.026733299999999998	0.00447141	-0.0326293	-7.81845e-07	0.0004502280000000001	-0.00101116
0.08779719775	0.1383718485	0.0521738792	-0.1900749583	-0.1182335782	-0.0988387939	-0.1479108836	-0.0290082213	-0.0588823313	0.0717441615	0.0068114617	-0.012447399999999999	0.023405000000000002	-0.0253833	-0.000729776	0.000253188	-0.00103176
0.09465475000000002	0.1050375319	-0.0768579905	-0.1518171725	-0.1233353348	-0.0694309892	-0.0463805016	-0.0297543755	-0.0577853059	0.0727728912	0.0036092188	-0.0161202	0.0322366	-0.035266399999999996	0.00013687800000000005	0.000440035	-0.000639916
0.11536389999999999	0.0718062926	0.0861815048	-0.1544699864	-0.116779088	-0.04267269	-0.0841893411	-0.0304975321	-0.0566649955	0.0737356442	0.000401159	-0.0124338	-0.0126614	-0.0359287	-0.000504741	0.0004942659999999999	-0.00126641
0.13728516999999998	0.125809174	-0.06938652969999999	-0.0687364046	-0.0951074628	-0.0113075177	-0.0060412238	-0.0312376164	-0.0555218517	0.0746315476	-0.0028075473	-0.0228178	0.0329595	-0.008185869999999998	-6.17102e-05	0.0006709530000000001	-0.0008153789999999998
0.21025370000000002	-0.014066018	0.0330751561	-0.13048024619999998	-0.0799918248	0.0047133563	-0.059376603	-0.0319745538	-0.0543563352	0.0754597894	-0.0060117288	-0.00459494	-0.046322300000000004	-0.059170600000000004	0.000129748	0.00138228	-0.0011478800000000002
0.19645071	0.1104811633	-0.013510625900000002	-0.0042377954	-0.0056245406	-0.0439748017	0.0322571042	-0.03270827	-0.0531689154	0.0762196185	-0.0092062214	-0.025878500000000002	0.0309485	-0.0286988	-0.00031836099999999997	0.0008830729999999998	-0.0007467049999999999
0.188738865	-0.0223321982	-0.0286371934	-0.0718277968	-0.0353662972	-0.0910543636	-0.0224101188	-0.0334386912	-0.051960071	0.07691034599999999	-0.0123858767	-0.00566068	-0.0396365	-0.045188	4.3003900000000003e-05	0.00141859	-0.00147876
0.172101315	0.08580727380000001	0.0361890469	0.0323891642	-0.0092034352	-0.0991442134	-0.0261277902	-0.0341657437	-0.0507302891	0.07753134589999999	-0.0155455703	-0.0224931	0.0200073	-0.016469399999999995	-0.000514395	0.0008574889999999999	-0.00125913
0.14687435	-0.0033482808	-0.062232583	-0.0499769839	-0.0174993113	-0.0624375611	0.0558049103	-0.0348893543	-0.0494800651	0.078082055	-0.0186802098	-0.010519	-0.0276797	-0.028610700000000006	0.000322763	0.00121855	-0.0015623499999999995
0.1257595	0.0709905358	0.0524602001	-0.0042241449	-0.0500394065	-0.0769286947	-0.0985957836	-0.035609450099999995	-0.0482099028	0.0785619741	-0.0217847431	-0.0232899	0.0114868	-0.028507099999999997	-0.0005213759999999999	0.0007549989999999999	-0.00139567
0.10210595	0.0061525373	-0.1053424349	-0.0422276078	-0.0146810157	-0.008544875300000001	-0.0436589791	-0.0363259585	-0.0469203142	0.0789706681	-0.0248541669	-0.0185145	-0.0115608	-0.0496642	-0.00014981	0.00121855	-0.0016230699999999995
0.10524625	-0.0155370231	0.1186359799	-0.0567696092	-0.0134504519	0.0333001	-0.0585416922	-0.037038807400000005	-0.0456118188	0.0793077664	-0.0278835343	-0.0109072	-0.0401161	-0.0845896	-0.000401435	0.00147999	-0.00179317
0.21449043	0.0793059888	-0.0520670114	-0.022403958	0.069702211	0.0086664918	-0.0409761158	-0.037747925	-0.0442849438	0.0795729635	-0.030867963	-0.028997000000000002	0.013794200000000001	-0.00364202	-0.00022444700000000001	0.000743433	-0.00147586
0.19288905	-0.0435867669	0.0245095755	-0.06386417559999999	0.0799879254	-0.0092805137	-0.0935813847	-0.038453239900000005	-0.0429402241	0.0797660189	-0.0338026431	-0.009194730000000002	-0.0498329	-0.067524	-0.00011368	0.00121855	-0.00180153
0.14783317	0.0530073227	-0.0214542809	0.0364390908	0.0903277711	-0.026970369	0.01490471	-0.0391546809	-0.0415782013	0.0798867576	-0.0366828449	-0.0177199	-0.0100366	-0.019753599999999996	-0.0007301179999999998	0.0009132220000000002	-0.00168847
0.21212733	-0.0718223381	-0.0139195041	-0.034783443500000004	0.0254440545	-0.0182681376	-0.0720055254	-0.0398521774	-0.0401994245	0.07993507009999999	-0.0395039266	-0.00524432	-0.0661537	-0.0919048	-0.00017110700000000001	0.00167856	-0.00179179
0.16677532999999994	0.0425491256	0.0298788642	0.0797418753	0.0537584705	-0.1086068583	-0.0217439805	-0.0405456591	-0.038804449	0.0799109126	-0.0422613414	-0.011889499999999999	-0.0137461	-0.043174300000000006	-0.0007301179999999998	0.00121855	-0.00163097
0.07157658999999998	-0.0381237836	-0.0569411118	0.0356711445	-0.0070274317000000005	-0.0883819119	-0.0339461634	-0.0412350562	-0.0373938371	0.0798143071	-0.0449506455	-0.008821209999999998	-0.045880300000000006	-0.0451157	-0.000474294	0.00146716	-0.00181519
0.05192634	-0.0027671466	0.0457634751	0.0867209377	-0.0386182314	-0.0781380322	-0.0319566014	-0.0419202993	-0.0359681572	0.079645341	-0.0475675045	-0.010031700000000001	-0.0457684	-0.0552773	-0.0008018409999999998	0.00121855	-0.00204788
0.06186775000000001	-0.039703371	-0.0905550162	0.0692842916	-0.0528529265	-0.046661348099999986	-0.0123122676	-0.0426013192	-0.0345279838	0.0794041677	-0.050107701	-0.0121775	-0.0637259	-0.062864	-0.000254816	0.00121855	-0.00191135
0.08561789	-0.07191025599999999	0.0647388478	0.0765860156	-0.1017665566	0.0439879917	0.0142735617	-0.0432780475	-0.0330738971	0.07909100570000001	-0.052567141100000006	-0.00233541	-0.0456794	-0.0755307	-0.000791418	0.0014505000000000002	-0.0017786499999999997
0.14272859	0.0180880735	-0.0512915445	0.07439277030000001	-0.0334040778	0.176342301	0.0145486965	-0.0439504158	-0.0316064831	0.0787061389	-0.0549418609	-0.0146857	-0.014254	-0.019629	-0.000363154	0.00121855	-0.00157784
0.25301109	-0.0930092778	0.0310491739	-0.06414941099999999	0.023189312200000003	0.1843169868	0.0722900039	-0.044618356500000005	-0.0301263332	0.0782499164	-0.0572280333	-0.00455586	-0.08460299999999997	-0.10515799999999999	0.000532401	0.00177027	-0.00187063
0.26818873	0.07533535	0.0384310954	0.0095141338	0.062281521	0.0631780183	0.0103539759	-0.0452818024	-0.0286340436	0.0777227516	-0.0594219737	-0.0290166	-0.00218431	-0.0262459	-0.000271033	0.00121855	-0.00157784
0.10967434	-0.0186082463	-0.0919172004	-0.0316025111	0.0746837999	-0.0258672682	-0.0664449862	-0.0459406864	-0.0271302159	0.0771251226	-0.0615201462	-0.0124473	-0.044955699999999994	-0.04473030000000002	0.000196772	0.00121855	-0.00174702
0.09047361	-0.0552932656	0.04915049480000002	0.0251742613	0.0671684962	-0.0218771435	-0.0864738268	-0.046594942400000006	-0.0256154559	0.07645757110000001	-0.0635191694	0.00155941	-0.046645099999999995	-0.0644097	-0.00048555	0.00150019	-0.00188502
0.09009446	0.0076770503	-0.0295798193	0.0946753994	0.0539787926	0.0077593201	0.0428588806	-0.0472445043	-0.024090374	0.0757207024	-0.06541582139999999	-0.0131666	-0.0161781	-0.0473589	-0.0006522230000000001	0.00121855	-0.00199372
0.131510785	-0.0786161794	-0.0416395127	0.07740804400000001	-0.0226097188	-0.0578583802	0.0211632384	-0.0478893067	-0.0225555848	0.0749151845	-0.06720704549999999	-0.00542998	-0.0671937	-0.0762806	-9.83057e-05	0.00147243	-0.00192478
0.08705787499999999	-0.0381827291	0.0441707842	0.1213847077	-0.042916668	-0.0780992721	-0.0093198556	-0.0485292848	-0.0210117067	0.0740417477	-0.06888995490000001	-0.00536757	-0.048338599999999995	-0.0533567	-0.000863425	0.00147672	-0.0020597
0.05477902	-0.0408504412	-0.0699017991	0.1008441849	-0.0426587995	0.04642401610000002	-0.06496166490000001	-0.0491643739	-0.0194593619	0.07310118389999999	-0.07046183730000001	-0.0037045000000000003	-0.0441469	-0.056540599999999996	-0.00011975799999999999	0.00137982	-0.00198546
0.08936664399999998	-0.0909320892	0.05673490320000001	0.0517576329	-0.0392238249	0.0426091707	0.0648502782	-0.0497945101	-0.0178991758	0.0720943458	-0.0719201593	0.000518394	-0.07441699999999997	-0.0911379	-0.000237465	0.00166764	-0.00198546
0.17436249399999998	0.0204339452	-0.028372086	0.1001010732	-0.0035654885	0.1074505171	0.1036858263	-0.05041963	-0.0163317771	0.0710221462	-0.0732625707	-0.0157408	-0.0269061	-0.032558699999999996	-0.000424819	0.00103598	-0.00176421
0.21873850000000009	-0.1230549674	-0.0369841899	0.0210743573	0.006065432900000001	0.06787440480000001	0.0647923389	-0.0510396705	-0.0147577975	0.0698855571	-0.0744869079	0.0117001	-0.0966801	-0.09874089999999999	-0.000138801	0.00177823	-0.00184277
0.17710092999999996	-0.0065726393	0.0766461671	0.0960845452	0.0289503978	0.0457466062	0.020073546	-0.0516545692	-0.0131778711	0.0686856091	-0.07559119780000001	-0.00130053	-0.0378869	-0.055030600000000006	-0.000668367	0.00121855	-0.00198546
0.04491614000000002	-0.0150333277	-0.075153372	0.0407353431	0.0287215469	0.080759024	-0.1090187999	-0.0522642642	-0.0115926346	0.06742339	-0.0765736605	-0.008664369999999998	-0.041995199999999996	-0.036148	-0.0004998590000000001	0.00109583	-0.00198546
0.16036781000000006	-0.1113546678	0.0286722763	0.011728426	0.0977227877	0.0116110842	0.0976602392	-0.052868694	-0.0100027269	0.0661000441	-0.0774327128	0.00493589	-0.0855734	-0.09767189999999999	-0.000604678	0.00173327	-0.00189441
0.12823978	-0.0101769684	0.039928906	0.0501857171	0.0794621575	0.0737724422	0.0475267585	-0.0534677978	-0.0084087885	0.0647167712	-0.07816697	-0.00866589	-0.035261	-0.06363480000000002	-0.000604678	0.00121855	-0.00198546
0.04432591	-0.051785424	-0.0684099054	0.0307014761	0.0904966201	-0.0181998371	0.0353081421	-0.0540615151	-0.0068114617	0.0632748254	-0.0787752489	-0.00305048	-0.062188199999999985	-0.0634145	-0.000604678	0.00144981	-0.00198546
0.036719765000000015	-0.0719125599	0.0735602771	0.0287037515	0.0228610619	-0.013917901399999998	-0.0317080899	-0.0546497862	-0.0052113902	0.061775514	-0.079256569	-0.000968065	-0.0567064	-0.07416080000000001	-0.000887173	0.00136412	-0.00198546
0.083388845	0.0142771505	-0.0487768728	0.1386966519	0.0827662376	0.0192643135	0.018378056	-0.0552325519	-0.0036092188	0.0602201963	-0.0796101548	-0.00866271	-0.030748599999999997	-0.0399233	-0.0009103010000000001	0.00107727	-0.00198546
0.14232642000000004	-0.0974816151	-0.0156093285	0.0491245043	0.035165280800000004	-0.0397725186	0.0448405696	-0.0558097533	-0.002005593	0.0586102822	-0.0798354362	0.00409126	-0.07012350000000002	-0.07246699999999999	-0.00028252400000000003	0.00160257	-0.00198546
0.07829921	-0.021254845	0.032453362	0.1146810627	0.0015627885	0.0297010486	0.0644409999	-0.05638133240000001	-0.000401159	0.0569472315	-0.0799320503	-0.00650475	-0.040399300000000006	-0.06345419999999999	-0.000604678	0.0013454	-0.00198546
0.04659708999999999	-0.0735089754	-0.039900396	0.0436725249	-0.0278175457	0.0415482	0.0217736536	-0.0569472315	0.0012034366	0.0552325519	-0.0798998413	-0.00866439	-0.056675	-0.059115	-0.000231677	0.00144885	-0.00198546
0.06430772	-0.0439680943	0.0475061772	0.0441036448	0.0153909635	0.05893732610000001	-0.0347217234	-0.0575073938	0.0028075473	0.0534677978	-0.0797388611	-0.00130447	-0.0444565	-0.07748660000000003	-0.0005285309999999999	0.00121855	-0.00198546
0.07556205	-0.0045440031	-0.0114610877	0.0161158072	0.0376730327	0.1036259508	-0.0331100934	-0.0580617626	0.0044105266	0.0516545692	-0.0794493692	-0.00503917	-0.0275009	-0.0377489	-0.00033228	0.00121855	-0.00187903
0.0806478229	-0.0384172435	0.0392367022	-0.018350218	0.0510623024	0.08064717019999999	-0.0635296774	-0.0586102822	0.0060117288	0.0497945101	-0.0790318321	-2.1162100000000002e-05	-0.057962099999999996	-0.0533744	4.62923e-05	0.00132441	-0.00198546
0.1267852679	0.0926303533	0.0397020663	-0.0313451667	0.0078030144999999985	0.0385704533	0.0906135461	-0.0591528974	0.007610508399999999	0.0478893067	-0.0784869228	-0.030237	-0.0126046	-0.0357161	4.14387e-05	0.000658191	-0.00198546
0.08183596500000001	0.0131931136	-0.0829772951	-0.056863637	-0.0341353476	0.0854030031	-0.1213557612	-0.0596895534	0.0092062214	0.0459406864	-0.0778155195	-0.0249738	-0.0282596	-0.014788999999999997	0.000384603	0.00103257	-0.00190319
0.29755325	-0.1345224284	-0.0246539116	-0.0325744794	0.0495001747	-0.0158396376	0.1244140667	-0.0602201963	0.0107982247	0.0439504158	-0.0770187042	0.00297025	-0.11134000000000001	-0.12063499999999999	0.000637689	0.00195805	-0.0014681
0.2568844	-0.0186559733	0.0677487475	-0.0185895276	0.0715331926	-0.0217413604	0.0347358206	-0.0607447724	0.0123858767	0.0419202993	-0.0760977612	-0.0112002	-0.0448044	-0.055515800000000004	-0.0007938639999999999	0.00185404	-0.00215372
0.162870445	0.0389682985	0.0410172679	-0.0222905197	0.0275031466	0.0087866749	0.0235516554	-0.0612632291	0.0139685379	0.0398521774	-0.0750541746	-0.0161158	-0.0017423199999999995	-0.058608000000000014	7.866729999999999e-05	0.00121855	-0.00142573
0.122180595	0.1032682564	0.0153580116	-0.0160382208	-0.005411766700000001	-0.1410329391	0.1045708153	-0.061775514	0.0155455703	0.037747925	-0.07388962639999999	-0.0306233	0.016702	-0.00462154	-0.000307525	0.000999836	-0.00132579
0.15627621	-0.0074343062	-0.0997293356	0.0145204317	-0.0528525327	-0.1087478476	0.010628315	-0.062281575599999986	0.0171163386	0.035609450099999995	-0.0726059935	-0.011819	-0.034723199999999996	-0.053623699999999996	-0.00031576200000000003	0.00137156	-0.00168672
0.08930089	-0.0682362079	0.0701940926	-0.0126439368	-0.0868947783	0.05668528730000001	-0.0022193365	-0.0627813628	0.0186802098	0.0334386912	-0.0712053446	0.00568294	-0.055140499999999995	-0.07087310000000001	-0.000505197	0.00170788	-0.00184361
0.176252	0.08960941189999999	0.0415746668	-0.0606735268	-0.0115927529	0.13348784130000002	0.0749575553	-0.0632748254	0.0202365536	0.0312376164	-0.06968993700000001	-0.0193359	0.00761636	-0.0196798	-0.000505197	0.00121855	-0.00158728
0.06094191999999999	0.0702603878	-0.0291946251	-0.1300419949	0.0506427346	0.0900863624	-0.0815502221	-0.0637619136	0.0217847431	0.0290082213	-0.0680622132	-0.0221408	-0.00309571	-0.0272468	-0.000100776	0.0009159519999999999	-0.00149714
0.191751752	-0.06656412490000001	-0.0529038155	-0.0726728513	0.1978619465	0.0126065597	-0.0260458947	-0.0642425783	0.0233241543	0.026752527	-0.0663247964	1.6017e-05	-0.052651199999999995	-0.0884661	9.450889999999999e-05	0.00152982	-0.00186439
0.169588252	0.0008527259	0.0998986962	-0.0864451539	0.1330216089	-0.034629374500000004	-0.0900077659	-0.0647167712	0.0248541669	0.0244725786	-0.0644804868	-0.00742529	-0.0144481	-0.0403086	-0.0007716179999999997	0.00100129	-0.00198546
0.10254714	0.0646586102	-0.069299052	-0.0268772546	0.1614167503	-0.0579763164	-0.0442637967	-0.0651844444	0.0263741644	0.0221704431	-0.0625322567	-0.025744	-0.00131397	-0.026595	-0.000433209	0.000753995	-0.00142355
0.22386379	-0.0742433364	0.0127491504	-0.0498550678	0.0830612318	-0.136858651	-0.004889775	-0.06564555080000001	0.0278835343	0.0198482077	-0.060483246	0.00332061	-0.0755467	-0.08276269999999998	-0.00013130900000000005	0.00173172	-0.0014152000000000001
0.25354478	0.08259518490000001	0.0241560565	0.0093826755	0.0549604914	-0.17644540539999998	-0.011898973	-0.0661000441	0.0293816684	0.0175079777	-0.058336757	-0.0230576	0.00494035	0.00331537	-0.00034179800000000004	0.00081835	-0.00150337
0.05562486999999999	0.0038339941	-0.0221187783	-0.020027201100000003	-0.0425850475	-0.0179198884	-0.1123528571	-0.0665478783	0.030867963	0.0151518747	-0.0560962492	-0.0217107	-0.0204138	-0.010375299999999999	-0.000511556	0.000753995	-0.00157392
0.0386258	0.08575384119999999	0.0269006503	0.0294823027	-0.036575415	-0.065029209	0.0303569827	-0.0669890084	0.0323418192	0.0127820349	-0.0537653335	-0.0278533	-0.007269849999999999	-0.0185603	-0.00032287099999999997	0.000753995	-0.00153952
0.083242545	0.0189221669	-0.0661895976	-0.0340710728	-0.131103158	-0.0977242765	-0.0517307546	-0.06742339	0.0338026431	0.0104006067	-0.0513477665	-0.0183987	-0.0258474	-0.0246423	9.543190000000001e-05	0.00104278	-0.00126404
0.069318195	0.0266076253	0.0614102835	0.0276199777	-0.1332283841	-0.0004032232	-0.0593828564	-0.0678509792	0.0352498461	0.0080097493	-0.0488474444	-0.011417299999999998	-0.0279327	-0.0417355	-0.00032880400000000003	0.00122937	-0.0015163799999999995
0.14532093199999999	0.1009000916	-0.0013557	-0.0055911695	-0.1821164367	-0.0094638258	0.1055403702	-0.068271733	0.0366828449	0.0056116301	-0.046268397	-0.032878	0.00046938199999999996	-0.019055799999999998	0.000226656	0.000821071	-0.00102457
0.051570782	0.1128445639	-0.0096369981	-0.0184368001	-0.2239207788	-0.0033853624	0.0968051172	-0.0686856091	0.0381010623	0.0032084234000000003	-0.0436147809	-0.0300791	-0.00263055	-0.031111200000000002	0.000388228	0.000379802	-0.0010940600000000002
0.1325267	-0.0034553756	-0.1421691424	-0.0382058021	-0.1531508492	0.0061618065	-0.0189967904	-0.0690925657	0.0395039266	0.0008023078999999999	-0.0408908726	-0.0150281	-0.06251469999999999	-0.0354934	0.000710647	0.00078472	-0.00143091
0.2098861	-0.0901773233	0.0894251675	-0.0679528382	-0.0954182705	0.0422151985	0.0140241787	-0.06949256179999999	0.0408908726	-0.001604535	-0.0381010623	0.004575500000000001	-0.0971523	-0.0934876	-0.000444147	0.0015734000000000002	-0.00144045
0.26913254000000003	0.1089237537	0.0155206868	-0.024659592200000004	-0.0309820648	0.1092222259	0.095685526	-0.0698855571	0.0422613414	-0.0040099232	-0.0352498461	-0.0245427	-0.009126660000000002	-0.0260291	0.00028880700000000003	0.00078472	-0.00127148
0.18936212	-0.0251063886	-0.0405429879	-0.0543887835	-0.027466798	0.0182421189	0.0337420711	-0.0702715121	0.0436147809	-0.006411676	-0.0323418192	-0.00717997	-0.0798527	-0.0619896	0.000615024	0.00137967	-0.00165657
0.14927443	0.0735395316	0.0903309947	-0.0363987766	-0.0533580277	0.0343296002	-0.028347112	-0.0706503878	0.0449506455	-0.0088076158	-0.0293816684	-0.0158857	-0.030088999999999998	-0.0331287	-0.000128363	0.000996665	-0.00176906
0.04935562	0.0775247882	-0.08413757919999999	-0.0304267407	-0.0515254491	0.0182689293	-0.0176182194	-0.0710221462	0.046268397	-0.0111955706	-0.0263741644	-0.0159112	-0.0249172	-0.00576208	-0.000128363	0.0009598110000000001	-0.00147008
0.232400975	-0.08968786570000001	0.0106771121	-0.0751940788	0.0074318776	0.0313226688	0.0178461972	-0.0713867496	0.0475675045	-0.0135733754	-0.0233241543	0.007050399999999998	-0.08883189999999999	-0.0908375	-1.1196900000000001e-05	0.00182822	-0.00169349
0.16171209500000006	0.0685772288	0.0999080254	-0.0253308755	0.0649075367	0.00028233720000000003	-0.0276629135	-0.0717441615	0.0488474444	-0.0159388744	-0.0202365536	-0.00988389	-0.018544799999999997	-0.054483500000000004	-0.000393031	0.00157329	-0.00156752
0.10744328	0.0753866613	-0.055342091	-0.0751833533	0.0256245969	-0.0286550771	-0.05659150480000001	-0.0720943458	0.050107701	-0.0182899231	-0.0171163386	-0.0205215	-0.0113605	-0.00767458	-0.00037305199999999996	0.00107301	-0.0012315300000000006
0.23425528	-0.0483119883	-4.914310000000002e-05	-0.0219801358	0.0577098116	-0.1213658925	-0.0188724139	-0.0724372672	0.0513477665	-0.0206243899	-0.0139685379	-0.00149139	-0.0731505	-0.08034939999999999	-0.0007295889999999999	0.00200115	-0.00156206
0.17276001	0.0637299888	0.080128495	0.035398747	-0.0084480425	-0.049116037300000005	0.0165034179	-0.0727728912	0.052567141100000006	-0.0229401584	-0.0107982247	-0.015905599999999995	-0.0185635	-0.0346562	-0.0008089010000000001	0.0011274000000000002	-0.0013538100000000006
0.07727285	0.0323032792	-0.0796995818	0.0036988659	-0.0431625117	-0.0082957965	0.0121669719	-0.07310118389999999	0.0537653335	-0.0252351292	-0.007610508399999999	-0.015915000000000002	-0.036994099999999995	-0.0407418	-0.000357446	0.00157329	-0.00151141
0.13857576	-0.0616959639	0.0466730003	-0.0200646539	-0.0372396081	0.0143588485	-0.0436666379	-0.0734221124	0.0549418609	-0.0275072215	-0.0044105266	-0.00215724	-0.0760166	-0.08618660000000003	-0.00100686	0.00157329	-0.0013538100000000006
0.13625261000000002	0.0706015703	-0.0060087232	0.0586591752	0.0110764946	-0.0322485839	0.0100160244	-0.0737356442	0.0560962492	-0.0297543755	-0.0012034366	-0.012734100000000005	-0.0281264	-0.03641369999999999	-0.000926447	0.00139691	-0.00165727
0.09237745	-0.0444695115	-0.0561511962	-0.0475713805	-0.0247582386	-0.0522236919	-0.0351410743	-0.0740417477	0.0572280333	-0.0319745538	0.002005593	-0.0115148	-0.0743336	-0.050828899999999996	-0.0005932019999999999	0.00157329	-0.00175836
0.07121905	-0.007405938000000002	0.0409549199	0.0558118206	0.0051066642	-0.0483610524	-0.0380740759	-0.0743403923	0.058336757	-0.0341657437	0.0052113902	-0.00095625	-0.0590295	-0.060465899999999996	-0.00121652	0.00157329	-0.00184943
0.05451036	-0.0015098757999999998	-0.0547967649	0.0507719901	-0.0202899637	-0.0070060825	-0.0604573987	-0.0746315476	0.0594219737	-0.0363259585	0.0084087885	-0.00702596	-0.053961	-0.0531371	-0.0005139830000000001	0.00157329	-0.00186776
0.058574439999999985	-0.035835854900000005	0.0514343566	0.009902126	-0.0380642284	-0.0496960552	-0.0026245833000000003	-0.0749151845	0.060483246	-0.038453239900000005	0.0115926346	-0.00228297	-0.07364569999999998	-0.06033330000000001	-0.000962544	0.00157329	-0.00177731
0.10953838	0.0634426413	-0.0035071827	0.0599902446	-0.0155820936	-0.0043089963	0.1063016398	-0.07519127440000001	0.0615201462	-0.0405456591	0.0147577975	-0.0158631	-0.033522	-0.026510000000000002	-0.000865619	0.00125481	-0.00180213
0.19150899	-0.067816204	-0.0628314831	0.007152410600000002	-0.0263915467	-0.013128136	0.0370291467	-0.0754597894	0.0625322567	-0.0426013192	0.0178991758	0.00181859	-0.08807339999999997	-0.0795748	-0.000509117	0.00177421	-0.0013538100000000006
0.12434303	0.0072313089	0.102576213	-0.0019493415	-0.039806556	0.0218488959	-0.0304967215	-0.0757207024	0.0635191694	-0.044618356500000005	0.0210117067	-0.00572449	-0.0462875	-0.0585529	-0.00106604	0.00157329	-0.00167581
0.07303661000000003	0.0293564459	-0.073891243	-0.0265729758	0.0214686692	0.1094725426	-0.0757771616	-0.0759739873	0.0644804868	-0.046594942400000006	0.024090374	-0.015869999999999995	-0.044343099999999996	-0.036216000000000005	-0.000471254	0.00157329	-0.00185322
0.17836758	-0.07955143519999999	0.0523599791	-0.106690785	0.0662810175	0.0541942762	0.0142442685	-0.0762196185	0.06541582139999999	-0.0485292848	0.0271302159	0.00967198	-0.100853	-0.0957684	-0.000235398	0.00157329	-0.0013538100000000006
0.17232627999999994	0.0645222698	-0.002417331	-0.0018948045	0.1344103546	0.01257827	0.040992849	-0.07645757110000001	0.0663247964	-0.05041963	0.0301263332	-0.0072908	-0.0283226	-0.0483709	-0.00037494	0.00145013	-0.00179982
0.14926172	-0.0581025088	-0.0302380084	-0.06540018360000001	0.0596985441	-0.0484917608	-0.034670997200000005	-0.0766878214	0.06720704549999999	-0.0522642642	0.0330738971	0.00472842	-0.08721239999999998	-0.07601339999999998	-0.0007690839999999997	0.00176155	-0.00149118
0.11490603999999995	0.0544568388	0.050611167	0.0234455323	0.0533616854	-0.0911307742	-0.0527660488	-0.07691034599999999	0.0680622132	-0.0540615151	0.0359681572	-0.00470172	-0.0316837	-0.05570169999999999	-0.000673274	0.00157329	-0.00179982
0.05192491	-0.0150380435	-0.0699646716	-4.49984e-05	0.0098289109	-0.0779122934	-0.0504354708	-0.0771251226	0.06888995490000001	-0.0558097533	0.038804449	-0.009719330000000005	-0.055336199999999995	-0.0623048	-0.00039721	0.00157329	-0.00174285
0.05460552	0.018599892	0.06854887230000001	0.03840779	-0.028443911800000006	-0.0525629883	-0.0211202026	-0.0773321295	0.06968993700000001	-0.0575073938	0.0415782013	-0.00699341	-0.059349599999999995	-0.054840099999999996	-0.00114827	0.00157329	-0.00179982
0.05350814000000001	0.0172851771	-0.0673883808	0.053025653099999986	-0.06606923519999999	-0.0185353887	-0.0334412391	-0.07753134589999999	0.07046183730000001	-0.0591528974	0.0442849438	-0.0124494	-0.0502347	-0.0515375	-0.000491227	0.00151764	-0.00179982
0.06215396	-0.0120560975	0.0570473882	0.0427977668	-0.0785314225	-0.0448362012	-0.0812310772	-0.0777227516	0.0712053446	-0.0607447724	0.0469203142	-0.00169064	-0.0666317	-0.0548061	-0.000783429	0.00186003	-0.00179982
0.09560006	0.034675840699999995	-0.060663985199999985	0.0723202555	-0.055252064	0.0258013792	0.00024656900000000003	-0.0779063275	0.0719201593	-0.062281575599999986	0.0494800651	-0.0158877	-0.0391345	-0.0302178	-0.000783429	0.00142226	-0.0019484
0.20115269	-0.0579859468	0.024372557000000003	-0.0194891485	-0.0400818964	0.0072419351	0.0691894965	-0.078082055	0.0726059935	-0.0637619136	0.051960071	0.00220254	-0.0979834	-0.0924045	-0.000445582	0.00202592	-0.00164937
0.18107444	0.0474589747	-0.0069294242	0.0692080248	-0.0309437291	0.0252224586	-0.006253221999999999	-0.0782499164	0.0732625707	-0.0651844444	0.0543563352	-0.0126605	-0.045499300000000006	-0.0397836	-0.00106463	0.00157329	-0.00179982
0.17723936	-0.0926931143	-0.0356152293	-0.0019039097	-0.0035647924	0.022735734	0.0371462129	-0.0784098948	0.07388962639999999	-0.0665478783	0.0566649955	0.00270556	-0.10181	-0.0942946	-0.000490868	0.00188964	-0.0016689
0.12399979	0.0124447051	0.0650209876	0.0387920485	0.0182489792	0.0472123233	0.0472374506	-0.0785619741	0.0744869079	-0.0678509792	0.0588823313	-0.00340603	-0.05794700000000001	-0.061329499999999995	-0.00107538	0.00178387	-0.00179982
0.07773256999999999	-0.0092323087	-0.0730520341	0.0093521283	-0.0031033489	0.08480269539999999	-0.0382878686	-0.0787061389	0.0750541746	-0.0690925657	0.061004769	-0.0159147	-0.0699857	-0.07216609999999997	-0.000380038	0.0019355	-0.00179982
0.10581216	-0.0650837068	0.0601755245	-0.0032067864	-0.0138338006	0.001167118	0.0007604183999999999	-0.0788423748	0.07559119780000001	-0.0702715121	0.0630288878	0.00117411	-0.08819409999999997	-0.0954607	-0.000855215	0.00199028	-0.00138537
0.17446895999999998	0.0535277362	-0.0142464474	0.0505074728	0.0800200752	0.0450547071	0.0088540474	-0.0789706681	0.0760977612	-0.0713867496	0.06495142570000001	-0.0159125	-0.0282445	-0.042748400000000006	-0.000918184	0.00157329	-0.00179982
0.22257181	-0.098364042	-0.068678842	-0.0292536744	0.0104637889	-0.0209729363	0.0740146779	-0.07909100570000001	0.0765736605	-0.0724372672	0.0667692842	-0.000700555	-0.100159	-0.0996376	8.33893e-05	0.00173108	-0.00138806
0.12483876200000002	-0.0216040933	0.0540313584	0.0528960804	0.0093778935	-0.0150912393	0.0659609109	-0.0792033756	0.0770187042	-0.0734221124	0.0684795334	0.000668242	-0.07435689999999999	-0.0741758	-0.0008725719999999997	0.00188133	-0.00172597
0.09852669199999996	-0.0007093108	-0.0119772764	0.0148152072	0.002890082	0.0394673891	-0.1085260674	-0.0793077664	0.0774327128	-0.0743403923	0.0700794171	-0.0107458	-0.0512601	-0.0441845	-0.0005739709999999999	0.00157329	-0.00179982
0.05548564000000001	0.0022947787	0.0288619917	0.0251584848	0.0592754611	-0.0194933092	-0.00866471	-0.0794041677	0.0778155195	-0.07519127440000001	0.0715663568	-0.00283191	-0.0735051	-0.0606115	-0.000562996	0.0017403	-0.00179983
0.11066299	0.0555530756	0.0432539784	-0.0166637047	-0.0617104192	0.0298196708	0.0284139584	-0.0794925697	0.07816697	-0.0759739873	0.072937956	-0.0192631	-0.036593400000000005	-0.0495332	-0.00029219	0.00108627	-0.00179983
0.04945185000000001	0.0664289664	-0.0588218095	-0.011666866	-0.0424664005	0.0535470122	-0.0206015953	-0.0795729635	0.0784869228	-0.0766878214	0.0741920043	-0.024231	-0.0437888	-0.0365621	-0.0005859390000000001	0.0010317700000000002	-0.00166173
0.24837365	-0.081471229	-0.0580703447	-0.0772021695	0.0306096421	-0.0212260598	0.0591143242	-0.079645341	0.0787752489	-0.0773321295	0.0753264804	-0.00424695	-0.10443499999999999	-0.10655999999999999	0.000264491	0.00157329	-0.0010987700000000002
0.19495657	0.0079714578	0.1037582664	-0.0043736896	0.0072543926	-0.0209122858	-0.07162285040000001	-0.079709695	0.0790318321	-0.0779063275	0.0763395561	-0.00167668	-0.051104199999999995	-0.0643713	-0.0007781049999999999	0.0020105	-0.0015562999999999998
0.10632352	0.0194274396	-0.1144014411	0.0171156048	0.0140493001	-0.0101850177	-0.055282773	-0.0797660189	0.079256569	-0.0784098948	0.0772295986	-0.0081531	-0.0295084	-0.0478541	-0.000142223	0.00163213	-0.00133587
0.18946836	-0.08847266869999999	0.08757146880000001	-0.029880282	0.0105561591	-0.0502110734	0.1058669089	-0.0798143071	0.0794493692	-0.0788423748	0.07799517339999999	-0.00314064	-0.0987594	-0.119644	-0.000489003	0.00215365	-0.00133587
0.25022146	0.07206307769999999	-0.0374514957	0.0792375038	0.0223832905	-0.014092991599999997	0.0217917685	-0.0798545546	0.0796101548	-0.0792033756	0.0786350467	-0.0252863	-0.0242105	-0.021468599999999997	-0.0006108530000000001	0.00138688	-0.0015542799999999995
0.22713662	-0.0644202343	0.0067881898	-0.0252199399	-0.0177253788	0.0687071138	0.0331110544	-0.0798867576	0.0797388611	-0.0794925697	0.0791481873	-0.007502479999999998	-0.0914068	-0.0958681	0.00011200700000000001	0.00191298	-0.0014481
0.13467722	0.0568842299	0.0037542006	0.0291166103	0.0471856624	0.0404688119	0.0407622091	-0.0799109126	0.0798354362	-0.079709695	0.0795337681	-0.016353299999999998	-0.038923400000000004	-0.0601763	-0.00023334700000000001	0.00157329	-0.00151608
0.12484843999999998	-0.0708461466	-0.0622946871	-0.044377497300000006	0.0831716678	0.0525273301	0.018600473500000003	-0.0799270173	0.0798998413	-0.0798545546	0.0797911678	0.00247824	-0.08640149999999999	-0.0931494	-0.000173613	0.00184466	-0.00133587
0.12543976210000002	0.0100097641	0.0733194924	-0.0096936457	0.0505680879	-0.006012966	-0.0405655974	-0.07993507009999999	0.0799320503	-0.0799270173	0.0799199714	-4.82721e-05	-0.0364029	-0.0643824	-0.0006807260000000001	0.00175501	-0.00162206
