0.0	-0.1968145519	-0.0294038562	0.0479019842	-0.120929481	0.1121287751	-0.1759141265	0.07993507009999999	0.0799320503	0.0799270173	0.0799199714	-0.0288108	0.0568586	0.106398	0.0	0.000410465	-0.00079087
0.1000904	-0.1276063218	-0.0644409188	0.0441142485	-0.2379010002	0.0834794243	-0.1785238257	0.0799270173	0.0798998413	0.0798545546	0.0797911678	-0.0273893	0.032195299999999996	0.0858405	0.000777178	0.000280872	-0.000628679
0.06505754999999999	-0.1640535859	0.06416396070000001	0.0694689607	-0.17419536149999998	0.0775527555	-0.1412178791	0.0799109126	0.0798354362	0.079709695	0.0795337681	-0.017885599999999998	0.0123677	0.0747585	0.000325983	0.000263399	-0.000652896
0.1485692	-0.1449548711	-0.06939243169999999	0.0513608271	-0.1144899714	0.0754908467	-0.1011901023	0.0798867576	0.0797388611	0.0794925697	0.0791481873	-0.0178958	0.0581082	0.0650043	0.00151794	0.0005829	-0.000303068
0.04580925	-0.0747085258	-0.0812830016	0.0641040128	-0.1650056086	0.0261074988	-0.0926331824	0.0798545546	0.0796101548	0.0792033756	0.0786350467	-0.017881	0.0448171	0.059963	0.00116248	0.000563046	-0.00012914100000000002
0.08797110000000001	-0.1282993643	0.0044725171	0.0641475617	-0.0749156218	0.0035482005	-0.0575769596	0.0798143071	0.0794493692	0.0788423748	0.07799517339999999	-0.0211429	0.0240519	0.0516985	0.000255056	0.000407565	-0.00017982599999999998
0.14155520000000002	-0.0545521155	-0.0732390878	0.0810345878	-0.0486019588	0.0100169115	-0.0107415045	0.0797660189	0.079256569	0.0784098948	0.0772295986	-0.0126398	0.04858219999999999	0.0273344	0.0011635	0.000197189	0.00038450800000000004
0.08291391	-0.0437321866	0.0222213328	0.0962830675	-0.0053971796	0.0180012517	0.033660635	0.079709695	0.0790318321	0.0779063275	0.0763395561	-0.016853599999999996	0.0428401	0.007549239999999999	0.00035850199999999996	-0.0	0.000323238
0.09446931	-0.07142022349999999	-0.0416961713	0.08699651929999999	0.0174875781	0.0120991275	-0.034259535099999995	0.079645341	0.0787752489	0.0773321295	0.0753264804	-0.013537100000000002	0.070707	0.0317673	0.000648815	0.00043014400000000003	0.000384138
0.10388448	0.0366228368	-0.0261377837	0.1170232858	0.0038693539	-0.0188486955	0.074359425	0.0795729635	0.0784869228	0.0766878214	0.0741920043	-0.00152185	0.0479915	-0.00155018	0.0007724539999999999	-0.0	0.00022119599999999997
0.07566075399999997	0.0021707375	-0.0176044315	0.0288359845	0.0892129541	0.014542362	0.0236512583	0.0794925697	0.07816697	0.0759739873	0.072937956	-0.013342700000000002	0.07434269999999997	0.0007032239999999999	0.000342158	0.00010682799999999999	0.00038877800000000016
0.073666274	0.0627502761	-0.006661386899999999	0.0551634199	0.0341525371	-0.0384198801	0.0552627568	0.0794041677	0.0778155195	0.07519127440000001	0.0715663568	-0.0104451	0.048592199999999995	-0.021544400000000002	0.000523159	-2.39822e-23	0.00022119599999999997
0.035515365	0.0144031714	0.0717994684	0.0044042788000000005	0.1063169304	0.0360976392	-0.007623775699999998	0.0793077664	0.0774327128	0.0743403923	0.0700794171	-0.014874100000000001	0.0607566	-0.014956899999999999	0.000358146	8.16763e-05	0.00022119599999999997
0.04522862	0.0756640827	-0.0242572953	0.0012288807	0.07132107559999999	0.0145564907	0.01588941	0.0792033756	0.0770187042	0.0734221124	0.0684795334	-0.00520967	0.0487793	0.0027286	0.00032313299999999997	7.28615e-05	0.00014699600000000001
0.074030655	0.0284146785	0.0771959992	-0.0163087813	0.1168482434	0.06276739349999999	0.0518508073	0.07909100570000001	0.0765736605	0.0724372672	0.0667692842	-0.00153099	0.0176613	-0.0036368999999999998	-0.000164065	0.000168833	0.00022119599999999997
0.03523356	0.0745450715	-0.0417601667	-0.052911635	0.042661582	0.001126443	0.0514678967	0.0789706681	0.0760977612	0.0713867496	0.06495142570000001	-0.00152012	0.0362916	-0.00473113	6.60122e-05	8.8947e-05	0.00022119599999999997
0.052761420999999996	0.0240241403	0.0343854504	-0.0123992178	0.0557920175	0.0048592372	0.0450947799	0.0788423748	0.07559119780000001	0.0702715121	0.0630288878	-0.008125	0.0307551	-0.000369519	-0.000300989	2.60341e-24	-4.8024399999999994e-05
0.020984964	0.037239093	-0.0505727852	-0.0295465153	0.0855789357	-0.0457262713	0.0314133755	0.0787061389	0.0750541746	0.0690925657	0.061004769	-0.007873349999999998	0.0407796	0.00473106	-0.00019448900000000008	-1.1481600000000001e-24	-4.23597e-05
0.052152135	0.0477305079	0.052583833	-0.00548401	0.0648005549	-0.0149942712	0.048822777000000005	0.0785619741	0.0744869079	0.0678509792	0.0588823313	-0.00152941	0.0176608	-0.00602445	-0.00015896200000000001	-0.000147599	-9.791139999999999e-05
0.04806857499999999	0.0219878834	-0.0237100522	-0.0493287214	0.06812248530000001	0.0124102026	0.0620583946	0.0784098948	0.07388962639999999	0.0665478783	0.0566649955	-0.00153087	0.030670099999999995	0.016197200000000002	-0.000107581	-0.0	-4.01681e-05
0.07111720999999999	0.0838010537	0.008717573499999999	0.0197528672	0.017459533200000002	0.0128232057	0.058407049	0.0782499164	0.0732625707	0.0651844444	0.0543563352	-0.00150651	0.00424356	-0.0102734	0.000168199	-6.46754e-05	-6.36269e-05
0.040242788	0.0228099953	0.0165735075	-0.0235105921	0.035851925	0.0044419116	0.0589330377	0.078082055	0.0726059935	0.0637619136	0.051960071	-0.008286689999999998	0.017660299999999997	-0.00012493200000000002	6.804140000000001e-05	-5.3270100000000003e-05	-0.000150012
0.05975098299999999	0.0774973129	-0.0170955818	-0.0132626659	0.0228040195	0.00173076	0.052591813	0.0779063275	0.0719201593	0.062281575599999986	0.0494800651	-0.00151114	0.011937399999999999	-0.019808799999999998	0.000494649	-0.0	-7.85164e-05
0.04499866	0.0224226676	0.0483592248	-0.0526045262	0.0237076825	-0.0051083357	0.05025291	0.0777227516	0.0712053446	0.0607447724	0.0469203142	-0.00152809	0.0176641	-0.0102845	-2.32586e-05	6.306069999999999e-05	-9.21623e-05
0.029238660000000007	0.0306297132	-0.0286815567	-0.0701855059	0.0216565691	-0.008314997099999999	0.0523904913	0.07753134589999999	0.07046183730000001	0.0591528974	0.0442849438	-0.00152585	0.0176679	-0.0102791	-0.000467974	0.000147722	-0.00014733
0.05954369	0.0774653562	0.021775987200000003	-0.03475849	-0.0093733354	-0.0304575766	0.0293100711	0.0773321295	0.06968993700000001	0.0575073938	0.0415782013	-0.00150116	0.008814449999999998	-0.017852199999999995	0.000113287	0.000218287	-0.00035735300000000003
0.06308769	0.0342928031	0.06669779320000001	-0.0360370342	0.01838428	-0.0037556168	0.0431343513	0.0771251226	0.06888995490000001	0.0558097533	0.038804449	-0.00152242	-0.00170333	-0.00296885	-0.00031802	-0.0	-0.000253641
0.04431813	0.0211565138	-0.0046639864	-0.0581685071	0.06697767339999999	-0.0094519782	0.0415459995	0.07691034599999999	0.0680622132	0.0540615151	0.0359681572	0.00165733	0.011508599999999999	0.00972035	-0.00043525199999999996	0.000187513	-0.000253641
0.07949011000000003	0.0937136756	0.0121399932	-0.0353101028	-0.0124423122	-0.0557293911	0.0282955457	0.0766878214	0.06720704549999999	0.0522642642	0.0330738971	-0.00152465	-0.007868959999999998	-0.00744272	0.000205883	0.000220229	-0.00037514
0.03176775	0.0341691524	0.0670576706	-0.0473041277	0.014381791299999997	-0.0077218982	0.0454995114	0.07645757110000001	0.0663247964	0.05041963	0.0301263332	0.00135732	-0.00987303	-0.0102836	-2.32586e-05	-0.0	-0.00040658599999999996
0.05628518	0.0229833378	-0.0450408683	-0.09478431710000004	0.0400949409	-0.0452837901	0.0356181498	0.0762196185	0.06541582139999999	0.0485292848	0.0271302159	-0.00152412	0.00818919	0.00436845	-0.000265885	0.00010128700000000001	-0.00033671
0.03620269	0.0628125525	-0.0075454824	-0.0501802806	-0.0104025507	-0.08212800320000001	0.0235081198	0.0759739873	0.0644804868	0.046594942400000006	0.024090374	-0.0102448	0.00647258	-0.0102785	-0.00032192099999999997	-0.0	-0.00040175599999999997
0.039527985	0.0364648928	0.0670043251	-0.0630160308	0.028629321800000006	-0.04480817980000002	0.0516395864	0.0757207024	0.0635191694	0.044618356500000005	0.0210117067	-0.00153374	0.007869279999999998	-0.0167354	-0.00044386800000000004	5.47025e-05	-0.0006843730000000001
0.028917155	-0.007968945600000001	0.0112571712	-0.0798826457	0.015279568	-0.018678121	-0.020595613	0.0754597894	0.0625322567	0.0426013192	0.0178991758	-0.00153569	0.00738056	0.00318766	-0.000501986	0.000114975	-0.000632695
0.035000417000000006	0.0482748162	-0.0321317067	-0.0481301186	0.029625304900000007	-0.0717079106	0.0059097112	0.07519127440000001	0.0615201462	0.0405456591	0.0147577975	-0.00153095	-0.0016922	-0.00047830699999999997	-0.0008011859999999997	0.000204345	-0.000689264
0.056106212999999995	0.0703019177	0.020727291	0.0128776452	0.0215528338	-0.0961945263	-0.0168689696	0.0749151845	0.060483246	0.038453239900000005	0.0115926346	0.00238432	-0.0126865	-0.010240899999999999	-0.000218503	0.00018025700000000002	-0.000667354
0.04196623000000002	-0.0024967775	0.0579915006	-0.0549606454	0.036799375	-0.0063203845	0.021400687	0.0746315476	0.0594219737	0.0363259585	0.0084087885	0.00369023	-0.0157823	0.00649427	-0.000378631	0.000408394	-0.0006956760000000001
0.057273440000000016	0.0271482004	-0.0676080121	-0.0767883028	-0.0098618622	-0.0420713396	-0.013270233700000002	0.0743403923	0.058336757	0.0341657437	0.0052113902	-0.0014958599999999995	-0.00168697	-0.010234700000000001	-0.000361764	-0.0	-0.0006956760000000001
0.04934687	0.0621949265	0.0119890746	-0.0010724213000000002	-0.05704388990000001	-0.0721332494	0.042846590700000006	0.0740417477	0.0572280333	0.0319745538	0.002005593	-0.00149167	-0.0162306	-0.0211252	-0.00057324	0.000266695	-0.0006956760000000001
0.033035190000000006	-0.0188031393	0.0438427574	-0.0758190072	0.0403899602	-0.0262715509	0.031999871400000005	0.0737356442	0.0560962492	0.0297543755	-0.0012034366	-0.0014958599999999995	-0.0131537	-0.0102285	-0.000458787	-0.0	-0.0006956760000000001
0.028678785	0.0253361202	-0.0373413712	-0.0366256606	-0.0112345344	-0.0538636641	0.0083639286	0.0734221124	0.0549418609	0.0275072215	-0.0044105266	-0.00149855	-0.00167224	0.00200719	-0.000458787	9.91789e-05	-0.0006956760000000001
0.049069735	-0.0020924031	0.0789426483	-0.0244306313	-0.0249711357	-0.0169058375	0.014059363	0.07310118389999999	0.0537653335	0.0252351292	-0.007610508399999999	0.00364083	-0.013485399999999998	-0.00722665	-0.0006936339999999999	0.000166877	-0.000850798
0.04840222	-0.0151746318	-0.0269623341	-0.0696762454	0.0129748259	-0.0151641782	0.0205859276	0.0727728912	0.052567141100000006	0.0229401584	-0.0107982247	-0.00150148	-0.0016736399999999995	-0.010227600000000002	-0.000515699	-0.0	-0.00107493
0.016825389999999992	0.0598817809	0.0239318778	-0.009916603	-0.061527867	-0.0800595013	-0.0210580732	0.0724372672	0.0513477665	0.0206243899	-0.0139685379	0.0030545999999999998	-0.0105678	-0.012300700000000001	-0.00052292	2.20382e-22	-0.00105611
0.03666805	-0.0371956874	0.0811060611	-0.0621160965	-0.0246187455	-0.0194364592	-0.0282472875	0.0720943458	0.050107701	0.0182899231	-0.0171163386	0.00161791	-0.00792111	-0.00343623	-0.0009452639999999999	2.9800999999999997e-24	-0.00100405
0.05383857000000001	0.002171541	-0.0555685279	-0.0495900534	-0.0183234106	-0.0086004054	-0.0235339933	0.0717441615	0.0488474444	0.0159388744	-0.0202365536	-0.00397408	-0.00162885	-0.0101896	-0.00030623200000000003	5.0906699999999994e-23	-0.0009390630000000001
0.02743815	0.0078625813	0.0373266609	-0.0034326882	-0.027011763	-0.0532344063	0.0331857738	0.0713867496	0.0475675045	0.0135733754	-0.0233241543	-0.00149935	-0.0138941	-0.00537853	-0.00041925800000000004	-0.0	-0.000983779
0.038767430000000005	-0.0458402384	-0.0297738264	-0.0463780542	0.0169553486	-0.0319514613	-0.0188638445	0.0710221462	0.046268397	0.0111955706	-0.0263741644	-0.00150919	-0.00395097	0.00788348	-0.000639956	-1.0587899999999999e-22	-0.00107413
0.05362047	-0.0115840577	-0.0053060405	0.0448190834	-0.0622914598	-0.0195661838	-0.013001372	0.0706503878	0.0449506455	0.0088076158	-0.0293816684	0.00303151	-0.00986957	0.00068646	-0.00032560099999999996	-0.000160965	-0.0008301669999999999
0.067414195	-0.0982242152	0.0662248563	0.0330434815	0.026456479	0.0109821611	-0.0558631697	0.0702715121	0.0436147809	0.006411676	-0.0323418192	-0.00150461	-0.00165197	0.021981099999999996	-0.0007324089999999997	-7.57793e-05	-0.00100549
0.034211725	-0.0275099246	-0.08221279	-0.0149843396	-0.0075113215	0.0027935336	-0.0618490532	0.0698855571	0.0422613414	0.0040099232	-0.0352498461	-0.00150958	-0.00163189	0.00391506	-0.000638523	-0.000207126	-0.00110267
0.03986027	0.0101226267	0.0251857258	0.06917538969999999	-0.0283501089	0.0173866377	-0.0432585147	0.06949256179999999	0.0408908726	0.001604535	-0.0381010623	0.00362167	-0.010890899999999998	-0.0175983	-0.000587437	-0.00020601900000000002	-0.00112961
0.056900645	-0.0788356652	0.0313833434	0.0145662876	0.0378667491	0.013782003	-0.08042010000000001	0.0690925657	0.0395039266	-0.0008023078999999999	-0.0408908726	0.003239	-0.00163874	0.00681047	-0.0008876839999999998	-4.91251e-05	-0.00112961
0.08230121499999997	-0.026775422200000003	-0.0464867542	0.0390520414	-0.0006575273	0.016762217	-0.0377824042	0.0686856091	0.0381010623	-0.0032084234000000003	-0.0436147809	-0.00150438	-0.005959000000000001	-0.008589859999999998	-0.000271545	-0.000400781	-0.00131856
0.04199931	-0.0631854262	0.0252866569	0.0590988146	-0.003205608	-0.012432826	-0.0804348697	0.068271733	0.0366828449	-0.0056116301	-0.046268397	-0.00150842	-0.00746621	0.0124121	-0.000603987	-0.000400781	-0.00126128
0.03325693	-0.0214351744	-0.0560076288	0.0075971521	0.0599610771	0.0388641985	-0.0280968109	0.0678509792	0.0352498461	-0.0080097493	-0.0488474444	0.00376959	-0.00164211	0.00491293	-0.00067614	-0.000252901	-0.00133436
0.06452213999999999	0.053930129900000005	-0.0155789593	0.0785478111	0.0040593927	0.0414524887	-0.0369505094	0.06742339	0.0338026431	-0.0104006067	-0.0513477665	0.00228137	-0.0101598	-0.019985	-0.00043640300000000003	-0.00040078	-0.00112961
0.06134789000000001	0.0026096324	0.0049839474	-0.0036542058	0.0798840266	0.0425690979	-0.027744186	0.0669890084	0.0323418192	-0.0127820349	-0.0537653335	0.00232705	-0.00165349	-0.010890200000000001	-0.00111614	-0.000206495	-0.00112961
0.05743154	0.034258289500000004	-0.0804017555	0.0170170599	-0.0042195652	-0.005247444	-0.013755309	0.0665478783	0.030867963	-0.0151518747	-0.0560962492	-0.00150906	-0.00164196	-0.0296003	-0.000528681	-0.000316512	-0.00112961
0.028690469999999992	0.0233842256	0.034399530299999995	0.0348467807	0.0300417062	0.0022686147	0.0078269922	0.0661000441	0.0293816684	-0.0175079777	-0.058336757	-0.00151893	-0.00164316	-0.0253571	-0.0007250759999999997	-0.000211643	-0.00131707
0.032848060000000005	0.0192221208	-0.0403208644	0.0174251186	0.0585257864	0.0195419341	0.0482650742	0.06564555080000001	0.0278835343	-0.0198482077	-0.060483246	-0.0110787	0.00923803	-0.0241007	-0.000840295	-0.000163488	-0.00137671
0.04226554	0.0482094821	0.027120724300000003	0.0541830829	0.0186748007	0.0282358706	0.0244091144	0.0651844444	0.0263741644	-0.0221704431	-0.0625322567	-0.0015187899999999995	-0.00165345	-0.0341355	-0.000840295	-0.000297215	-0.00127485
0.03868525	-0.0106367019	0.053182750999999986	0.0104850617	0.0368233934	0.0580210542	-0.0202963472	0.0647167712	0.0248541669	-0.0244725786	-0.0644804868	-0.00153794	-0.00164918	-0.0136672	-0.000840295	-6.79744e-05	-0.00140948
0.014249660000000006	0.0214674405	-0.027025837200000003	-0.0403863796	0.0181872347	0.088554511	-0.0532648522	0.0642425783	0.0233241543	-0.026752527	-0.0663247964	-0.00153659	-0.00494168	-0.00357452	-0.000840295	-8.047699999999998e-05	-0.00140472
0.03987773499999999	0.07173395169999999	0.0279095607	-0.0562541217	-0.0521863234	0.0489791687	-0.020469213	0.0637619136	0.0217847431	-0.0290082213	-0.0680622132	0.00262355	-0.0210266	-0.00355655	-0.0006360469999999999	9.91591e-05	-0.0013963100000000006
0.030991144999999994	0.0227956381	0.07881165429999999	-0.0445442761	-0.0142519276	0.08411160460000001	-0.0458568602	0.0632748254	0.0202365536	-0.0312376164	-0.06968993700000001	-0.00153441	-0.024294	-0.0001339	-0.0008890369999999999	-3.67236e-05	-0.0014103
0.04133147	0.0437310701	-0.0583608859	-0.0934518724	-0.0048949744	0.0546846958	-0.0408386833	0.0627813628	0.0186802098	-0.0334386912	-0.0712053446	0.00135895	-0.0122194	-0.00356794	-0.0008335310000000001	-0.000301347	-0.00154876
0.08578634	0.0659392826	0.0354539669	0.033605831	-0.0495611387	-0.0053660276	0.0182172166	0.062281575599999986	0.0171163386	-0.035609450099999995	-0.0726059935	-0.00152613	-0.020474400000000004	-0.0416421	-0.000264755	-0.00023637099999999998	-0.00145107
0.08369709	-0.0130212073	-0.0094298854	-0.0263275525	0.0475043798	-0.015656446799999998	0.0220526309	0.061775514	0.0155455703	-0.037747925	-0.07388962639999999	0.00255851	-0.00146975	-0.011876600000000001	-0.0006993580000000001	-0.000151818	-0.00154876
0.0546978965	0.06201411900000001	-0.007779630799999999	0.0663183613	-0.0463220518	-0.0199443812	0.0048038266	0.0612632291	0.0139685379	-0.0398521774	-0.0750541746	0.00299844	-0.013634700000000001	-0.027387599999999998	-0.000427815	1.03933e-06	-0.00144152
0.0913505465	-0.0277352542	0.0492003466	-0.0087356747	0.0199919666	-0.0096274129	0.0307633778	0.0607447724	0.0123858767	-0.0419202993	-0.0760977612	-0.0015157999999999999	-0.00145996	-0.0118418	-0.00110107	-0.000400781	-0.00154876
0.050444	0.0555773516	-0.042317289400000006	0.012874111	-0.0205658901	-0.0162550938	0.035467281600000004	0.0602201963	0.0107982247	-0.0439504158	-0.0770187042	-0.0015157999999999999	-0.00146461	-0.030515300000000002	-0.000465753	-0.000400781	-0.00154876
0.055315155	-0.003874562	0.07735455849999999	0.0407832641	-0.0008878162	-0.0204484824	0.026710091600000003	0.0596895534	0.0092062214	-0.0459406864	-0.0778155195	-0.012623700000000002	-0.00144202	-0.0194701	-0.000755673	-8.53717e-05	-0.00160622
0.020178675000000004	0.0002147282	-0.0389279415	-0.0091887637	0.0197480802	-0.0224733135	0.0243282146	0.0591528974	0.007610508399999999	-0.0478893067	-0.0784869228	-0.0129255	-0.00144228	-0.0150786	-0.000755673	-0.000337614	-0.00154876
0.04469449	0.0202433509	0.0268584788	0.0736975339	-0.0363860569	-0.0430172329	0.0433426691	0.0586102822	0.0060117288	-0.0497945101	-0.0790318321	-0.00150752	-0.007667079999999999	-0.0186965	-0.000650181	2.55702e-05	-0.00154876
0.066696895	-0.0421746956	0.0046861101	0.02004941	0.0441872597	-0.033364803	0.0446116483	0.0580617626	0.0044105266	-0.0516545692	-0.0794493692	-0.009648100000000001	0.00462363	0.00376891	-0.000318656	-3.92287e-05	-0.00162844
0.042800044	0.0475084852	-0.0671160985	0.0376089859	0.0013821279	-0.0052656889	0.0543373763	0.0575073938	0.0028075473	-0.0534677978	-0.0797388611	-0.008758709999999998	-0.00141624	-0.008906509999999998	-0.00068194	7.194580000000003e-06	-0.00168264
0.07224105900000001	0.045406021100000006	0.0447090733	0.0644894874	0.0075515758	-0.0009533005	0.0486492913	0.0569472315	0.0012034366	-0.0552325519	-0.0798998413	-0.00152078	-0.018533400000000002	-0.0227571	-0.000170864	-2.8556999999999998e-05	-0.00154876
0.10583	-0.0275513424	0.0422402989	0.0085370113	0.0399602546	-0.0029739844	0.0026060457	0.05638133240000001	-0.000401159	-0.0569472315	-0.0799320503	-0.00884376	-0.00141535	0.00227597	-0.0008631169999999999	0.000193418	-0.00176165
0.04703642000000001	-0.0071698914	-0.0779708944	0.0134187586	0.0438710161	0.0107278855	0.0626329857	0.0558097533	-0.002005593	-0.0586102822	-0.0798354362	-0.00152044	0.00701688	-0.014794999999999999	-0.0008405529999999999	0.000144674	-0.00154876
0.05453176	0.0342736685	0.042483554900000005	0.0677128393	-0.027803817400000003	0.0266520702	0.020885012	0.0552325519	-0.0036092188	-0.0602201963	-0.0796101548	-0.00154003	-0.011117499999999999	0.00225884	-0.000482093	0.000116655	-0.00154876
0.06376032000000001	-0.0368771548	0.0554860894	0.0007059316	0.0289046595	0.0213020161	0.0309934979	0.0546497862	-0.0052113902	-0.061775514	-0.079256569	-0.0015558499999999995	-0.00141571	0.00524525	-0.000995496	0.00023395799999999998	-0.00193918
0.033422240000000006	0.003839952800000001	-0.0810723441	-0.0019270558	0.016874938	0.046104682300000005	0.0061810413	0.0540615151	-0.0068114617	-0.0632748254	-0.0787752489	-0.0126906	0.00347563	-0.00242705	-0.00109537	0.000299151	-0.00196859
0.03479629299999998	0.0288977291	-0.0573104438	-0.045500959400000006	-0.0500832991	0.0477632953	0.0226909015	0.0534677978	-0.0084087885	-0.0647167712	-0.07816697	-0.00153603	-0.0014187000000000002	-0.000145907	-0.00110885	0.00023768599999999997	-0.00171421
0.073906413	0.065719891	0.0506734067	-0.0418908669	-0.09200532	0.0467260887	-0.0312440146	0.052868694	-0.0100027269	-0.0661000441	-0.0774327128	-0.00152631	-0.0152928	-0.00619815	-0.00048005199999999996	-4.7473000000000004e-05	-0.00154876
0.08618858999999998	-0.0538311521	0.0893812808	-0.0714677393	-0.0561314077	0.0192276302	-0.0049755175	0.0522642642	-0.0115926346	-0.06742339	-0.0765736605	-0.00154217	-0.0096405	0.0199471	-0.00113832	3.32126e-05	-0.00189731
0.03827906	-0.032289450899999995	-0.1167747049	-0.0415639669	-0.0545252187	0.0424253289	-0.0147958309	0.0516545692	-0.0131778711	-0.0686856091	-0.07559119780000001	-0.00870869	-0.00141503	0.025221900000000002	-0.00110861	0.000227028	-0.00202603
0.073202791	0.0168945683	-0.0100523427	0.0706741424	-0.0895818486	-0.0454856367	0.0168019652	0.0510396705	-0.0147577975	-0.0698855571	-0.0744869079	-0.00916913	-0.00142568	-0.000145451	-0.000821051	-0.00011078	-0.00170411
0.09341087099999999	-0.1303630328	0.0611144712	-0.0015484007	0.0106246485	-0.0520812525	0.0099900937	0.05041963	-0.0163317771	-0.0710221462	-0.0732625707	-0.0136842	0.016819999999999998	0.019989700000000003	-0.00125288	-4.10496e-05	-0.00221285
0.042349047999999966	-0.0596026569	-0.0956817702	0.0131356418	-0.0520218166	-0.0030953864	0.0205968722	0.0497945101	-0.0178991758	-0.0720943458	-0.0719201593	-0.0164291	0.0293346	0.00743086	-0.00106119	5.16456e-06	-0.00226556
0.07608338799999999	-0.024772525	0.0208084716	0.06727103200000001	-0.0460456674	-0.0377738024	0.0282059934	0.0491643739	-0.0194593619	-0.07310118389999999	-0.07046183730000001	-0.0108116	0.012919799999999999	-0.016306399999999995	-0.00112536	-0.00024467200000000003	-0.00197329
0.10937428	-0.1104735284	-0.008411703000000001	0.0215856469	0.0053952327000000005	-0.0230039448	-0.0188494616	0.0485292848	-0.0210117067	-0.0740417477	-0.06888995490000001	-0.0196484	0.029199700000000002	0.016618899999999995	-0.00151063	-1.67164e-05	-0.00238671
0.06989226	-0.0127736387	-0.0798116519	0.0355367614	-0.0791222858	0.0073048264	0.0173148599	0.0478893067	-0.0225555848	-0.0749151845	-0.06720704549999999	-0.019659799999999998	0.0202805	0.00163687	-0.0010710000000000001	-0.000242529	-0.00213256
0.06325573000000001	-0.0421069301	0.06642971290000001	0.0484140475	-0.0264140825	0.0173047011	0.0006689692999999999	0.0472445043	-0.024090374	-0.0757207024	-0.06541582139999999	-0.013953	0.023893	-0.00599841	-0.00155298	0.00011704400000000005	-0.00221703
0.067032125	-0.0994216442	-0.0357245759	-0.0168331021	0.0408804759	0.0243974266	-0.0167007809	0.046594942400000006	-0.0256154559	-0.07645757110000001	-0.0635191694	-0.0152257	0.042770999999999997	0.0220178	-0.00160551	5.38497e-05	-0.00247861
0.0991687	0.005086982800000001	-0.0368218105	0.0903812767	-0.0683154513	0.0156047813	-0.0047370272	0.0459406864	-0.0271302159	-0.0771251226	-0.0615201462	-0.012284999999999999	0.018481400000000002	0.00741217	-0.0007853889999999999	7.28141e-05	-0.00217104
0.079324275	-0.1035265604	0.07460115169999999	0.0434627092	0.0528283862	0.0186126289	-0.0286943627	0.0452818024	-0.0286340436	-0.0777227516	-0.0594219737	-0.0146929	0.0318388	0.024918799999999998	-0.00136957	0.00015056	-0.00243016
0.027073050000000008	-0.054001078	-0.0828037994	0.0227386179	0.0233129078	0.0078620215	-0.0134029675	0.044618356500000005	-0.0301263332	-0.0782499164	-0.0572280333	-0.0205194	0.024750099999999997	0.0256843	-0.00121071	8.527299999999998e-05	-0.00247386
0.05377037500000001	-0.0173701782	0.0377610705	0.0663539313	-0.0038686372	0.022466598	-0.0427400571	0.0439504158	-0.0316064831	-0.0787061389	-0.0549418609	-0.00779885	0.0224832	0.00213597	-0.00122403	3.36911e-05	-0.00223407
0.078666805	-0.0743492553	-0.0377005418	-0.0192547875	0.0356066007	0.0418245564	-0.0821935803	0.0432780475	-0.0330738971	-0.07909100570000001	-0.052567141100000006	-0.00879438	0.0268305	0.027675099999999998	-0.00120739	0.0005027780000000001	-0.00270404
0.05345983	0.006639486700000001	-0.0105629203	0.0513764344	-0.034169385	0.0300429335	-0.0311018579	0.0426013192	-0.0345279838	-0.0794041677	-0.050107701	-0.0016135000000000001	0.0121735	0.0256627	-0.000952662	0.000432225	-0.00243713
0.08400438	-0.1076068279	0.0154771369	-0.0238882507	0.0290277582	0.0206859007	-0.050891761	0.0419202993	-0.0359681572	-0.079645341	-0.0475675045	-0.00162903	0.031851599999999994	0.0367538	-0.00163782	0.00052152	-0.00272707
0.07534294999999998	-0.0226385365	-0.0962071039	-0.0041478495	-0.0094641435	-0.0718570105	-0.0555039958	0.0412350562	-0.0373938371	-0.0798143071	-0.0449506455	-0.00906738	0.0185809	0.0216761	-0.00102972	0.0004928959999999999	-0.00257267
0.04247433	-0.055447785	0.0659870105	0.038142449	0.0062721361	-0.0548047382	-0.0932229947	0.0405456591	-0.038804449	-0.0799109126	-0.0422613414	-0.008924909999999998	0.0185876	0.00717839	-0.00150519	0.000486967	-0.00249752
0.06067193	-0.0793288997	-0.0519090004	-0.053341770199999985	0.0659019369	0.0011996367	-0.0234523233	0.0398521774	-0.0401994245	-0.07993507009999999	-0.0395039266	-0.00959933	0.0294471	0.0367657	-0.0013849	0.000463863	-0.00274514
0.09017015	0.0322083771	-0.0140134546	0.0432068933	-0.0161264117	-0.0106840471	-0.0105508047	0.0391546809	-0.0415782013	-0.0798867576	-0.0366828449	-0.00730083	0.0185595	0.0162126	-0.000661192	0.00038949199999999996	-0.0024146000000000003
0.09991218	-0.0529818957	0.0457343187	-0.0135035719	0.0325590822	-0.0040411884	-0.0619436454	0.038453239900000005	-0.0429402241	-0.0797660189	-0.0338026431	-0.00162715	0.0266904	0.036862900000000004	-0.00149711	0.00065954	-0.00261778
0.019185680000000014	-0.06045397490000001	-0.0649575661	-0.0494897398	0.0613316741	0.022500658	-0.09966762	0.037747925	-0.0442849438	-0.0795729635	-0.030867963	-0.00830028	0.035782999999999995	0.037935	-0.00149931	0.0006372330000000001	-0.00259533
0.04296672	0.0063154074	-0.0937882605	0.0243407952	0.0575487959	0.0380850718	-0.0938168595	0.037038807400000005	-0.0456118188	-0.0793077664	-0.0278835343	-0.0125082	0.028808999999999998	0.024445599999999998	-0.0016595	0.000474245	-0.0025526
0.126731853	0.08007931459999999	0.0169828714	0.0588457319	0.0034766959000000004	0.07151534309999999	-0.0088443542	0.0363259585	-0.0469203142	-0.0789706681	-0.0248541669	-0.00947979	0.010722700000000002	0.000657257	-0.0007232889999999999	0.00019464	-0.00213184
0.08383189300000002	-0.014889606	0.0432144299	0.0181190035	0.0102846225	0.0604189897	0.02476537	0.035609450099999995	-0.0482099028	-0.0785619741	-0.0217847431	-0.00498834	0.0185326	0.020444999999999998	-0.00120534	0.000474245	-0.00240504
0.03281525999999998	0.0271978773	-0.092671621	-0.0467300094	-0.013190028	0.1080246736	0.0372241958	0.0348893543	-0.0494800651	-0.078082055	-0.0186802098	-0.015948900000000002	0.024672799999999998	0.0175213	-0.00130868	0.000544321	-0.00248744
0.07307527000000001	0.08605874109999999	0.018673412	-0.0477917922	-0.1057719143	0.0499865549	0.0675490184	0.0341657437	-0.0507302891	-0.07753134589999999	-0.0155455703	-0.00642498	0.0095041	0.015409799999999996	-0.0009674830000000002	0.000474245	-0.00197329
0.02796277	0.0105628772	0.1073305096	-0.0824587873	-0.0927852454	0.0004063786	0.0849360911	0.0334386912	-0.051960071	-0.07691034599999999	-0.0123858767	-0.00157071	0.0122908	0.00170035	-0.00095764	0.000596649	-0.00197329
0.09138324	-0.0082298848	-0.0125277458	-0.1083789693	-0.053852361900000006	-0.0644297336	0.0320306214	0.03270827	-0.0531689154	-0.0762196185	-0.0092062214	-0.007295	0.025810900000000005	0.028817000000000002	-0.00145674	0.000474245	-0.00225223
0.040659710000000016	0.0095723832	-0.0234858776	-0.0223137819	0.0269889903	-0.1087466932	-0.0673733414	0.0319745538	-0.0543563352	-0.0754597894	-0.0060117288	-0.00669329	0.026743799999999998	0.0244697	-0.00175606	0.0007081710000000001	-0.00241454
0.06807941	-0.0116498252	-0.006933482800000001	0.0228812639	0.08656640730000001	0.0280908011	-0.0194382104	0.0312376164	-0.0555218517	-0.0746315476	-0.0028075473	-0.0125745	0.018498	0.035438300000000006	-0.00153189	0.000303955	-0.00218325
0.08054822	0.0668664958	0.006370633299999999	0.0335198984	0.0055109318	0.0563765212	0.017706955700000002	0.0304975321	-0.0566649955	-0.0737356442	0.000401159	-0.00154993	0.00772935	0.022337799999999998	-0.000845664	0.000320859	-0.00197329
0.06947414	0.0325834117	0.0446289939	0.0154195048	0.0159732424	0.0721194834	0.0322445252	0.0297543755	-0.0577853059	-0.0727728912	0.0036092188	-0.00156412	0.018481599999999997	0.012270200000000002	-0.00148742	0.000474245	-0.00215095
0.07161928000000001	-0.0285201093	-0.042172388600000006	-0.0400186637	0.0455547395	0.0470597024	0.0414729888	0.0290082213	-0.0588823313	-0.0717441615	0.0068114617	-0.0118913	0.026624400000000003	0.0357956	-0.00172741	0.000558903	-0.00241878
0.04674860999999999	0.0193037723	-0.0698657155	-0.0128030118	-0.0580876351	0.0071095482	0.0810324839	0.0282591448	-0.059955629800000014	-0.0706503878	0.0100027269	-0.0166298	0.0216431	0.00516619	-0.00176551	0.000474245	-0.00242401
0.09037607	0.0421933327	0.0788705898	-0.0264851307	-0.1150365205	-0.000553373	0.0571100916	0.0275072215	-0.061004769	-0.06949256179999999	0.0131778711	-0.0132126	0.00255019	0.00381108	-0.0008860129999999998	0.000474245	-0.00197329
0.12058017999999998	-0.035013277999999995	0.0823349097	-0.0840771032	-0.0692269351	-0.0152509725	0.0356332137	0.026752527	-0.0620293259	-0.068271733	0.0163317771	-0.0015810000000000002	0.014142199999999999	0.0447286	-0.00156811	0.000641939	-0.00225228
0.03768947	-0.0139085506	-0.0452259823	-0.107890685	-0.0440645433	-0.0660728123	-0.017030645900000002	0.0259951375	-0.0630288878	-0.0669890084	0.0194593619	-0.00554462	0.018506900000000003	0.0306558	-0.00153277	0.000538792	-0.00241956
0.05616608999999999	0.0796456504	-0.0311237339	0.0191304439	-0.0323556509	-0.1427829198	-0.0649295446	0.0252351292	-0.06400305190000001	-0.06564555080000001	0.0225555848	-0.00156518	0.0184675	0.0140399	-0.00124632	0.000474245	-0.00205993
0.033532239999999984	0.0216342005	0.0590930468	-0.009119573	0.0265898563	-0.0907985563	-0.0085721175	0.0244725786	-0.06495142570000001	-0.0642425783	0.0256154559	-0.0015734000000000002	0.018482299999999997	0.00183068	-0.00163195	0.000474245	-0.0021003
0.07601922000000001	-0.0316872724	-0.0468508269	-0.053119735300000005	0.0246278951	-0.1121313984	0.0450088152	0.0237075627	-0.065873627	-0.0627813628	0.0286340436	-0.011066200000000002	0.0309789	0.028134899999999997	-0.00173035	0.000644807	-0.00238585
0.08749375000000001	0.042583775	-0.0432693018	0.0531853208	0.003247421	-0.2103521836	0.0562067651	0.0229401584	-0.0667692842	-0.0612632291	0.0316064831	-0.0128028	0.033203699999999996	-0.00440185	-0.00129356	0.000474245	-0.00197329
0.09204044999999997	-0.0921001747	0.0692661936	0.0188541667	0.0601487414	-0.13221037619999998	0.0341043919	0.0221704431	-0.0676380363	-0.0596895534	0.0345279838	-0.0129273	0.043176099999999995	0.024089	-0.00179554	0.000577149	-0.00243746
0.07094715000000001	-0.0120967136	-0.0719628446	0.0752021258	0.0780156779	-0.0992905583	0.0674295823	0.0213984944	-0.0684795334	-0.0580617626	0.0373938371	-0.0155398	0.036118300000000006	0.0264457	-0.00108961	0.000258286	-0.00259107
0.09794171	0.0598327092	0.07136708879999999	0.1240002347	0.0130086131	-0.0410364261	0.116682062	0.0206243899	-0.0692934363	-0.05638133240000001	0.0401994245	-0.0015625	0.0267357	0.00176684	-0.00125393	0.000474245	-0.00197329
0.08407418	-0.0241845157	0.0542988219	0.0140606024	0.0654170424	0.0453907443	0.0663025074	0.0198482077	-0.0700794171	-0.0546497862	0.0429402241	-0.00895857	0.0371737	0.021534400000000002	-0.00130618	0.00023329400000000002	-0.00260954
0.03090539999999999	0.0415377992	-0.0569047488	-0.0130046156	0.016425267900000002	0.0521970813	0.051980477699999986	0.019070026	-0.07083715900000001	-0.052868694	0.0456118188	-0.00936457	0.03737	0.0156024	-0.00173982	0.000207492	-0.00258156
0.10109085	0.0958691261	0.0494192296	-0.0271724204	-0.0753808664	0.0446597953	0.0379363385	0.0182899231	-0.0715663568	-0.0510396705	0.0482099028	-0.00157706	0.018526	-0.00282499	-0.00108994	0.000114903	-0.00220339
0.11257807	-0.005891321999999999	0.0679803667	-0.1130967016	0.0134570188	0.0493871457	0.028547404900000007	0.0175079777	-0.07226671650000001	-0.0491643739	0.0507302891	-0.00163774	0.026805700000000002	0.0260991	-0.00181989	0.000474245	-0.00262037
0.03990571	0.0712332867	-0.0070214405	-0.0739123244	-0.0550372297	0.0075806152	-0.0151058157	0.016724268400000002	-0.072937956	-0.0472445043	0.0531689154	-0.00939935	0.027144	0.022407800000000002	-0.0014321500000000005	0.000474245	-0.00244582
0.0705262	0.0746173488	0.095535741	-0.0262589563	-0.0056902548	-0.0155182322	-0.0610671108	0.0159388744	-0.07357980480000001	-0.0452818024	0.0555218517	-0.00156251	0.018459	0.00267744	-0.0016451	0.000474245	-0.00197329
0.08956331	0.033605417799999995	0.0033582498	-0.0911859587	0.067271102	-0.0252301702	-0.0769363735	0.0151518747	-0.0741920043	-0.0432780475	0.0577853059	-0.00665871	0.031423599999999996	0.0247959	-0.00199345	0.000540596	-0.00254627
0.03752921000000002	0.0932050389	-0.0533773818	-0.0042838178	0.0724434432	-0.0425096843	-0.0992572174	0.0143633485	-0.0747743077	-0.0412350562	0.059955629800000014	-0.00160405	0.0303217	0.011882799999999999	-0.00181417	0.000474245	-0.00242271
0.10730830999999996	0.0987088791	0.0466889045	0.0680932341	0.0946905694	0.043705701900000005	-0.049151336100000005	0.0135733754	-0.0753264804	-0.0391546809	0.0620293259	0.00186386	0.0185141	-0.0124431	-0.000990644	0.000305683	-0.00206066
0.09019423999999998	0.0202456991	0.0570366275	0.0211611922	0.0952072183	0.0580269529	-0.020323711	0.0127820349	-0.07584830000000001	-0.037038807400000005	0.06400305190000001	0.0027151999999999996	0.0185535	0.029125	-0.00139979	0.000474245	-0.00243766
0.018228049999999992	0.049112061500000005	-0.092225923	-0.0204576486	0.0553458917	0.0920706282	0.0517826157	0.0119894067	-0.0763395561	-0.0348893543	0.065873627	-0.00158845	0.015519499999999999	0.022200099999999997	-0.00137726	0.000474245	-0.00238088
0.067317024	0.0932568668	0.0252517769	0.0461628019	-0.05721916	0.0542836759	0.0658880082	0.0111955706	-0.0768000508	-0.03270827	0.0676380363	0.00138815	-0.00039392400000000003	0.014881700000000001	-0.00103097	0.0005425369999999999	-0.00197329
0.07650834399999999	-0.012646534199999998	0.070496481	-0.0720334185	-0.0071494084	0.0387630654	0.0551551242	0.0104006067	-0.0772295986	-0.0304975321	0.0692934363	-0.0015796199999999995	0.018528599999999996	0.022346900000000003	-0.00174855	0.000558044	-0.00218326
0.032190300000000005	0.019135779	-0.0132236236	-0.1059425107	-0.0494129925	0.0381951766	0.0197971253	0.0096045951	-0.0776280263	-0.0282591448	0.07083715900000001	-0.00158237	0.018562000000000002	0.0262901	-0.00169891	0.000853433	-0.00240245
0.104853777	0.0692046862	0.0551816221	-0.0453753382	-0.0621332588	-0.0139593188	-0.0071458976	0.0088076158	-0.07799517339999999	-0.0259951375	0.07226671650000001	-0.00155762	0.0185045	0.0005919230000000001	-0.00103914	0.000360896	-0.00197329
0.101942147	-0.0086637512	0.0779077294	-0.0606525892	-0.020771685	-0.0018821642	-0.0337962245	0.0080097493	-0.078330892	-0.0237075627	0.07357980480000001	-0.00158014	0.0165222	0.025140799999999998	-0.0020662	0.000474245	-0.00234065
0.02749099	0.00169598	-0.0658107697	-0.13173518539999998	0.016576955	-0.0385048417	-0.0425958744	0.0072110759	-0.0786350467	-0.0213984944	0.0747743077	-0.00158313	0.0250644	0.025791900000000003	-0.00218749	0.000642379	-0.00241712
0.10496765300000001	0.0668026781	-0.0006698034	0.02927439	0.0007581929	-0.098501286	-0.0842996375	0.006411676	-0.07890751509999999	-0.019070026	0.07584830000000001	-0.00156251	0.020737400000000003	0.0007210669999999999	-0.00128847	0.000474245	-0.00197329
0.04539622100000002	0.0111050607	0.0673361334	-0.0076631131	0.0550219083	-0.046361333	-0.0722344851	0.0056116301	-0.0791481873	-0.016724268400000002	0.0768000508	0.0005862780000000001	0.0233588	0.015600999999999999	-0.00160869	0.000537837	-0.0021044
0.03811001199999999	-0.0110263953	-0.0495699719	-0.0029639118	0.1140856923	-0.0337209091	-0.0530819707	0.004811019000000001	-0.07935696639999999	-0.0143633485	0.0776280263	0.00175949	0.0186802	0.024559599999999997	-0.0016655	0.000474245	-0.00244999
0.08718907	0.0683217487	-0.0624913707	0.076933048	0.05951177360000001	-0.0024372433	-0.03365013	0.0040099232	-0.0795337681	-0.0119894067	0.078330892	-0.00158738	0.0249707	0.0071332999999999995	-0.00110658	0.000156897	-0.00212375
0.07369152999999998	0.0201501825	0.0574804712	0.0848190132	0.059694310999999986	0.0082017719	0.0200603722	0.0032084234000000003	-0.0796785214	-0.0096045951	0.07890751509999999	-0.00159372	0.0395277	-0.00806549	-0.00165165	0.000474245	-0.00213992
0.06247407	-0.0373123557	-0.0636072283	0.012147181000000002	0.0757851527	0.0489079812	0.0394763588	0.0024066004	-0.0797911678	-0.0072110759	0.07935696639999999	-0.013284200000000001	0.049355699999999995	0.014730600000000003	-0.00139698	0.000474245	-0.00224844
0.05196292	0.0733019994	-0.0241898196	0.083707024	-0.0140666678	0.0171615296	0.0892494372	0.001604535	-0.0798716619	-0.004811019000000001	0.0796785214	-0.0129571	0.035088	-0.00586642	-0.00136464	0.000350073	-0.00206953
0.05947078	-0.0467295365	0.075764215	0.049406453	0.0269756601	0.0306063794	0.0663736957	0.0008023078999999999	-0.0799199714	-0.0024066004	0.0798716619	-0.0141817	0.03729369999999999	0.00647396	-0.00195736	0.000474245	-0.00222664
0.03364511999999999	-0.0450278537	-0.0677194616	-0.0117924481	0.0302822025	0.0200819518	0.0704684635	0.0	-0.0799360767	-0.0	0.0799360767	-0.00901727	0.041275900000000004	0.014628	-0.00200837	0.000524334	-0.00245243
0.10821195	0.0582249307	-0.0236284248	0.0572626421	-0.0733694594	-0.0135186708	0.0430925837	-0.0008023078999999999	-0.0799199714	0.0024066004	0.0798716619	-0.0146893	0.0281045	-0.00678662	-0.00142721	0.000225556	-0.00197329
0.07561414999999999	-0.0326091608	0.0695684882	-0.0171932436	-0.0278914907	0.0213084709	0.0318417981	-0.001604535	-0.0798716619	0.004811019000000001	0.0796785214	-0.00723963	0.024655299999999998	0.008151709999999998	-0.00189216	0.000474245	-0.00225519
0.061647660000000014	-0.0140882149	-0.038143036	-0.0412811387	-0.0476022902	0.0303216133	0.0584484678	-0.0024066004	-0.0797911678	0.0072110759	0.07935696639999999	-0.0103367	0.022012599999999997	0.0229421	-0.00123731	0.000474245	-0.00242269
0.05232521	-0.0019424679	0.0780241233	0.0314058794	-0.07156743759999999	0.017186114	0.0079962408	-0.0032084234000000003	-0.0796785214	0.0096045951	0.07890751509999999	-0.00158989	0.027185700000000004	0.010482799999999999	-0.0015662199999999995	0.000474245	-0.00223268
0.05097636000000001	-0.0764143722	0.01253758	-0.08558084630000001	0.0006548662	0.0283265512	0.0360143867	-0.0040099232	-0.0795337681	0.0119894067	0.078330892	-0.00162945	0.028890199999999998	0.0205271	-0.0020469999999999998	0.000474245	-0.00253566
0.06785069999999999	0.0108618006	-0.0066135664000000005	-0.0254031104	-0.092478066	-0.0123529674	-0.0290624605	-0.004811019000000001	-0.07935696639999999	0.0143633485	0.0776280263	-0.00158245	0.018634	0.0338991	-0.00145308	0.000474245	-0.00224607
0.02050633000000001	-0.0530999801	0.0767471015	-0.0439014758	-0.0587575995	-0.0260682884	-0.0388572054	-0.0056116301	-0.0791481873	0.016724268400000002	0.0768000508	0.00419108	0.0185688	0.024197999999999997	-0.00147562	0.000474245	-0.00216928
0.06910364000000001	-0.0258459727	-0.0412977388	-0.0494626514	-0.0482664065	-0.0219188009	-0.0722947649	-0.006411676	-0.07890751509999999	0.019070026	0.07584830000000001	-0.00161156	0.028907799999999997	0.042608	-0.00171553	0.000474245	-0.00262041
0.05598837	0.0175656697	0.0121026788	0.025063219900000003	-0.0172899954	-0.0379736374	-0.0995434516	-0.0072110759	-0.0786350467	0.0213984944	0.0747743077	0.00528841	0.0280416	0.0185168	-0.00169027	0.000474245	-0.00216305
0.04740624	-0.0566031687	0.0205871088	-0.0481456358	0.0123557404	-0.0574133804	-0.0663071926	-0.0080097493	-0.078330892	0.0237075627	0.07357980480000001	0.00320187	0.036594	0.0315786	-0.00193666	0.000474245	-0.00239077
0.02673196	0.0105680199	-0.101678118	-0.0130777422	0.0021358935	-0.0781850145	-0.0999757756	-0.0088076158	-0.07799517339999999	0.0259951375	0.07226671650000001	-0.00160539	0.0368395	0.0338578	-0.00155338	0.000474245	-0.00238605
0.07128045	0.0296935795	0.0581635074	0.1109869961	0.030985649	-0.0191325255	-0.112843615	-0.0096045951	-0.0776280263	0.0282591448	0.07083715900000001	0.00143551	0.024616	0.0165018	-0.00125124	0.00033811400000000004	-0.00205112
0.09241209	-0.0775990844	0.0534552953	0.0437688579	0.1016929766	0.023219804	-0.0483441368	-0.0104006067	-0.0772295986	0.0304975321	0.0692934363	0.0101252	0.030108299999999998	0.0320065	-0.00185184	0.000601602	-0.00244154
0.06183198	-0.0088900036	-0.0992101891	0.0698639009	0.0426384838	0.03242317	-0.0507251302	-0.0111955706	-0.0768000508	0.03270827	0.0676380363	-0.00374693	0.0280541	0.0141012	-0.00146184	0.000474245	-0.00239889
0.06638791999999999	-0.0105276062	-0.0161132533	0.0927632949	0.0332030406	-0.0088699528	-0.06678046160000001	-0.0119894067	-0.0763395561	0.0348893543	0.065873627	0.00235315	0.0422733	0.00505141	-0.00178668	0.000288658	-0.00216894
0.06449183000000003	-0.07739783759999999	-0.0561576295	0.017440331	0.0792310022	0.0198793569	0.0046433547	-0.0127820349	-0.07584830000000001	0.037038807400000005	0.06400305190000001	-0.00163224	0.0422473	0.0268695	-0.00206222	0.000474245	-0.00248106
0.05266756000000001	0.0028693148	-0.0736062912	0.0898248634	-0.0127759107	0.0242738166	-0.016670709199999998	-0.0135733754	-0.0753264804	0.0391546809	0.0620293259	-0.0114253	0.039376999999999995	0.0242928	-0.00159504	0.000474245	-0.00219969
0.05313514	-0.047403916	0.0690818741	0.0662809018	0.0292758156	0.0040413513	-0.019349774	-0.0143633485	-0.0747743077	0.0412350562	0.059955629800000014	-0.00156191	0.0410569	0.0153017	-0.00196487	0.00053003	-0.00197329
0.07196295	-0.0627875025	-0.0451885497	0.0166248422	0.0576317963	0.0312554361	0.0095117535	-0.0151518747	-0.0741920043	0.0432780475	0.0577853059	-0.00164821	0.047537199999999995	0.0279113	-0.00160746	0.000474245	-0.00261583
0.07530792999999998	0.007289057	0.0027317566	0.1306585457	-0.0105404031	0.0273400009	0.0039765581	-0.0159388744	-0.07357980480000001	0.0452818024	0.0555218517	0.00212287	0.0313621	0.007999549999999998	-0.00133128	0.000237245	-0.00242001
0.09014066999999998	-0.0627814231	0.0303371515	0.0325152426	0.0430882532	0.0672891448	-0.001582542	-0.016724268400000002	-0.072937956	0.0472445043	0.0531689154	0.00849539	0.0374607	0.0346616	-0.00193414	0.000474245	-0.0026003
0.04719183000000001	-0.0022999359	-0.0853550943	0.0637351377	-0.0220934417	0.0614143803	0.0016304507	-0.0175079777	-0.07226671650000001	0.0491643739	0.0507302891	-0.00161424	0.0356217	0.0344899	-0.00137401	0.000474245	-0.002459
0.06161254	-0.0302481533	0.06061318230000001	0.0853769956	-0.021317196200000003	0.0651190906	-0.004906781	-0.0182899231	-0.0715663568	0.0510396705	0.0482099028	0.010134299999999999	0.035142900000000005	0.014347200000000001	-0.00191843	0.000474245	-0.00241857
0.052017729999999984	-0.0956457109	-0.0453077659	-0.0083133985	0.0463655065	0.1104839594	0.0334837404	-0.019070026	-0.07083715900000001	0.052868694	0.0456118188	0.00320817	0.0345796	0.03166	-0.00167784	0.000381735	-0.00262978
0.04803710000000001	0.0312485043	-0.0657428354	0.07449698440000001	-0.0702923694	0.0807348771	0.0067769211	-0.0198482077	-0.0700794171	0.0546497862	0.0429402241	-0.00159373	0.0253245	0.0337806	-0.00134557	0.000474245	-0.00241737
0.05040983999999999	-0.0344449056	0.0520367024	0.0539988691	-0.0287980653	0.0883799906	-0.0068495817	-0.0206243899	-0.0692934363	0.05638133240000001	0.0401994245	0.00810361	0.0185576	0.022616	-0.00152568	0.000474245	-0.00214186
0.07399341999999998	-0.06630944450000001	-0.0447654816	-0.0103116082	0.0136617951	0.0587329512	0.0394708384	-0.0213984944	-0.0684795334	0.0580617626	0.0373938371	0.00475324	0.037813	0.0381476	-0.00177014	0.000655346	-0.00243342
0.05456719999999999	-0.0043625917	-0.1091303037	-0.0073912471	-0.032995543700000005	0.0881454384	0.0089147979	-0.0221704431	-0.0676380363	0.0596895534	0.0345279838	0.00294369	0.0264714	0.0210116	-0.00149467	0.000474245	-0.00240439
0.06659937000000002	0.0394020612	-0.027135188900000003	0.0278717618	-0.0655583274	0.0389885139	0.0110021649	-0.0229401584	-0.0667692842	0.0612632291	0.0316064831	0.00265702	0.024428799999999997	0.0067033	-0.00112732	0.00027345900000000004	-0.00197329
0.04751797	-0.0281850302	0.0718809434	0.01459402	-0.0743698102	0.0203516995	0.0407130302	-0.0237075627	-0.065873627	0.0627813628	0.0286340436	0.00458261	0.0299491	0.00694158	-0.00172321	0.000474245	-0.00197329
0.05562373	-0.0859901179	-0.0226284875	-0.0350294401	-0.025883179300000003	0.0583481643	0.0713482787	-0.0244725786	-0.06495142570000001	0.0642425783	0.0256154559	-0.0016123	0.0359829	0.0279966	-0.00170251	0.000474245	-0.00239939
0.06323599	-0.0039719385	-0.0694252802	-0.035304667799999995	-0.1059578049	0.0252533599	0.0355670479	-0.0252351292	-0.06400305190000001	0.06564555080000001	0.0225555848	-0.00156251	0.0265512	0.029326099999999997	-0.00108011	0.000474245	-0.00197329
0.06514731	-0.0141761243	0.0662174645	0.0415871197	-0.0776392757	0.0091120247	0.043301677	-0.0259951375	-0.0630288878	0.0669890084	0.0194593619	0.00477942	0.0186055	0.00977617	-0.00164371	0.00041165	-0.00197329
0.06447218	-0.0958881472	-0.0392650911	-0.0585781857	-0.0024540698	0.0423521144	0.0731716878	-0.026752527	-0.0620293259	0.068271733	0.0163317771	0.00341897	0.02943	0.0302733	-0.00156886	0.0005370619999999999	-0.00240883
0.02990512	0.0144736207	-0.05890887490000001	-0.027316046200000003	-0.1371658042	-0.0605798913	0.0531160047	-0.0275072215	-0.061004769	0.06949256179999999	0.0131778711	0.002175	0.0263008	0.0314879	-0.00139962	0.000474245	-0.00215454
0.05910514999999999	-0.0415019905	0.0787592483	-0.0253936451	-0.0594524321	0.0038208617	0.0729335796	-0.0282591448	-0.059955629800000014	0.0706503878	0.0100027269	0.011156200000000002	0.0373016	-0.00489625	-0.00145196	0.000474245	-0.0021521
0.09960926	-0.07886405070000001	-0.0122496392	-0.0959326059	-0.0190876901	0.0040352079	0.045402133	-0.0290082213	-0.0588823313	0.0717441615	0.0068114617	0.00147739	0.037020300000000006	0.0303865	-0.00190375	0.0008050229999999997	-0.00245686
0.032973389999999984	-0.0187297079	-0.0402910984	-0.0582880097	-0.1240870542	-0.0291291007	0.0240878637	-0.0297543755	-0.0577853059	0.0727728912	0.0036092188	0.00194673	0.0346152	0.027117099999999998	-0.00199608	0.0005573819999999999	-0.00226024
0.07141275000000001	0.0424048774	0.0494307035	-0.0143163737	-0.0778357362	-0.0598847435	-0.0348083765	-0.0304975321	-0.0566649955	0.0737356442	0.000401159	0.00896353	0.0286927	0.018335499999999998	-0.00137233	0.000474245	-0.00197329
0.02395972	-0.0477657029	0.1012076758	-0.0404379605	-0.0097703564	0.0051036834000000005	-0.0474451385	-0.0312376164	-0.0555218517	0.0746315476	-0.0028075473	0.013408600000000001	0.03289469999999998	0.0241803	-0.00145551	0.0005804219999999999	-0.00197329
0.031756890000000024	-0.023790209	-0.0944934411	-0.0855578839	-0.0133109922	-0.010822311	-0.0035249029	-0.0319745538	-0.0543563352	0.0754597894	-0.0060117288	0.00927516	0.040942599999999996	0.0249995	-0.00151424	0.000474245	-0.00218351
0.031376440000000005	0.0476822138	-0.008932285	0.011117813600000002	-0.07908619900000001	-0.0600774492	-0.0079035266	-0.03270827	-0.0531689154	0.0762196185	-0.0092062214	0.010844	0.033494300000000005	0.0167402	-0.00144246	0.000474245	-0.00197329
0.05712377000000001	-0.0460208159	0.0006451251999999999	-0.0832122047	-0.0127715578	-0.033018942999999995	0.0592000438	-0.0334386912	-0.051960071	0.07691034599999999	-0.0123858767	0.00657919	0.0393033	0.00470099	-0.00164886	0.00056405	-0.0023773
0.037066989999999966	-0.0168360457	-0.07550546799999999	-0.0804733614	-0.0477524825	-0.0561871189	0.0118019903	-0.0341657437	-0.0507302891	0.07753134589999999	-0.0155455703	0.00363511	0.0464932	0.0151899	-0.00196439	0.000572452	-0.00238225
0.037155	0.0209811925	-0.0472457405	-0.0312730695	0.0122438883	-0.0961115238	-0.0085499108	-0.0348893543	-0.0494800651	0.078082055	-0.0186802098	0.00309871	0.042555199999999994	0.021921200000000002	-0.00156645	0.000474246	-0.00240509
0.0939574	0.0595668839	0.0370505899	0.0353806769	-0.0121874621	-0.0800457788	-0.0447569355	-0.035609450099999995	-0.0482099028	0.0785619741	-0.0217847431	0.0132172	0.034339	-0.00157436	-0.00121403	0.000322353	-0.00186686
0.10429486	-0.0607151037	0.0543171282	-0.0935260028	0.0474220188	-0.0603729142	-0.0215070008	-0.0363259585	-0.0469203142	0.0789706681	-0.0248541669	0.0154969	0.0442644	0.0243447	-0.00191973	0.000535007	-0.00227192
0.06340421000000003	0.0405768381	-0.08520729070000001	-0.0038097266	-0.0277039882	-0.131954454	-0.0203965156	-0.037038807400000005	-0.0456118188	0.0793077664	-0.0278835343	0.00924274	0.0506105	0.0209558	-0.00133082	0.000474246	-0.00197329
0.038074760000000006	-0.0144541119	0.079740203	-0.0020828517	0.0293777161	-0.1092306083	-0.0208748281	-0.037747925	-0.0442849438	0.0795729635	-0.030867963	0.016589699999999995	0.05878430000000001	0.00751235	-0.00143783	0.000474245	-0.00204849
0.07371982999999999	0.0061201948	-0.0391335813	-0.0307798804	0.0352688223	-0.046059112400000005	-0.0328415792	-0.038453239900000005	-0.0429402241	0.0797660189	-0.0338026431	0.00891452	0.0518124	0.0411921	-0.0012805300000000006	0.000474245	-0.00239905
0.06615019999999999	0.0220375416	0.042082775	0.0010054369	0.0194826318	-0.0634796908	-0.01334368	-0.0391546809	-0.0415782013	0.0798867576	-0.0366828449	0.0163021	0.0536894	0.00990683	-0.00137929	0.0005349819999999999	-0.00204654
0.04743141999999999	-0.0086002803	-0.033025567400000004	-0.0797929041	0.07967131820000001	-0.0510020044	0.021304689900000003	-0.0398521774	-0.0401994245	0.07993507009999999	-0.0395039266	0.0131297	0.0609518	0.0287195	-0.00153488	0.000530263	-0.00224991
0.0472105	0.0700322408	0.0007673814	0.0303700841	0.0090021961	-0.0587027665	-0.0168162326	-0.0405456591	-0.038804449	0.0799109126	-0.0422613414	0.0149811	0.0561992	0.0125244	-0.00137929	0.000474245	-0.00197329
0.036813350000000016	-0.0203594842	0.048184578	-0.0560301038	0.0791748071	-0.0566545388	-0.023335044	-0.0412350562	-0.0373938371	0.0798143071	-0.0449506455	0.014946700000000004	0.0591357	0.0232478	-0.00147497	0.0005724559999999999	-0.00224178
0.01856515000000001	0.0027006770000000003	-0.068379808	-0.0431835612	0.0764193215	-0.049412589900000005	-0.0326472695	-0.0419202993	-0.0359681572	0.079645341	-0.0475675045	0.0164401	0.0589077	0.022277099999999998	-0.00168783	0.000474245	-0.00223539
0.057237099999999985	0.0479377931	0.0097101482	0.0526719875	0.0194657333	-0.0144691041	-0.0029696332	-0.0426013192	-0.0345279838	0.0794041677	-0.050107701	0.020737099999999998	0.058864699999999985	0.0159655	-0.001074	0.000418465	-0.00197329
0.06251445	-0.0143106871	0.08705866960000001	0.0056300373	0.0660867713	0.006810881800000001	0.0078292383	-0.0432780475	-0.0330738971	0.07909100570000001	-0.052567141100000006	0.0231685	0.052884900000000006	0.026461900000000003	-0.00158732	0.000558682	-0.00219189
0.05401814999999999	0.0112692929	-0.0377147555	0.0103679586	0.0574002304	-0.0007686219	0.006918345	-0.0439504158	-0.0316064831	0.0787061389	-0.0549418609	0.0216557	0.039999900000000005	0.0444618	-0.00125626	0.000637461	-0.00221446
0.022104400000000024	0.0336558381	0.0653313415	0.0680020632	-0.0086389193	-0.0733067806	-0.06277926980000001	-0.044618356500000005	-0.0301263332	0.0782499164	-0.0572280333	0.024233	0.03993769999999999	0.041319999999999996	-0.0013579200000000005	0.0006761030000000001	-0.0020283000000000002
0.05000665	-0.0216701987	0.0245218781	-0.0549596733	0.0904189567	0.0008527735000000001	-0.0080116926	-0.0452818024	-0.0286340436	0.0777227516	-0.0594219737	0.0291347	0.0447499	0.046507	-0.00149689	0.000889248	-0.0023783000000000003
0.08363054999999997	0.0849913261	-0.0240066075	0.052557291	-0.0116210394	-0.0107377457	-0.0596382646	-0.0459406864	-0.0271302159	0.0771251226	-0.0615201462	0.0252708	0.0306705	0.040563	-0.000909275	0.000566758	-0.00209354
0.04786505000000001	-0.0053977373	0.1007642241	0.0214204017	0.0576220542	0.0316907427	-0.0458022851	-0.046594942400000006	-0.0256154559	0.07645757110000001	-0.0635191694	0.0269485	0.039894599999999995	0.0420104	-0.00140683	0.000474246	-0.00197329
0.023000799999999988	0.0286112698	-0.0482406363	-0.0021794446	0.08610108699999999	0.0475925796	-0.0487166747	-0.0472445043	-0.024090374	0.0757207024	-0.06541582139999999	0.022832299999999996	0.03590619999999998	0.0470301	-0.00142981	0.000474246	-0.00214784
0.08356229999999999	0.0859921682	0.0353016824	0.1207997124	0.0316364834	0.0603690533	-0.0090998864	-0.0478893067	-0.0225555848	0.0749151845	-0.06720704549999999	0.0299561	0.0235643	0.029824	-0.000784321	0.000592017	-0.00197329
0.08695324999999997	-0.0170952572	0.040714811600000005	-0.017858306799999998	0.0656576802	0.0409040512	-0.0180307612	-0.0485292848	-0.0210117067	0.0740417477	-0.06888995490000001	0.027925	0.0399401	0.0524109	-0.00150449	0.0006880069999999999	-0.00207632
0.021785750000000013	0.0120935969	-0.0715022346	-0.0141388384	0.0561642384	0.0459394599	0.0179425682	-0.0491643739	-0.0194593619	0.07310118389999999	-0.07046183730000001	0.024816400000000002	0.0371485	0.039383499999999995	-0.00155206	0.0006789639999999999	-0.00207577
0.04830834999999999	0.0661363559	-0.0417556248	0.0816071319	0.0013472397	0.0364646682	0.0222953216	-0.0497945101	-0.0178991758	0.0720943458	-0.0719201593	0.020888999999999998	0.0310226	0.0276606	-0.00124696	0.000555901	-0.00197329
0.0276197	0.0392105826	0.0778573764	0.1098022165	-0.0081397069	0.0248215422	0.0514830142	-0.05041963	-0.0163317771	0.0710221462	-0.0732625707	0.028008299999999996	0.0290019	0.0309976	-0.00109543	0.000404577	-0.00197329
0.04625825	-0.0149024366	0.0127285875	0.0347862658	0.0662195491	0.0819661986	0.0764337631	-0.0510396705	-0.0147577975	0.0698855571	-0.0744869079	0.0223674	0.0364347	0.0390625	-0.00132812	0.00055543	-0.00209214
0.03268010000000001	0.0773422824	-0.0775993761	-0.00628555	-0.0576292549	0.1022826082	0.0392898724	-0.0516545692	-0.0131778711	0.0686856091	-0.07559119780000001	0.0224946	0.031962	0.0304255	-0.00113928	0.000474246	-0.0019733
0.033119300000000004	0.0675525336	0.0897978267	-0.0213089157	-0.0655689109	0.0554096875	0.0268149817	-0.0522642642	-0.0115926346	0.06742339	-0.0765736605	0.026083799999999997	0.039954	0.0122459	-0.00107212	0.000474246	-0.00197329
0.043158399999999986	-0.0021998067	-0.0078270037	-0.1124373045	-0.0047318419	0.0785823271	0.0924663596	-0.052868694	-0.0100027269	0.0661000441	-0.0774327128	0.0180425	0.040005900000000004	0.026833600000000003	-0.00125001	0.000474246	-0.00220495
0.03298069999999999	0.0875071684	-0.0342334565	-0.05460235980000002	-0.0965941587	-0.0323312532	0.0589366898	-0.0534677978	-0.0084087885	0.0647167712	-0.07816697	0.0197547	0.039954	0.016094499999999998	-0.00107212	0.000474246	-0.00197329
0.04698235000000001	0.0436582149	0.0880447106	-0.06224155	-0.0620311526	0.0036380258	0.0645040861	-0.0540615151	-0.0068114617	0.0632748254	-0.0787752489	0.0187761	0.0500995	0.0130951	-0.00163355	0.000569993	-0.00197329
0.019619200000000003	-0.0027462701	0.0009014675	-0.112151059	0.0050167802	-0.0468142946	0.1161359427	-0.0546497862	-0.0052113902	0.061775514	-0.079256569	0.0198854	0.0521115	0.0176837	-0.00160661	0.0005637169999999999	-0.00217826
0.04465885	0.06814539	0.0207316976	0.024069092	-0.0404985512	-0.1134941549	0.0126951777	-0.0552325519	-0.0036092188	0.0602201963	-0.0796101548	0.0208215	0.0399649	0.0196843	-0.0013095400000000005	0.000474246	-0.00197329
0.05464330000000001	-0.0195681066	0.063801236	-0.0400399084	0.0802936105	-0.1215678035	-0.0181956372	-0.0558097533	-0.002005593	0.0586102822	-0.0798354362	0.0251972	0.0480414	0.0343704	-0.00167315	0.000474246	-0.00215978
0.026457299999999986	0.0643359174	-0.0373693929	0.004139405200000001	0.007117109399999998	-0.0679579621	-0.0309912726	-0.05638133240000001	-0.000401159	0.0569472315	-0.0799320503	0.0259408	0.0399935	0.0324461	-0.00137632	0.000474246	-0.00217778
0.037667999999999986	-0.0001882137	0.1126140335	-0.001794695	0.0361684511	-0.0364852957	-0.0550848209	-0.0569472315	0.0012034366	0.0552325519	-0.0798998413	0.025244700000000002	0.05416169999999999	0.031901099999999995	-0.00168259	0.00053552	-0.00210015
0.04882610000000001	0.0201928841	-0.0650447836	-0.0248467617	0.0699424835	-0.0021857659	-0.0149762548	-0.0575073938	0.0028075473	0.0534677978	-0.0797388611	0.0215037	0.0468042	0.0489714	-0.00136708	0.000531204	-0.00219347
0.0659043	0.06698833	0.0721503782	0.0631009921	0.0214240459	-0.006779611	-0.0502768016	-0.0580617626	0.0044105266	0.0516545692	-0.0794493692	0.0302064	0.050653699999999996	0.015075700000000001	-0.0011963	0.000474246	-0.00203208
0.06776789999999999	0.004159692899999999	0.0030706838	0.0123121853	0.1079492818	0.0634889183	0.0177349511	-0.0586102822	0.0060117288	0.0497945101	-0.0790318321	0.0239125	0.03996690000000002	0.044987599999999996	-0.00137367	0.000527082	-0.00221938
0.06834185000000001	0.0724018328	-0.0055497422	0.0791039603	0.0023151758	0.01820786	-0.0298969668	-0.0591528974	0.007610508399999999	0.0478893067	-0.0784869228	0.0243321	0.0511687	0.0187881	-0.0012827200000000006	0.000253693	-0.0019733
0.06014195000000001	-0.0145964661	0.0266271661	-0.011165365900000002	0.0859826116	0.017715619499999998	-0.0138792443	-0.0596895534	0.0092062214	0.0459406864	-0.0778155195	0.014620600000000001	0.0510296	0.0288447	-0.0016631599999999995	0.000527918	-0.00212333
0.05380820000000002	0.0658309943	-0.0539569058	0.0611234008	0.0024202214000000003	0.0333598226	-0.002342188	-0.0602201963	0.0107982247	0.0439504158	-0.0770187042	0.017069099999999997	0.048668199999999995	0.012712000000000001	-0.0012095500000000006	0.000474246	-0.0019733
0.03262535000000001	-0.0135632491	0.0631884013	0.035796478900000005	0.0508202632	0.015413195	0.0150197494	-0.0607447724	0.0123858767	0.0419202993	-0.0760977612	0.015294299999999999	0.0454699	0.0145107	-0.00148087	0.0006121869999999999	-0.00208111
0.02834555000000001	0.0027379745	-0.0912989283	0.0067517412	0.0525130026	0.045791765	0.0392498942	-0.0612632291	0.0139685379	0.0398521774	-0.0750541746	0.013709	0.04290019999999999	0.0243247	-0.0013766500000000005	0.000474246	-0.00203574
0.02541630000000001	0.053447840700000006	0.0390862464	0.0907491295	-0.0117185607	0.0508573693	0.018489614	-0.061775514	0.0155455703	0.037747925	-0.07388962639999999	0.0198121	0.0399002	0.0215535	-0.00116825	0.000474246	-0.0019733
0.0383556	-0.0169280731	0.0358776	-0.016309476899999998	0.0610935964	0.1349485453	-0.0077219425	-0.062281575599999986	0.0171163386	0.035609450099999995	-0.0726059935	0.0160097	0.039938	0.0271139	-0.00160841	0.000474246	-0.00211224
0.03178629999999999	0.0486115552	-0.0546870984	0.0004341913	-0.0119642618	0.0992427297	-0.0022268336	-0.0627813628	0.0186802098	0.0334386912	-0.0712053446	0.0180158	0.039923	0.0303991	-0.00111322	0.000474246	-0.00207783
0.03475180000000001	-0.0085945685	0.0526161092	0.05400098	-0.0178666816	0.1030125404	0.0027146706	-0.0632748254	0.0202365536	0.0312376164	-0.06968993700000001	0.023331599999999997	0.039896	0.031025099999999996	-0.00158435	0.000474246	-0.0019733
0.01568100000000001	-0.0287947666	-0.0448753417	-0.0673194223	0.0096231174	0.1033798824	0.0217049977	-0.0637619136	0.0217847431	0.0290082213	-0.0680622132	0.0210178	0.0398918	0.0383729	-0.001568	0.0005782	-0.0019733
0.04430855	0.0619409807	0.0302259612	-0.0047765921	-0.12016215	0.0257115713	-0.0117427066	-0.0642425783	0.0233241543	0.026752527	-0.0663247964	0.0262774	0.0277327	0.0370931	-0.00124505	0.000638591	-0.00184444
0.058603400000000014	-0.077822913	0.0780134683	-0.06751551759999999	-0.041836224500000005	0.033483738900000004	-0.0097252417	-0.0647167712	0.0248541669	0.0244725786	-0.0644804868	0.025128	0.0320465	0.042457999999999996	-0.00161027	0.0009768469999999999	-0.00209647
0.06725710000000001	0.0129359617	-0.0529962416	-0.043739095599999986	-0.08891074210000001	-0.0101225082	0.0061920262	-0.0651844444	0.0263741644	0.0221704431	-0.0625322567	0.0222898	0.0214181	0.0401991	-0.00103078	0.000648875	-0.0019733
0.059743100000000014	-0.0412900398	0.05819793440000001	-0.0112788901	-0.0978520303	-0.0573459863	0.0315550956	-0.06564555080000001	0.0278835343	0.0198482077	-0.060483246	0.023524400000000004	0.0357551	0.0322757	-0.00171799	0.000611123	-0.0019733
0.02403820000000001	-0.0640751455	-0.0510447413	-0.1038323521	-0.0303273124	-0.0086046222	0.042716274500000005	-0.0661000441	0.0293816684	0.0175079777	-0.058336757	0.020077099999999997	0.0450143	0.0318041	-0.00168012	0.000645245	-0.00211851
0.01937915	0.0224752254	-0.0283824258	-0.017206599399999998	-0.0835583627	-0.13966808460000002	-0.058646288	-0.0665478783	0.030867963	0.0151518747	-0.0560962492	0.020284	0.0420654	0.0319555	-0.00167489	0.000474246	-0.0019733
0.0413293	-0.0368366194	0.0665394335	0.0065605799	0.0398687058	-0.098051838	-0.1403401308	-0.0669890084	0.0323418192	0.0127820349	-0.0537653335	0.0264824	0.051113599999999995	0.0201908	-0.00189862	0.000474246	-0.00203593
0.024402799999999992	-0.0628708659	-0.0336224948	-0.0255532995	0.06856067469999999	-0.01534779	-0.055282097800000006	-0.06742339	0.0338026431	0.0104006067	-0.0513477665	0.0283283	0.0451766	0.019399400000000004	-0.00203142	0.000474246	-0.0022197
0.040112699999999994	0.019928166	-0.080536177	0.048913872	0.0294434596	0.0199785749	-0.0985591754	-0.0678509792	0.0352498461	0.0080097493	-0.0488474444	0.023000200000000002	0.0459846	0.013549799999999999	-0.00171528	0.000474246	-0.0019733
0.015945099999999997	0.005857472900000001	0.0231644104	0.0705408455	0.0218957448	0.043968897400000005	-0.0162418998	-0.068271733	0.0366828449	0.0056116301	-0.046268397	0.030187099999999998	0.047739	0.0166261	-0.00179383	0.000474246	-0.0019733
0.03452460000000001	-0.05798349980000001	-0.0136913063	-0.0024452745	0.0678952439	0.0270007576	-0.0022993706	-0.0686856091	0.0381010623	0.0032084234000000003	-0.0436147809	0.0211293	0.054757799999999995	0.016652599999999997	-0.00194063	0.000474246	-0.00219493
0.02690840000000001	-0.0331799286	-0.0836864302	0.0477057324	0.0396126866	0.0588716009	0.0218690134	-0.0690925657	0.0395039266	0.0008023078999999999	-0.0408908726	0.016120500000000003	0.0501923	0.021741200000000002	-0.00191735	0.000474246	-0.0019733
0.047920400000000016	0.020447636	0.028268497000000007	0.0625952013	-0.0614365702	0.0501149572	-0.033819189900000005	-0.06949256179999999	0.0408908726	-0.001604535	-0.0381010623	0.0252165	0.039182800000000004	0.026951599999999996	-0.00146526	0.000474246	-0.0019733
0.032128300000000005	-0.0572679072	0.0655690743	-0.0604531764	-0.0410031302	0.05193323440000002	-0.0202424931	-0.0698855571	0.0422613414	-0.0040099232	-0.0352498461	0.027385800000000002	0.0394178	0.0330485	-0.00171885	0.0005900780000000001	-0.00207642
0.02519939999999999	-0.0035752164	-0.0762179496	-0.1061203033	-0.0758939066	0.0166850723	-0.0799054781	-0.0702715121	0.0436147809	-0.006411676	-0.0323418192	0.020325599999999996	0.0400092	0.0330532	-0.0019010000000000001	0.00065567	-0.0019733
0.0255251	0.0102942039	0.051681577	-0.0004884365	-0.04453516440000002	-0.0572015405	-0.1481011825	-0.0706503878	0.0449506455	-0.0088076158	-0.0293816684	0.030102800000000002	0.03702709999999999	0.027408699999999998	-0.00177893	0.000676026	-0.0019733
0.031597150000000004	-0.05470873	-0.0243484773	-0.0359683402	0.0405831163	-0.0374376086	-0.1109100467	-0.0710221462	0.046268397	-0.0111955706	-0.0263741644	0.0281224	0.04514219999999999	0.033123	-0.00188535	0.0008853529999999999	-0.0019733
0.035305800000000005	-0.0282206048	-0.1028056075	0.013651485	0.0237180957	-0.0696300886	-0.0839134817	-0.0713867496	0.0475675045	-0.0135733754	-0.0233241543	0.0168512	0.049929900000000006	0.0261322	-0.00190973	0.000847361	-0.00215605
0.039087550000000026	-0.040473056	-0.0736839645	0.042950516900000006	0.0658507272	0.050364733	-0.0291927584	-0.0717441615	0.0488474444	-0.0159388744	-0.0202365536	0.0162105	0.06067180000000001	0.018911599999999997	-0.00190929	0.000620864	-0.0019733
0.07055241	0.0300160355	-0.0216844858	0.0766815412	-0.027483544300000003	0.0218863868	0.0066017515	-0.0720943458	0.050107701	-0.0182899231	-0.0171163386	0.0112485	0.0536883	-0.00664041	-0.00139481	0.000474246	-0.0019733
0.053126099999999996	-0.0698103704	0.0237569892	0.0405372702	-0.0251257125	0.06477010429999999	-0.001614279	-0.0724372672	0.0513477665	-0.0206243899	-0.0139685379	0.0129358	0.0582379	0.00644309	-0.00189366	0.00065151	-0.0019733
0.03373151	-0.0794502506	-0.0659486412	-0.0587000207	-0.0005597385	0.0580833917	0.0605983901	-0.0727728912	0.052567141100000006	-0.0229401584	-0.0107982247	0.0136184	0.056567999999999986	0.018715700000000002	-0.00157909	0.000583952	-0.0019733
0.023824	0.0028222458	-0.0038608672	-0.0487208233	-0.1073783411	-0.0042196228	-0.0247871428	-0.07310118389999999	0.0537653335	-0.0252351292	-0.007610508399999999	0.0149882	0.042801	0.020077599999999998	-0.00154229	0.000474246	-0.0019733
0.054822300000000004	-0.0490684165	0.085722925	-0.0614384546	-0.1023961119	-0.053192603600000006	-0.0230674018	-0.0734221124	0.0549418609	-0.0275072215	-0.0044105266	0.0168077	0.05136230000000002	0.012166100000000001	-0.00227289	0.000474246	-0.0019733
0.061653300000000015	-0.0598116444	-0.0664452838	-0.0962467681	0.0149655369	-0.0639361601	-0.0783239301	-0.0737356442	0.0560962492	-0.0297543755	-0.0012034366	0.0229905	0.0566549	0.016753	-0.00184799	0.0007523460000000001	-0.00218212
0.04910060000000002	0.0057952339	-0.0582767605	0.041214761	-0.007322203399999999	-0.0610566364	-0.0921869071	-0.0740417477	0.0572280333	-0.0319745538	0.002005593	0.0188934	0.0433091	0.014650299999999996	-0.00174381	0.000474246	-0.0019733
0.04350745	-0.08982951369999999	0.06255020389999999	0.053527529	0.0101391981	-0.0121149525	-0.0716936719	-0.0743403923	0.058336757	-0.0341657437	0.0052113902	0.0218377	0.0506384	0.0126934	-0.00203659	0.0008070049999999999	-0.0019733
0.10775878	-0.3201086039	-0.0084344001	0.075899388	0.0308093208	-0.2037460136	0.2555947614	-0.0746315476	0.0594219737	-0.0363259585	0.0084087885	0.00795607	0.05628240000000001	0.0203388	-0.00279537	0.00106048	-0.0025728
0.2509563650000001	-0.1064805125	-0.1340884543	0.1643910713	-0.1181995779	-0.1754730668	0.2316875273	-0.0749151845	0.060483246	-0.038453239900000005	0.0115926346	-0.000311845	0.0214102	0.044287599999999996	-0.00017785299999999998	0.000600148	-0.0019733
0.105262095	0.0041579186	-0.0393734636	0.1545558712	-0.0871363785	-0.1372966672	0.0794432258	-0.07519127440000001	0.0615201462	-0.0405456591	0.0147577975	0.00563178	0.0507469	0.00347438	-0.000635322	0.000474246	-0.0019733
0.05422034	-0.100330307	-0.0009778546	0.1037743761	0.0426220282	-0.0465452917	0.221775474	-0.0754597894	0.0625322567	-0.0426013192	0.0178991758	0.0094383	0.058603300000000004	0.0216049	-0.00112386	0.000474246	-0.0019733
0.014914390000000012	-0.0046913867	-0.0394216783	0.0824325127	-0.0243305071	-0.0043551137	0.1416929271	-0.0757207024	0.0635191694	-0.044618356500000005	0.0210117067	0.00942711	0.053836400000000006	0.0172241	-0.00106814	0.000474246	-0.00203269
0.079613075	-0.0356042296	0.0156875901	0.0316669756	0.0047271952	0.0855455447	0.1026746918	-0.0759739873	0.0644804868	-0.046594942400000006	0.024090374	0.0151385	0.055719500000000005	-0.000389735	-0.00184019	0.000645691	-0.00217729
0.056350135	0.0042822796	-0.058214606900000014	-0.0411037226	-0.0312216657	0.0669447	0.0524155143	-0.0762196185	0.06541582139999999	-0.0485292848	0.0271302159	0.0114862	0.0462334	0.0100585	-0.00130331	0.0005314709999999999	-0.00217312
0.04950025	0.006340229	0.0598046627	-0.0185431856	-0.1019267767	0.0502108134	0.076359268	-0.07645757110000001	0.0663247964	-0.05041963	0.0301263332	0.016050499999999995	0.049347800000000004	-0.0123762	-0.00144063	0.000656298	-0.00204753
0.06058501999999999	-0.0490902564	0.0256802085	-0.1206223138	-0.06455928	0.0063265992000000005	0.054005796399999986	-0.0766878214	0.06720704549999999	-0.0522642642	0.0330738971	0.0213426	0.043779000000000005	0.00944627	-0.00186097	0.000767181	-0.00207434
0.02041802	0.0193855911	-0.0470270501	-0.0609341399	-0.0402876915	-0.0957888852	-0.0553512738	-0.07691034599999999	0.0680622132	-0.0540615151	0.0359681572	0.0213769	0.0394302	0.0059279	-0.00184528	0.00063358	-0.0019733
0.03690724	0.0529650155	0.0287345483	0.0573588016	-0.0032373861	-0.046203159900000006	-0.0765742451	-0.0771251226	0.06888995490000001	-0.0558097533	0.038804449	0.026292700000000002	0.0393871	-0.00137574	-0.00151172	0.000474246	-0.0019733
0.05516614000000001	-0.0330289294	0.036995294500000005	0.0119577707	0.0769537978	0.0051994087	-0.0279760137	-0.0773321295	0.06968993700000001	-0.0575073938	0.0415782013	0.0276344	0.0486419	0.0147922	-0.00179702	0.00064405	-0.00208623
0.02758646000000001	0.0142891754	-0.0967275	-0.00906401	0.0445574524	0.0590926247	0.0428803337	-0.07753134589999999	0.07046183730000001	-0.0591528974	0.0442849438	0.022506599999999998	0.03942	0.009929640000000005	-0.00169088	0.0006705639999999999	-0.0020514
0.025047940000000008	0.0822150073	-0.0005954047	0.0717999908	-0.0305224637	0.1054984747	0.00688331	-0.0777227516	0.0712053446	-0.0607447724	0.0469203142	0.0196041	0.0393935	-0.003945000000000001	-0.00165778	0.0006168780000000001	-0.0019733
0.0442873	-0.008641823	0.0594607745	-0.07133002969999999	-0.0131926226	0.1021621879	0.059614141900000014	-0.0779063275	0.0719201593	-0.062281575599999986	0.0494800651	0.0258375	0.03941	0.010022	-0.00201806	0.000738006	-0.0019733
0.01595104999999999	0.0357116659	-0.0084314098	-0.0903861192	-0.080048835	0.054946893200000006	0.0318780788	-0.078082055	0.0726059935	-0.0637619136	0.051960071	0.0233739	0.0393983	0.0077503999999999984	-0.00180122	0.000730763	-0.0019733
0.04662216	0.0690886062	0.0576486404	-0.0248211512	-0.1071768087	-0.0145949531	-0.0387716632	-0.0782499164	0.0732625707	-0.0651844444	0.0543563352	0.0246243	0.0414772	-0.00381106	-0.00135972	0.000650865	-0.00186007
0.056105960999999996	-0.0467446449	0.1044317408	-0.047948537	-0.0469468842	-0.0390479182	0.0372905646	-0.0784098948	0.07388962639999999	-0.0665478783	0.0566649955	0.023859400000000003	0.047288199999999996	0.000365751	-0.00200973	0.00079469	-0.0019733
0.042463808999999984	-0.0004118187	-0.0950952566	-0.0627883144	0.0284011787	-0.1220564128	-0.0139030225	-0.0785619741	0.0744869079	-0.0678509792	0.0588823313	0.0171172	0.0591553	0.00975966	-0.00179852	0.000716688	-0.0019733
0.03769656	0.0531390463	0.0079198754	0.07140985679999999	0.0286138499	-0.14076129210000002	-0.0040304218	-0.0787061389	0.0750541746	-0.0690925657	0.061004769	0.016996299999999995	0.0601156	-0.0111681	-0.00172721	0.000474246	-0.0019733
0.04582392	-0.018772281	0.0599825116	0.0331124663	0.094402931	-0.0292643439	0.0320561581	-0.0788423748	0.07559119780000001	-0.0702715121	0.0630288878	0.023234099999999997	0.0613286	-0.00638068	-0.00183001	0.00069063	-0.00232583
0.06841801	-0.0049765813	-0.0608410275	0.0169302843	0.1097812784	0.0538044317	0.0833437796	-0.0789706681	0.0760977612	-0.0713867496	0.06495142570000001	0.00943831	0.05645840000000001	-0.0123755	-0.00152378	0.000474246	-0.0019733
0.02730159	0.08313041639999999	0.0004464582	0.0403311472	-0.054096696900000005	0.0655542391	0.0295794067	-0.07909100570000001	0.0765736605	-0.0724372672	0.0667692842	0.0174798	0.0492974	-0.0120214	-0.00128888	0.000474246	-0.0019733
0.10815233	0.0403926734	0.1129549897	-0.0531245821	-0.007159743000000001	0.1095795829	0.0428891797	-0.0792033756	0.0770187042	-0.0734221124	0.0684795334	0.027360900000000004	0.0394803	0.00557073	-0.00220024	0.000829966	-0.00212346
0.03765152	0.040386289	-0.0022818597	-0.1467350053	0.0032189944	0.1155708094	0.0167619398	-0.0793077664	0.0774327128	-0.0743403923	0.0700794171	0.0237431	0.0394665	0.017711599999999997	-0.00192633	0.000684665	-0.00214183
0.043504746	0.1002520955	0.0502435455	-0.0551653462	-0.051349095199999986	-0.0011002129	-0.0852390442	-0.0794041677	0.0778155195	-0.07519127440000001	0.0715663568	0.0287575	0.0355325	-0.000574396	-0.00192181	0.000532308	-0.0019733
0.04335238400000002	0.049965738200000005	0.044306855599999986	-0.0999379065	0.0513275421	0.0517112157	-0.097655134	-0.0794925697	0.07816697	-0.0759739873	0.072937956	0.0273464	0.045127099999999996	-0.00518613	-0.00210064	0.000638537	-0.00224294
0.06872757000000003	0.1348001444	-0.0240533889	-0.0139879667	0.0184388234	0.0147078444	-0.1150255502	-0.0795729635	0.0784869228	-0.0766878214	0.0741920043	0.024156599999999997	0.0372838	-0.0153415	-0.0014872	0.000570835	-0.0019733
0.05881531	0.0399575371	0.0725853374	-0.0381650087	0.0592613672	0.0459086987	-0.07694282549999999	-0.079645341	0.0787752489	-0.0773321295	0.0753264804	0.0255232	0.039553500000000005	-0.00020934	-0.00212156	0.000608292	-0.00210242
0.0260745	0.0650739203	-0.0736952218	-0.069788871	0.0798388644	-0.0088695031	-0.0283487102	-0.079709695	0.0790318321	-0.0779063275	0.0763395561	0.0350582	0.0395246	-0.00191929	-0.00197108	0.000591879	-0.0019733
0.02656833999999999	0.0957116249	0.0327905732	0.0518672244	0.0228110427	-0.0571478324	-0.0754551785	-0.0797660189	0.079256569	-0.0784098948	0.0772295986	0.027632	0.034101400000000004	-0.00561958	-0.00188834	0.000474246	-0.0019733
0.04599711000000002	0.010958764	0.061688514000000014	-0.0274122219	0.0945784109	-0.0405293403	-0.0337121424	-0.0798143071	0.0794493692	-0.0788423748	0.07799517339999999	0.027076	0.042565399999999996	0.00364818	-0.00205462	0.0006562030000000001	-0.00217925
0.03801287000000001	0.0562797961	-0.0187319054	0.0130273892	0.0708727517	0.0091886909	-0.0624384553	-0.0798545546	0.0796101548	-0.0792033756	0.0786350467	0.0247407	0.0362795	0.00299126	-0.00174935	0.000592728	-0.0019733
0.06576713999999999	-0.1547249857	0.1515346846	0.0828871708	0.0019971711	-0.0890526105	0.0066034834	-0.0798867576	0.0797388611	-0.0794925697	0.0791481873	0.024033099999999998	0.03946740000000002	0.0471592	-0.00140868	0.000606132	-0.0019733
0.07940695	-0.0991282833	-0.0336125133	0.0007540181	0.0514719161	0.0125381508	0.0267746517	-0.0799109126	0.0798354362	-0.079709695	0.0795337681	0.0169625	0.0593534	0.012510799999999999	-0.00168946	0.000681391	-0.0019733
0.07162179	0.0190399728	-0.15019698050000002	0.0674552418	-0.0091194836	0.0075705627	-0.034545819	-0.0799270173	0.0798998413	-0.0798545546	0.0797911678	0.00941519	0.0396657	-0.00942823	-0.00178058	0.000474246	-0.00212399
0.07284393	0.0483787093	-0.0176361347	0.08527350630000001	-0.0015248082999999998	0.0490448781	0.0057037104	-0.07993507009999999	0.0799320503	-0.0799270173	0.0799199714	0.021940900000000003	0.041955400000000004	-0.016273099999999995	-0.00115249	0.000371403	-0.00183125
