0.0	-0.06983781509999999	-0.0029797593	0.0369740961	-0.09455603	0.0406991017	-0.0406458104	0.07993507009999999	0.0799320503	0.0799270173	0.0799199714	-7.790839999999998e-06	-0.015381299999999999	0.06717689999999997	-0.000304623	-0.0	0.000145971
0.12240055915999999	0.0349375639	-0.0594688758	0.0580157054	-0.1081633994	0.0116038471	0.0407498171	0.0799270173	0.0798998413	0.0798545546	0.0797911678	-0.00708364	-0.037307400000000004	-0.00591986	-0.000473876	9.081300000000004e-05	0.0
0.05931516	0.047427913	0.059861281900000014	0.0394016008	0.0077811389	0.0123825096	0.1150220101	0.0799109126	0.0798354362	0.079709695	0.0795337681	0.00627998	-0.0157083	-0.009336400000000005	-0.000422338	-1.49819e-23	-0.000276367
0.13381607000000004	-0.061065053	-0.0268742929	-0.022444017200000003	0.050683229	0.0201758086	0.0114891257	0.0798867576	0.0797388611	0.0794925697	0.0791481873	-0.00384084	0.00394855	0.0668841	-0.000302967	-0.00016062	6.6174399999999985e-24
0.20342636	0.0540382118	-0.060367288	0.0781509328	0.0572777104	0.0187872729	0.0093056617	0.0798545546	0.0796101548	0.0792033756	0.0786350467	-0.00068593	-0.0416334	-0.0444986	-0.000775788	0.000232695	0.0
0.11848542	0.0022681494	0.0786201473	0.0195835018	0.0158963121	0.0249922613	-0.0465574972	0.0798143071	0.0794493692	0.0788423748	0.07799517339999999	-0.00010221	-0.009158500000000002	-0.0110762	-0.000163742	-0.0	-0.000195347
0.1075705	-0.043238127	-0.0627283122	0.033941092	-0.060276408	-0.033375529	-0.0374152821	0.0797660189	0.079256569	0.0784098948	0.0772295986	-0.00889696	-0.0255056	0.0429817	-0.000460489	7.5321e-05	0.0
0.08122456	0.098947321	0.0189832212	-0.0273443611	-0.04815730730000002	-0.0693089267	0.068719115	0.079709695	0.0790318321	0.0779063275	0.0763395561	0.00023879999999999998	-0.022875799999999998	-0.0150475	-0.00043892400000000004	-0.0	-0.00013171
0.08431602999999999	-0.0538193888	0.0629602228	0.0055838408	0.0870084102	-0.0600435022	0.06765023049999999	0.079645341	0.0787752489	0.0773321295	0.0753264804	-0.00163102	0.00789081	0.026364	-0.00033556300000000004	-0.0	-0.00023371099999999997
0.08200394000000001	-0.0266577409	-0.0754446347	0.0133311887	0.08367167589999999	-0.0309652811	0.0037546693	0.0795729635	0.0784869228	0.0766878214	0.0741920043	-0.011088400000000002	-0.014754	0.046375599999999996	-0.000699655	-0.0	0.0
0.11492535000000002	0.08517401460000001	0.0150794656	0.0287901025	0.0919031299	-0.0576091219	0.0014541433	0.0794925697	0.07816697	0.0759739873	0.072937956	-0.0019154	-0.0231326	-0.0243774	-0.000546395	0.000202334	-0.000176821
0.197469932	-0.0784872757	0.0270866735	-0.0057619289	0.0337011048	-0.0517359942	-0.0490566881	0.0794041677	0.0778155195	0.07519127440000001	0.0715663568	-0.0138203	0.0294823	0.0572274	-4.7543599999999995e-06	-0.0	0.000106111
0.17390191699999996	0.0211510879	-0.070310323	0.0412291306	-0.0619806902	-0.08611721380000001	0.0061377412	0.0793077664	0.0774327128	0.0743403923	0.0700794171	-0.017122099999999998	-0.0183047	-0.007833609999999998	-0.000856148	8.792649999999999e-05	-0.000109611
0.093684565	0.0165002552	0.0928926999	-0.012960738	0.0133210944	-0.0055048129	0.08511053960000001	0.0792033756	0.0770187042	0.0734221124	0.0684795334	-0.0128363	0.015702400000000002	-0.0197303	-0.00022014900000000002	-0.0	-0.000255585
0.12064061	-0.0368130242	-0.0625545558	0.0104191219	0.071695535	0.0330547982	0.0311773969	0.07909100570000001	0.0765736605	0.0724372672	0.0667692842	-0.017115599999999998	-0.00597146	0.031022700000000007	-0.0008432529999999998	-0.0	0.0
0.08910617	0.08461600550000001	0.048329933600000013	0.0037301466	0.0368130456	0.051185283600000006	-0.0259212868	0.0789706681	0.0760977612	0.0713867496	0.06495142570000001	-0.00677285	-0.019009099999999998	-0.00433863	-0.000523145	0.000101598	-0.000185583
0.10531923	-0.0633239832	-0.0182580551	0.036179899	-0.0561654634	0.0103459806	-0.0865953741	0.0788423748	0.07559119780000001	0.0702715121	0.0630288878	-0.013437200000000002	0.011956999999999999	0.0486537	-0.000529893	-0.0	0.0
0.17047975	0.08487414609999999	-0.0130428148	-0.0001546894	-0.0795902554	0.0271029178	0.084532342	0.0787061389	0.0750541746	0.0690925657	0.061004769	-0.0034712	-0.025584299999999997	-0.038542400000000004	-0.0008919349999999998	0.000220434	-0.000133051
0.2377496375	-0.067846089	0.0624421574	-0.0147514714	0.0419228072	0.0911907123	0.0321175133	0.0785619741	0.0744869079	0.0678509792	0.0588823313	-0.0111669	0.0353632	0.0681662	2.5367500000000003e-06	-0.0	0.0
0.0945677875	0.0006991935	-0.0599934353	-0.07057482309999999	0.0322148932	0.0600727424	-0.1109513314	0.0784098948	0.07388962639999999	0.0665478783	0.0566649955	-0.0125	-0.008662200000000002	0.057925599999999994	-0.000479876	0.0001874	0.000109561
0.121136475	0.01447295	0.0690624755	0.0209678549	-0.0307829921	-0.0640619652	-0.106772204	0.0782499164	0.0732625707	0.0651844444	0.0543563352	-0.00251611	0.0117999	0.00852776	4.90159e-05	-0.0	0.0
0.082633675	-0.0623361849	-0.04219395980000002	0.0077876028	-0.08933943859999999	-0.036743137200000005	-0.059061971	0.078082055	0.0726059935	0.0637619136	0.051960071	-0.0131512	0.002809	0.0458285	-0.000465123	-0.0	0.0
0.11967549	0.0952367908	-0.0115146321	-0.0341228975	-0.0348550994	-0.0149290162	0.1206701422	0.0779063275	0.0719201593	0.062281575599999986	0.0494800651	-0.00527771	-0.0135237	-0.0242001	-0.000710982	0.00012919	-0.000133765
0.18417506	-0.0716850077	0.0638197977	-0.0410609436	0.0647042203	0.0461855508	0.0353406188	0.0777227516	0.0712053446	0.0607447724	0.0469203142	-0.00957782	0.03475519999999998	0.0676828	-0.00032810099999999997	-0.00014842700000000002	0.0
0.12521808000000004	-0.0100686311	-0.0818119449	-0.0296994367	0.0314446029	0.0678224862	-0.0537858866	0.07753134589999999	0.07046183730000001	0.0591528974	0.0442849438	-0.0124073	-0.0175208	0.040874	-0.000612705	0.000316301	0.00011674399999999999
0.1067102805	0.0596076155	0.0803775672	-0.0123760436	-0.034611504700000004	0.0029802186	-0.0875384694	0.0773321295	0.06968993700000001	0.0575073938	0.0415782013	-0.00634269	0.00281431	0.0148112	-6.60063e-05	-6.31111e-06	-9.89004e-05
0.1054800425	-0.0692137774	-0.0294203448	-0.0435216094	-0.0951088879	-0.0055250116	-0.0341633443	0.0771251226	0.06888995490000001	0.0558097533	0.038804449	-0.0171279	0.023563900000000002	0.0584495	-0.000467054	8.603939999999997e-06	9.127569999999999e-05
0.14835958800000001	0.0895336425	-0.0107592704	-0.056562859000000014	-0.0191190668	0.018276973	0.0725064096	0.07691034599999999	0.0680622132	0.0540615151	0.0359681572	-0.008113169999999998	-0.0157198	-0.007505269999999999	-0.0008538499999999999	0.00021266	0.0
0.190956235	-0.0851218623	0.0414344887	-0.02700719	0.0751984203	0.0398748917	-0.0183008574	0.0766878214	0.06720704549999999	0.0522642642	0.0330738971	-0.017098500000000003	0.0283937	0.074907	-0.00014198799999999998	-0.0001035	8.088069999999999e-05
0.144198335	0.0102389909	-0.0780625811	0.0042974342	0.0193141149	0.0505476264	-0.0700722197	0.07645757110000001	0.0663247964	0.05041963	0.0301263332	-0.0143929	-0.0335103	0.0406093	-0.000531591	0.000331837	0.0
0.10249832	0.042103444	0.080366896	0.0180490702	-0.0593299987	-0.0431053176	-0.0586152697	0.0762196185	0.06541582139999999	0.0485292848	0.0271302159	-0.00498633	-0.0091932	0.017231599999999996	-0.000253594	-0.00010492200000000001	-0.00019318299999999998
0.090755225	-0.049541362	-0.032213907400000005	-0.050519049100000005	-0.0768963108	0.0094941931	0.0296025587	0.0759739873	0.0644804868	0.046594942400000006	0.024090374	-0.014330200000000001	0.00678107	0.0571317	-0.000373923	3.777e-05	5.45357e-05
0.14377565499999995	0.0692146196	-0.031328941	-0.0107163183	0.0353735197	0.0270244702	0.0809452549	0.0757207024	0.0635191694	0.044618356500000005	0.0210117067	-0.0030612	-0.029027999999999998	-0.00489445	-0.000720312	0.00020366700000000001	-0.00012660700000000002
0.09738479	-0.0376188578	0.0615395624	-0.0032392356	0.0693127588	0.0555279283	-0.0507859386	0.0754597894	0.0625322567	0.0426013192	0.0178991758	-0.00718858	-0.0103728	0.0315353	-0.000177236	2.3938499999999998e-05	-8.596229999999998e-05
0.06286181	-0.0451460786	-0.0628448631	0.0106179044	0.0105076327	0.0019127055	-0.0613675248	0.07519127440000001	0.0615201462	0.0405456591	0.0147577975	-0.013001599999999999	-0.0270906	0.045642199999999994	-0.000402624	0.00023707	0.0
0.099777585	0.0863261842	0.0252407918	0.015756854	-0.05293886440000002	-0.0616549988	-0.0219461383	0.0749151845	0.060483246	0.038453239900000005	0.0115926346	-0.00550585	-0.030627699999999997	-0.021588099999999995	-0.000660557	6.47143e-05	0.0
0.1613967	-0.0732017704	0.0391510775	-0.0017416995000000002	-0.033698462400000004	-0.0520720409	0.028818807400000007	0.0746315476	0.0594219737	0.0363259585	0.0084087885	-0.012276100000000002	0.00582915	0.06431369999999999	-0.00013531399999999999	-5.53987e-05	0.0
0.121529835	0.0274945787	-0.0659621744	-0.0296150882	0.022029902200000003	-0.0223778797	0.0924682508	0.0743403923	0.058336757	0.0341657437	0.0052113902	-0.0150477	-0.0340706	0.0195405	-0.000676072	8.554899999999999e-05	0.0
0.07178528	0.0103388284	0.0695920367	0.0134167537	0.089473789	0.0126459765	-0.0134510065	0.0740417477	0.0572280333	0.0319745538	0.002005593	-0.00347689	-0.0143142	0.00425678	-0.000270115	0.00018307900000000005	0.0
0.07103043000000002	-0.0551722731	-0.0457207763	-0.0268438403	0.0135018844	-0.0110773631	-0.075609993	0.0737356442	0.0560962492	0.0297543755	-0.0012034366	-0.017228200000000003	-0.0173657	0.0507704	-0.000397796	0.00015648	0.0
0.09986556	0.07706189999999999	0.009192601	0.0172743089	-0.044491124400000005	-0.1054610404	0.0015534686	0.0734221124	0.0549418609	0.0275072215	-0.0044105266	-0.00522048	-0.026704500000000003	-0.00827254	-0.000544395	0.000259894	-0.000139509
0.17102938499999998	-0.0644510767	0.0332366229	-0.025622644	-0.017756563200000002	-0.0265899797	0.0507459966	0.07310118389999999	0.0537653335	0.0252351292	-0.007610508399999999	-0.0121309	0.021372099999999998	0.07081990000000002	-0.000300276	1.62185e-05	0.000111695
0.160215485	0.0290519087	-0.0784030693	0.0107642997	0.0573820156	-0.0076931503000000016	0.0676600965	0.0727728912	0.052567141100000006	0.0229401584	-0.0107982247	-0.012035200000000001	-0.029729000000000002	0.00338389	-0.0007765589999999999	0.000259894	0.0
0.033473473	0.0020502603	0.0810730937	0.0037693051	0.057008033	0.0355344346	-0.0264187057	0.0724372672	0.0513477665	0.0206243899	-0.0139685379	-0.0123308	-0.013460299999999998	0.0009992669999999999	-0.00048606800000000004	0.000259894	0.0
0.075425858	-0.0417810981	-0.054371908600000005	-0.0203690086	0.032658726400000004	0.0339413795	-0.0696880416	0.0720943458	0.050107701	0.0182899231	-0.0171163386	-0.0172197	-0.0242652	0.052113599999999996	-0.000494039	9.551049999999999e-05	0.0
0.090364537	0.0683613153	0.050588409400000006	0.0072895658	-0.0971299158	0.0107570196	0.0037986594	0.0717441615	0.0488474444	0.0159388744	-0.0202365536	-0.00982769	-0.020437599999999997	-0.0007269019999999998	-0.000693362	0.000259894	-0.000162382
0.148035682	-0.051438683	-0.0255536161	-0.0332468864	-0.0622692729	0.069690828	0.0566254085	0.0713867496	0.0475675045	0.0135733754	-0.0233241543	-0.0172025	0.0027719000000000003	0.07212699999999997	-0.000403272	-5.51884e-05	0.000124395
0.16489484499999998	0.0564482176	-0.0080228083	0.0065364153	0.0301594818	0.0801194441	0.0361684955	0.0710221462	0.046268397	0.0111955706	-0.0263741644	-0.00422455	-0.034582800000000004	-0.00250154	-0.0008498829999999997	0.000259894	8.741529999999997e-05
0.20456737	-0.07157099110000001	0.0266073392	-0.0519394887	0.0486847734	0.0362824605	-0.07295774370000001	0.0706503878	0.0449506455	0.0088076158	-0.0293816684	-0.012261200000000002	0.0139379	0.0791623	0.000120545	-1.5393900000000002e-05	0.000168623
0.195200045	0.0320465601	-0.0688186764	0.024812592	-0.0151535589	-0.0264956364	-0.0679259872	0.0702715121	0.0436147809	0.006411676	-0.0323418192	-0.0139826	-0.0420296	0.00350465	-0.000672614	0.000259894	0.0
0.103516865	-0.0188168776	0.0950090782	-0.0172708573	-0.0497079028	-0.08837248060000001	-0.0189591279	0.0698855571	0.0422613414	0.0040099232	-0.0352498461	-0.010761100000000001	-0.000656655	0.027011200000000003	-0.00012503700000000002	9.91536e-05	0.0
0.08912931500000001	-0.0470568458	-0.0751598317	0.0071460612	-0.0308726984	-0.0463364411	0.0618552633	0.06949256179999999	0.0408908726	0.001604535	-0.0381010623	-0.0172459	-0.0351214	0.0414298	-0.000532473	0.000259894	0.00010704700000000001
0.06588988999999999	0.0787059865	0.0357978324	-0.0262732476	0.0576850445	0.009888276	0.0981799901	0.0690925657	0.0395039266	-0.0008023078999999999	-0.0408908726	-0.00728637	-0.0348173	-0.00176501	-0.000532473	0.000118312	0.0
0.147404686	-0.0706173248	0.0047413429	-0.0265518558	0.067140273	0.0470634772	-0.0521299594	0.0686856091	0.0381010623	-0.0032084234000000003	-0.0436147809	-0.0137243	-0.000210954	0.0773977	-0.000252331	-0.0001455	0.0
0.132072146	0.0249317851	-0.0557887799	-0.0078057329	-0.0118401994	0.0414027581	-0.0768457317	0.068271733	0.0366828449	-0.0056116301	-0.046268397	-0.013536600000000001	-0.0449621	0.018071900000000002	-0.00040308699999999994	0.000259894	0.0
0.06894800999999999	0.0106034203	0.0756723641	0.0192933586	-0.0701885079	-0.0659465055	-0.053456416900000005	0.0678509792	0.0352498461	-0.0080097493	-0.0488474444	-0.00630231	-0.020674400000000002	0.00378468	-0.000210484	0.00012114200000000005	-0.000131421
0.07744341	-0.0469065962	-0.0386971441	-0.0295604699	-0.0600978411	0.0016440859	0.0612843566	0.06742339	0.0338026431	-0.0104006067	-0.0513477665	-0.017234	-0.0282281	0.0410629	-0.00037390599999999997	0.000259895	0.0
0.07659422	0.06984434169999999	0.0027342206	-0.0111781122	0.0472128455	0.0031727842	0.0835714522	0.0669890084	0.0323418192	-0.0127820349	-0.0537653335	-0.00506588	-0.035976	0.00407945	-0.000630457	0.000122551	0.0
0.09187697	-0.0609908462	0.023603193	-0.0059396105	0.0720044205	0.0575998154	-0.040275101	0.0665478783	0.030867963	-0.0151518747	-0.0560962492	-0.011853200000000001	-0.017365900000000004	0.050007800000000005	-0.0004844780000000001	-0.000142494	0.0
0.118648294	0.0235866406	-0.0627687943	0.0353553127	0.0036697192	0.0223481559	-0.068923464	0.0661000441	0.0293816684	-0.0175079777	-0.058336757	-0.0133161	-0.0428821	0.000585506	-0.0008254249999999999	0.000259895	-0.00010160200000000001
0.071691926	0.0209427345	0.082162554	0.0284128451	-0.07883948610000001	-0.0376784604	-0.0144477778	0.06564555080000001	0.0278835343	-0.0198482077	-0.060483246	-0.00683383	-0.0250896	-0.0116795	-0.000358091	0.000125788	0.0
0.07273267	-0.0409165145	-0.0447683263	-0.0144432123	-0.0152424426	-0.0104109505	0.08949634050000001	0.0651844444	0.0263741644	-0.0221704431	-0.0625322567	-0.0109745	-0.0250961	0.0340602	-0.0006809	0.000259895	0.0
0.09028747	0.0617577615	0.0041907011	0.0029848524	0.0655074533	0.0085634178	0.047667753499999986	0.0647167712	0.0248541669	-0.0244725786	-0.0644804868	-0.0054218	-0.034054900000000006	-0.025589599999999997	-0.000838187	9.46586e-05	0.0
0.09002919999999999	-0.0606263387	0.012677151299999998	0.0477236353	0.0739016434	0.0116849939	-0.0511028729	0.0642425783	0.0233241543	-0.026752527	-0.0663247964	-0.00528707	-0.0285457	0.0318498	-0.000509338	-5.79851e-05	-5.74247e-05
0.13095774999999998	0.0249656336	-0.0454364141	0.0235968865	-7.85834e-05	-0.0361523147	-0.0364601941	0.0637619136	0.0217847431	-0.0290082213	-0.0680622132	-0.0119194	-0.0524332	-0.0315022	-0.0007602189999999999	0.000347408	-0.000142869
0.096604385	-0.0011138969	0.063448292	0.0115496554	-0.047577769000000006	-0.0971873397	-0.0294583959	0.0632748254	0.0202365536	-0.0312376164	-0.06968993700000001	-0.010548600000000002	-0.019453900000000003	-0.011217	-0.000369275	1.7858299999999998e-05	-0.000261757
0.08696548499999998	-0.0185710206	-0.0475564291	-0.0202825219	-0.0431201451	-0.0293359376	0.1059459195	0.0627813628	0.0186802098	-0.0334386912	-0.0712053446	-0.0150475	-0.035297	0.0111898	-0.0009212239999999999	8.8486e-05	0.0
0.06485243	0.0497524213	0.034188389	-0.0302463261	0.06892740809999999	-0.0098234713	0.0726234197	0.062281575599999986	0.0171163386	-0.035609450099999995	-0.0726059935	-0.00510633	-0.026894799999999996	-0.00737506	-0.000749525	-6.6524e-05	-0.000232175
0.06043608	-0.0626678905	-0.014929025	0.025283241	0.0703911414	0.031511697000000005	-0.013985966599999998	0.061775514	0.0155455703	-0.037747925	-0.07388962639999999	-0.0115299	-0.0213342	0.019338400000000002	-0.000867646	-0.00015099700000000002	0.0
0.0907814	0.0635478879	-0.0279312294	-0.0066764249	0.0158480621	0.0182951553	-0.0379566004	0.0612632291	0.0139685379	-0.0398521774	-0.0750541746	-0.0125185	-0.0460349	-0.026462799999999998	-0.00077087	-2.3644e-05	-0.00016168899999999996
0.097154355	-0.0495765997	0.0596929152	0.008138948	-0.001999343	-0.06144537360000001	-0.0328427689	0.0607447724	0.0123858767	-0.0419202993	-0.0760977612	-0.014638	-0.00750066	0.0118474	-0.0006312409999999999	-8.61343e-05	0.0
0.070379505	-0.0030418926	-0.0628030706	-0.0015140954000000002	-0.046984996900000006	-0.0651493935	-0.0343572822	0.0602201963	0.0107982247	-0.0439504158	-0.0770187042	-0.0137159	-0.0353503	0.0250446	-0.00114884	-3.5521999999999996e-05	0.0
0.06601889999999999	0.033639325	0.070866417	0.0028885435	-0.0566490415	-0.0486765267	0.0616291615	0.0596895534	0.0092062214	-0.0459406864	-0.0778155195	-0.011480500000000001	-0.029427299999999997	-0.00691255	-0.000746248	-0.00015099700000000002	0.0
0.05920410000000001	-0.0462539532	-0.0375850904	-0.0340830469	-0.0106311554	0.0341288788	0.0753490639	0.0591528974	0.007610508399999999	-0.0478893067	-0.0784869228	-0.0172197	-0.0353625	0.0401256	-0.0007364169999999997	-0.00015099700000000002	0.0
0.103924	0.065553018	0.0004987373000000001	0.0031123785	0.014058221200000002	0.0952021534	0.0546341688	0.0586102822	0.0060117288	-0.0497945101	-0.0790318321	-0.0172141	-0.0353624	-0.031955000000000004	-0.0009069319999999999	0.000100406	-0.000214836
0.13925280000000004	-0.0565566386	0.0137723107	-0.0074480812	0.0195174256	0.1366990934	-0.0587157675	0.0580617626	0.0044105266	-0.0516545692	-0.0794493692	-0.0172197	-0.0202823	0.05387190000000002	-0.000606367	-0.00015099700000000002	0.0
0.11650815	0.0440406966	-0.0441629659	0.0137327208	-0.0450772232	0.08783710759999999	-0.0632242716	0.0575073938	0.0028075473	-0.0534677978	-0.0797388611	-0.0172607	-0.0414668	-0.0203151	-0.000606367	0.000270916	0.0
0.09025937	-0.0273855686	0.0736049386	-0.0138678772	-0.0734628283	0.010983696	-0.0746744961	0.0569472315	0.0012034366	-0.0552325519	-0.0798998413	-0.0142534	-0.00910898	0.0193577	-0.000461669	0.000111185	0.0
0.05771902	-0.0103272335	-0.0698022457	0.0261360867	-0.09153196460000004	-0.0080673554	-0.0016680045999999998	0.05638133240000001	-0.000401159	-0.0569472315	-0.0799320503	-0.015081	-0.0353719	0.010809299999999999	-0.0007633910000000001	0.000251065	0.0
0.08333128499999999	0.0394159584	0.0729169583	-0.0076434081	-0.0006325764	0.0244700368	0.0602215618	0.0558097533	-0.002005593	-0.0586102822	-0.0798354362	-0.00878217	-0.0215247	-0.021793200000000002	-0.00032119900000000004	8.16019e-05	0.0
0.1024971	-0.045432853200000005	-0.0543344939	-0.0119704871	0.056710183	0.0291906707	-0.006183838499999999	0.0552325519	-0.0036092188	-0.0602201963	-0.0796101548	-0.0172027	-0.023099599999999998	0.034366100000000004	-0.000911017	-5.54275e-05	0.0
0.111477225	0.0739460042	0.0248897296	-0.0060402648	0.0294182072	0.0265539928	-0.0214302436	0.0546497862	-0.0052113902	-0.061775514	-0.079256569	-0.0050642	-0.03977580000000002	-0.013492600000000002	-0.000383634	0.00011326600000000001	0.0
0.114101515	-0.07548383759999999	-0.025271348	0.014541243999999997	-0.0229058196	-0.0598346786	-0.0785075733	0.0540615151	-0.0068114617	-0.0632748254	-0.0787752489	-0.017207199999999995	-0.020468	0.049909800000000004	-0.000300907	-0.000110891	7.808229999999997e-05
0.171985665	0.0522526587	-0.0286513378	0.0229523068	-0.0630735301	-0.076253405	0.078262071	0.0534677978	-0.0084087885	-0.0647167712	-0.07816697	-0.017238299999999998	-0.044586	-0.047573500000000005	-0.0008679339999999999	0.000251065	0.0
0.194222145	-0.0602689204	0.0340609798	-0.0164582952	0.0949012566	-0.0617686168	0.065435265	0.052868694	-0.0100027269	-0.0661000441	-0.0774327128	-0.0110565	-0.00572468	0.0588159	-0.000501218	-0.000152955	8.50565e-05
0.202984895	0.04211441690000002	-0.0554202519	0.0313933723	0.0808159912	-0.0138725239	-0.043962057	0.0522642642	-0.0115926346	-0.06742339	-0.0765736605	-0.0128582	-0.052240800000000004	-0.0344236	-0.00108969	0.00040206800000000016	0.0
0.12087669999999998	-0.0291811645	0.0593756592	0.0289060255	0.0198999456	-0.0873772536	-0.043186343899999986	0.0516545692	-0.0131778711	-0.0686856091	-0.07559119780000001	-0.011470600000000001	-0.0228614	-0.00244115	-0.0005039080000000001	-0.000174695	0.0
0.06775015999999999	0.007815914699999999	-0.0590217293	0.0349452303	-0.0149274974	-0.1442531803	-0.0051732415	0.0510396705	-0.0147577975	-0.0698855571	-0.0744869079	-0.017168400000000004	-0.0421849	-0.0171755	-0.0008771589999999998	-4.49275e-05	-5.68717e-05
0.060637699999999996	0.0144592344	0.07699875099999999	-0.0123423678	0.019636908600000003	-0.0726340855	0.0826458443	0.05041963	-0.0163317771	-0.0710221462	-0.0732625707	-0.014798799999999999	-0.018257	-0.010033	-0.0005167230000000001	-6.61552e-05	-0.000219162
0.07911745	-0.0228522178	-0.0521638916	-0.0091918235	0.1072945757	-0.0239431771	0.062235541	0.0497945101	-0.0178991758	-0.0720943458	-0.0719201593	-0.017183900000000002	-0.0354907	0.014437899999999997	-0.000998116	-6.61552e-05	1.3234899999999996e-23
0.06160283000000001	0.0341779144	0.0538366934	0.0005924464	-0.0045610711	0.0935325168	-0.0212237536	0.0491643739	-0.0194593619	-0.07310118389999999	-0.07046183730000001	-0.0118029	-0.035447	-0.00855438	-0.000483421	-6.61552e-05	-0.000149022
0.07874562999999997	-0.0365176768	-0.0522468009	-0.0015880310999999998	-0.0882868736	0.022308719900000003	-0.0501478306	0.0485292848	-0.0210117067	-0.0740417477	-0.06888995490000001	-0.017183900000000002	-0.0271989	0.0379459	-0.0007067239999999999	-6.61552e-05	0.0
0.11711215	0.061195011	0.0259554707	-0.0114752146	-0.06346846	0.0418209512	0.093384844	0.0478893067	-0.0225555848	-0.0749151845	-0.06720704549999999	-0.010261399999999999	-0.0330559	-0.038200599999999994	-0.0008125739999999999	7.596979999999999e-05	-0.00031574799999999997
0.13883626	-0.0519646441	-0.0074085868	-0.0036025526	0.0376830092	0.0592955998	0.0135851216	0.0472445043	-0.024090374	-0.0757207024	-0.06541582139999999	-0.0120082	-0.00916213	0.0437885	-0.0008125739999999999	-0.00023241400000000001	0.0
0.14580467	0.056467621	-0.0068568012	0.0257641984	0.0346726871	0.0619863053	-0.0332087019	0.046594942400000006	-0.0256154559	-0.07645757110000001	-0.0635191694	-0.00349584	-0.0418658	-0.0388953	-0.0006934339999999999	-6.61552e-05	-0.000152698
0.16327829	-0.0478959679	0.0029035154	0.0089729982	-0.0244715587	0.0024769231	-0.1003916909	0.0459406864	-0.0271302159	-0.0771251226	-0.0615201462	-0.011954000000000001	-0.00597501	0.0342379	-0.00033214	-0.000472239	-0.000301243
0.15191442	0.0516001396	-0.016885286	0.041340809	-0.0603957434	-0.0744095097	-0.0015313506	0.0452818024	-0.0286340436	-0.0777227516	-0.0594219737	-0.00652532	-0.035471800000000005	-0.043178100000000004	-0.0008125739999999999	-0.000267851	-0.00040788
0.1620574	-0.0490544614	0.0485372919	-0.0091968811	-0.0161616142	-0.0169336506	0.0673500353	0.044618356500000005	-0.0301263332	-0.0782499164	-0.0572280333	-0.0122936	-0.00249358	0.0375515	-0.00041646300000000016	-0.000641299	-0.000325813
0.13062949	0.0246940455	-0.0609613941	-0.0048747195	0.05643588610000001	0.006231640500000001	0.045788059000000006	0.0439504158	-0.0316064831	-0.0787061389	-0.0549418609	-0.00434925	-0.032443900000000005	-0.00479882	-0.00106885	-0.00037606	-0.00023574900000000002
0.072932488	-0.0212849929	0.0687826391	-0.0099667841	0.047632349	0.0573114039	-0.053877277300000005	0.0432780475	-0.0330738971	-0.07909100570000001	-0.052567141100000006	-0.000215882	-0.010067	0.0176972	-0.0008128989999999997	-0.00022433599999999997	-0.000306598
0.078403618	0.0162721735	-0.0638081437	0.0520107701	-0.0528313937	0.0079518182	-0.0554917949	0.0426013192	-0.0345279838	-0.0794041677	-0.050107701	-0.00994945	-0.0354384	-0.0139482	-0.0009901530000000001	-0.00019499	-0.000280133
0.06001968	0.0273864965	0.07899601519999999	0.0087901163	-0.0850699194	0.0252545156	0.0572571988	0.0419202993	-0.0359681572	-0.079645341	-0.0475675045	-0.00381932	-0.0116286	-0.0217157	-0.00068773	-0.000259707	-0.000359238
0.09395388	-0.021591472200000003	-0.0606214728	-0.0304987578	0.0341643216	0.0384535616	0.040190839	0.0412350562	-0.0373938371	-0.0798143071	-0.0449506455	-0.0101746	-0.0152125	0.042768400000000005	-0.0009286339999999999	-0.00031319	-0.000263013
0.06848055	0.0473471245	0.0357785513	0.0111401906	0.0227207864	0.0640112702	-0.0346394161	0.0405456591	-0.038804449	-0.0799109126	-0.0422613414	0.00221319	-0.0244546	0.00243834	-0.000902226	-0.000234301	-0.000237898
0.07176196000000001	-0.0489126563	-0.045528643499999986	0.0109636533	0.0120623023	0.025118069	-0.0936525618	0.0398521774	-0.0401994245	-0.07993507009999999	-0.0395039266	-0.00539121	-0.0228882	0.040357599999999993	-0.000725575	-0.00031319	0.0
0.10624440899999996	0.0680690894	0.01463949	0.0319376814	-0.0931779445	-0.0213436378	-0.03018734	0.0391546809	-0.0415782013	-0.0798867576	-0.0366828449	-0.000408451	-0.032384500000000004	-0.021362400000000004	-0.0008290439999999999	-0.00018868700000000002	-0.000372935
0.152753439	-0.0502317651	-0.0044520607	0.0056964718	-0.0519410244	-0.0106013162	0.007884134499999999	0.038453239900000005	-0.0429402241	-0.0797660189	-0.0338026431	-0.00936427	-0.00397308	0.042324099999999996	-0.000569253	-0.000589955	0.0
0.17021434499999996	0.0501953134	-0.0138865476	0.0228028454	0.0078317874	0.0097211708	0.0933571361	0.037747925	-0.0442849438	-0.0795729635	-0.030867963	-0.000163145	-0.042093	-0.0311137	-0.0008290439999999999	-0.00020409400000000001	-0.00034345800000000004
0.195203325	-0.0507764751	0.0221832694	-0.0162101022	0.0808191046	-0.0060539607	-0.0016298874	0.037038807400000005	-0.0456118188	-0.0793077664	-0.0278835343	-0.0017350899999999995	-0.00148022	0.0677582	-0.000480826	-0.000595352	0.0
0.18975018899999999	0.035087531400000004	-0.0444348285	0.0398500754	0.0506716332	0.0157581782	-0.036774356	0.0363259585	-0.0469203142	-0.0789706681	-0.0248541669	0.000533019	-0.0474474	-0.0271961	-0.0008290439999999999	-0.000166213	-0.000153855
0.143649049	-0.0298178069	0.0466230956	-0.0095712851	0.0217026479	-0.0306370211	-0.0379787268	0.035609450099999995	-0.0482099028	-0.0785619741	-0.0217847431	-0.00198243	-0.008560949999999998	0.0435517	-0.00058859	-0.000401891	0.0
0.13764658	0.0241426055	-0.0576094044	0.0894151837	-0.013713556000000002	-0.0763707785	-0.038755729	0.0348893543	-0.0494800651	-0.078082055	-0.0186802098	-0.00631561	-0.0427494	-0.0243009	-0.000974212	-0.00016206599999999996	0.0
0.097400173	-0.0082821026	0.0952942877	-0.035867768599999995	-0.0611340185	-0.0458369287	0.034435109900000004	0.0341657437	-0.0507302891	-0.07753134589999999	-0.0155455703	0.0009559330000000001	-0.00587947	0.011119200000000001	-0.0007066739999999999	-0.0002513	0.0
0.078809203	-0.0185101346	-0.0936111845	0.0270488449	0.0254531442	-0.0387311676	0.0963762158	0.0334386912	-0.051960071	-0.07691034599999999	-0.0123858767	-0.00716629	-0.0388591	0.0238197	-0.00120603	-0.000250519	0.0
0.10971344	0.0594801282	0.0905246595	-0.0251847371	0.0607616111	0.0554176885	0.0335556926	0.03270827	-0.0531689154	-0.0762196185	-0.0092062214	0.00455204	-0.0261918	-0.00914336	-0.0005884330000000001	-0.0005596630000000001	-0.000120554
0.07760586	-0.0873682006	-0.060762686	0.0290356772	0.0554952442	0.0201705469	-0.0754285172	0.0319745538	-0.0543563352	-0.0754597894	-0.0060117288	-0.00443096	-0.03268	0.03210229999999998	-0.00053768	-0.00031319	2.64698e-23
0.13014083999999998	0.0984041296	0.023645544700000003	-0.0223325877	-0.0702169195	0.0491641968	-0.0108323944	0.0312376164	-0.0555218517	-0.0746315476	-0.0028075473	-0.00320797	-0.0480281	-0.052514599999999995	-0.000838396	-0.00036914300000000016	-0.00022238799999999999
0.243005915	-0.0794378909	0.0064046827	-0.07338645349999999	-0.0623494324	-0.0217838519	-0.026723934	0.0304975321	-0.0566649955	-0.0737356442	0.000401159	-0.00491642	0.017215	0.0674612	1.75693e-05	-0.000412361	-8.27181e-25
0.230830525	0.0594291778	-0.0342521303	-0.0171928637	-0.0583794612	0.0487735458	0.0771567386	0.0297543755	-0.0577853059	-0.0727728912	0.0036092188	-0.00466226	-0.0484578	-0.0344659	-0.00100768	-0.000178081	2.64698e-23
0.20542396	-0.0620567688	0.0510846828	-0.0460196665	0.0330313907	0.08698200810000001	0.009464253	0.0290082213	-0.0588823313	-0.0717441615	0.0068114617	-0.0021156999999999994	0.00145733	0.0662583	-0.00016350299999999998	-0.00029769299999999997	8.097239999999997e-05
0.15163809	0.0376058083	-0.058944538	-0.0035676454	0.0081752141	0.1187174001	-0.0737520673	0.0282591448	-0.059955629800000014	-0.0706503878	0.0100027269	-0.00526399	-0.051872900000000007	0.0101664	-0.0007059439999999999	-0.000139753	0.0
0.06387567	-0.025740832	0.0743108865	0.0143457171	-0.0631609775	0.0243596521	-0.0815912679	0.0275072215	-0.061004769	-0.06949256179999999	0.0131778711	-0.00449467	-0.024817	0.029671299999999998	-0.000379008	-0.000143728	0.0
0.07585753	0.0019449858	-0.0610976199	0.0296024126	-0.1049478533	0.0038816638	-0.002034191	0.026752527	-0.0620293259	-0.068271733	0.0163317771	-0.0102112	-0.0505844	0.015534000000000001	-0.0009837340000000002	-0.000143728	0.0
0.08677048299999998	0.0243743388	0.0744821551	0.0330223403	0.0313441471	-0.0139281442	0.055725814000000005	0.0259951375	-0.0630288878	-0.0669890084	0.0194593619	0.00187859	-0.0332078	0.000551057	-0.000426314	-0.000143728	-0.00028900299999999997
0.095028763	-0.0179354728	-0.05998048950000001	0.0045184503	0.06953191480000001	-0.008331229499999999	-0.0158803512	0.0252351292	-0.06400305190000001	-0.06564555080000001	0.0225555848	-0.00663003	-0.04056869999999999	0.046508600000000004	-0.0008013449999999999	-0.000143728	0.0
0.11380275	0.0386033949	0.0087414569	0.080916093	0.0409480856	-0.0509711614	-0.0266832182	0.0244725786	-0.06495142570000001	-0.0642425783	0.0256154559	0.00376907	-0.0472954	-0.014288200000000001	-0.0004702730000000001	-0.000342065	-0.000188194
0.0852242	-0.0084056931	-0.0234323536	0.0270293488	-0.0101398717	-0.0912314572	-0.0613714115	0.0237075627	-0.065873627	-0.0627813628	0.0286340436	-0.00510323	-0.0354899	0.0233757	-0.000886781	-0.000434089	-0.000217312
0.07596309459	0.0273110608	-0.0058276078000000005	0.0996295655	0.0083801175	-0.1578388957	0.070620665	0.0229401584	-0.0667692842	-0.0612632291	0.0316064831	-3.68541e-06	-0.0354864	-0.031108799999999995	-0.0008273799999999997	-0.000484887	5.29396e-23
0.15264114458999994	-0.0218121182	0.0179130672	-0.08766300449999999	0.0017842976999999996	0.0310126606	0.17174104129999998	0.0221704431	-0.0676380363	-0.0596895534	0.0345279838	-0.00376198	-0.0508028	0.05720790000000001	-0.00150683	-0.000420497	0.000161155
0.16316638000000006	-0.0531051012	0.0080648346	-0.14263784699999998	0.1185244392	-0.1244229422	0.005429484300000001	0.0213984944	-0.0684795334	-0.0580617626	0.0373938371	-0.00574451	0.007518099999999998	0.08000699999999998	-0.000110241	-0.000271505	0.000105459
0.17468493999999998	0.0017364775	-0.0349903362	0.0030776455	0.0781684894	-0.0357304234	0.0608534873	0.0206243899	-0.0692934363	-0.05638133240000001	0.0401994245	-0.0138901	-0.0367356	0.0214905	-0.0012537000000000002	-0.00029797	0.0
0.08068879999999998	-0.0158923555	0.056260534400000006	-0.0847117593	0.07995625469999999	0.0513307267	-0.008257465600000001	0.0198482077	-0.0700794171	-0.0546497862	0.0429402241	-0.00560357	-0.00848958	0.0398001	-0.000804311	-0.000365514	0.0
0.08811501	-0.0221678592	-0.056464881900000014	0.0180513169	-0.0365069859	0.0857657982	-0.0519118941	0.019070026	-0.07083715900000001	-0.052868694	0.0456118188	-0.0137088	-0.041457	0.030761	-0.0012252700000000005	-2.64078e-05	0.0
0.07521516	0.0615814939	0.0883675951	-0.05135683940000002	-0.1260412335	0.052601780999999986	-0.054655058	0.0182899231	-0.0715663568	-0.0510396705	0.0482099028	-0.00684785	-0.017381999999999998	0.015571200000000004	-0.00103298	-0.000277473	-0.00013843299999999998
0.07096369999999999	-0.0533068383	-0.0447635143	-0.0173206641	-0.0638151597	0.0667889603	0.052907651900000005	0.0175079777	-0.07226671650000001	-0.0491643739	0.0507302891	-0.0127936	-0.0240713	0.0557554	-0.0008767379999999997	-0.00020925900000000002	0.0
0.069747929	0.0915753408	0.0261372936	-0.0624010143	0.06544189610000001	0.0037823883	-0.01959107	0.016724268400000002	-0.072937956	-0.0472445043	0.0531689154	0.00027042900000000004	-0.027919799999999998	0.0275464	-0.00109491	-0.000483615	0.0
0.115793239	-0.1090198911	-0.0137306065	0.0076808462	0.05735978730000001	-0.0004590395	-0.0607715014	0.0159388744	-0.07357980480000001	-0.0452818024	0.0555218517	-0.0104345	-0.00907419	0.0802766	-0.000630802	-0.000277473	0.0
0.14233942	0.0755955589	-0.0612089749	-0.0382250594	0.0201785328	-0.0523413735	-0.0614716473	0.0151518747	-0.0741920043	-0.0432780475	0.0577853059	-0.0129756	-0.045381	-0.00014851	-0.000947105	-0.00042249800000000016	0.0
0.10043465	-0.0816263703	0.08456126470000001	0.029174369300000006	-0.0390627657	-0.0834133798	-0.016796523799999998	0.0143633485	-0.0747743077	-0.0412350562	0.059955629800000014	-0.00577066	-0.0109439	0.050855199999999996	-0.0009363520000000002	-0.000277473	0.0
0.06541604	0.0208475032	-0.0800391605	-0.0648029643	-0.0253524336	-0.034513504	0.1077579636	0.0135733754	-0.0753264804	-0.0391546809	0.0620293259	-0.0171636	-0.0347098	0.0400517	-0.00118498	-0.00013702700000000001	0.0
0.05463649	0.0077923884	0.0733832246	0.0360660904	0.0927019462	0.0383611357	-0.0112450097	0.0127820349	-0.07584830000000001	-0.037038807400000005	0.06400305190000001	-0.00287461	-0.0237492	0.017072999999999998	-0.0012277000000000002	-0.000222471	0.0
0.07069402999999999	-0.0267637067	-0.0511735413	-0.0396096414	0.0051691717	0.0228759983	-0.0723584843	0.0119894067	-0.0763395561	-0.0348893543	0.065873627	-0.0131293	-0.0325556	0.048965100000000004	-0.0011961500000000006	1.3296800000000001e-05	0.000127499
0.08804234999999999	0.0554227113	0.0357621752	0.0581740841	-0.0507579805	-0.079870416	-0.0136905822	0.0111955706	-0.0768000508	-0.03270827	0.0676380363	-0.00339872	-0.028087599999999997	0.00971847	-0.00128983	-0.000277473	-0.00017999400000000005
0.112054705	-0.0497038885	-0.011005252	-0.0435074937	-0.0344247327	-0.0274510723	0.0385389388	0.0104006067	-0.0772295986	-0.0304975321	0.0692934363	-0.012537399999999999	-0.012235	0.057745800000000014	-0.0008490509999999998	-0.000200069	8.254489999999997e-05
0.118082465	0.0587863585	-0.0354498184	0.0253189148	0.0803458829	-0.0728681441	0.0746820577	0.0096045951	-0.0776280263	-0.0282591448	0.07083715900000001	-0.0042732	-0.0347203	-0.00162712	-0.00128983	-0.00016419199999999996	0.0
0.108082515	-0.054759752800000006	0.0544672714	0.0033399734	0.1010711941	0.0081895196	0.0026500301000000003	0.0088076158	-0.07799517339999999	-0.0259951375	0.07226671650000001	-0.0171977	-0.017761599999999995	0.0496582	-0.00104499	4.39889e-05	8.525899999999999e-05
0.090338045	0.0070881465000000015	-0.0537558843	0.0283633541	0.042142453200000006	0.0251564379	-0.0359424401	0.0080097493	-0.078330892	-0.0237075627	0.07357980480000001	-0.013428399999999998	-0.044857	0.013741	-0.00123251	-0.000154355	0.0
0.07789979999999999	-0.0005707757	0.0853424776	-0.0319863461	-0.045112167	0.0013129595999999998	-0.0547478288	0.0072110759	-0.0786350467	-0.0213984944	0.0747743077	-0.0131308	-0.0108618	0.0286423	-0.000781515	-0.000277474	0.0
0.07425889999999999	-0.035949579700000005	-0.0689313265	-0.007562323599999999	-0.1102685592	0.0142612055	-0.0208425442	0.006411676	-0.07890751509999999	-0.019070026	0.07584830000000001	-0.0171549	-0.034655	0.056971600000000004	-0.00105356	-0.000277474	9.020100000000004e-05
0.07057055	0.0763500493	0.06300497349999999	-0.0422817343	-0.095409544	0.0409627537	0.0664622631	0.0056116301	-0.0791481873	-0.016724268400000002	0.0768000508	-0.0031589	-0.022004	0.0239082	-0.0009265580000000001	-0.000277474	0.0
0.08028396	-0.0769193116	-0.0320711019	0.0082988273	-0.0378390559	0.0770770783	0.033966187	0.004811019000000001	-0.07935696639999999	-0.0143633485	0.0776280263	-0.00873286	-0.03463069999999998	0.0667447	-0.0008368389999999999	-0.000150766	0.000168509
0.07337724000000001	0.08874158230000001	-0.005590244	-0.0422684924	-0.0405824608	0.1274831752	0.0187038966	0.0040099232	-0.0795337681	-0.0119894067	0.078330892	-0.00846842	-0.0346629	0.020835	-0.00108504	-0.000277474	0.0
0.12098219999999996	-0.0873349311	0.009512672	0.0229327003	0.0298039398	0.0854230297	-0.0287904163	0.0032084234000000003	-0.0796785214	-0.0096045951	0.07890751509999999	-0.00355252	-0.0157174	0.09020460000000001	-0.00062897	-0.00017852	0.0
0.134517845	0.06117408150000001	-0.0397209337	-0.016109604	-0.0174168308	0.0952882378	-0.0548200033	0.0024066004	-0.0797911678	-0.0072110759	0.07935696639999999	-0.00456588	-0.052192499999999996	0.026604000000000003	-0.00120738	-8.835429999999998e-05	0.0
0.12367432199999999	-0.0657142416	0.0452651666	0.0104975372	0.0009902551	-0.0420112346	-0.0574833349	0.001604535	-0.0798716619	-0.004811019000000001	0.0796785214	-0.0009533580000000001	-0.0209956	0.07445039999999999	-0.000504164	-0.000152671	5.2837299999999996e-05
0.105951227	0.0226437269	-0.0520375437	0.0128336394	-0.0776181852	-0.0553813362	-0.0573143758	0.0008023078999999999	-0.0799199714	-0.0024066004	0.0798716619	-0.0125404	-0.0523726	0.0460739	-0.0010978	-0.00017763299999999998	0.000126453
0.08488839	-0.0191324434	0.0905076079	-0.0458168042	-0.038188841	-0.0719315275	0.0281591429	0.0	-0.0799360767	-0.0	0.0799360767	-0.00123246	-0.0270514	0.05619590000000002	-0.0004789830000000001	-0.00016015799999999998	0.0
0.04996793000000002	-0.008534553299999999	-0.0589983197	-0.0231312105	0.0372752479	-0.04266594940000002	0.0616521835	-0.0008023078999999999	-0.0799199714	0.0024066004	0.0798716619	-0.00581264	-0.0411204	0.0523996	-0.000996967	-0.000192623	2.64698e-23
0.051238650999999996	0.0409233201	0.049292986100000005	0.00626199	0.0916102068	-0.0295288967	-0.0076096364	-0.001604535	-0.0798716619	0.004811019000000001	0.0796785214	0.000193311	-0.034428	0.0279346	-0.0009118590000000002	-0.000389021	0.0
0.057381431	-0.0530995434	-0.0448733815	0.0295296225	0.057386065	-0.015731865	-0.0635310045	-0.0024066004	-0.0797911678	0.0072110759	0.07935696639999999	-0.00615823	-0.0344526	0.057660699999999995	-0.00112666	-0.000277474	9.92358e-05
0.09277274	0.064298721	-0.0356164309	0.0552046109	-0.0060559024	-0.0190792507	-0.0130916928	-0.0032084234000000003	-0.0796785214	0.0096045951	0.07890751509999999	-0.00934363	-0.043849400000000004	-0.0037149	-0.00118375	-0.000277474	-0.000219973
0.0451655	0.0003120778	0.060450115	0.0447495127	-0.041435753	-0.0497522795	-0.0345470727	-0.0040099232	-0.0795337681	0.0119894067	0.078330892	-0.00523458	-0.0297966	0.012290100000000005	-0.00118375	-0.000277474	0.0
0.067889305	-0.0478701403	-0.038894334	-0.008707791999999999	-0.0981545438	-0.0141103903	0.0206314168	-0.004811019000000001	-0.07935696639999999	0.0143633485	0.0776280263	-0.00828887	-0.030980599999999997	0.060797000000000004	-0.0009561169999999999	-0.000277474	-7.52493e-05
0.09623722600000002	0.08559236	-0.0157902234	-0.0343486098	-0.0258908851	0.015808199199999998	0.1078882559	-0.0056116301	-0.0791481873	0.016724268400000002	0.0768000508	0.000983731	-0.0344649	0.00426521	-0.00129871	-0.000310644	-0.000238457
0.159231269	-0.0780053563	0.0631277933	-0.0080279063	0.0433348963	0.0636792183	0.0487178979	-0.006411676	-0.07890751509999999	0.019070026	0.07584830000000001	0.00270303	-0.00775832	0.08576019999999998	-0.0007906419999999999	-0.000550327	0.0
0.10495295999999996	0.0208834184	-0.090374922	-0.0123067502	0.0569272897	0.0346805096	-0.0267659992	-0.0072110759	-0.0786350467	0.0213984944	0.0747743077	-0.00360495	-0.0344089	0.046396	-0.00125093	-0.000358011	0.0
0.05691917	0.0015673868	0.1026663365	-0.0105816399	0.0138776075	0.0188601767	-0.0733264676	-0.0080097493	-0.078330892	0.0237075627	0.07357980480000001	0.00451847	-0.0181213	0.0497048	-0.000873382	-0.000285416	-0.000133844
0.04760038	-0.0307644071	-0.08958139119999999	0.0410604439	-0.0562984216	-0.0637968809	-0.0651794038	-0.0088076158	-0.07799517339999999	0.0259951375	0.07226671650000001	-0.00102436	-0.034362000000000004	0.056014800000000003	-0.000976789	-0.00013253	0.0
0.04206765	0.07360756639999999	0.0676566571	0.0222664347	-0.0213433211	-0.0057488322	0.1009154428	-0.0096045951	-0.0776280263	0.0282591448	0.07083715900000001	-0.00102436	-0.034369300000000005	0.017554	-0.00104878	-0.00013253	0.0
0.07754672	-0.0618021201	-0.0586258601	0.0115536932	0.0551948797	-0.0209326191	0.0046956462	-0.0104006067	-0.0772295986	0.0304975321	0.0692934363	0.00312091	-0.017063499999999995	0.07053530000000001	-0.000986493	-0.00013253	0.0
0.13758443999999995	0.065204153	0.0240506884	0.0680037894	0.0398092494	0.0418103736	-0.0253040968	-0.0111955706	-0.0768000508	0.03270827	0.0676380363	-0.00101133	-0.0498113	-0.0104029	-0.00123907	-0.000275277	0.0
0.19417391	-0.064582483	-0.013939339	-0.071406578	-0.0333464037	-0.0885683642	-0.0395069459	-0.0119894067	-0.0763395561	0.0348893543	0.065873627	-0.00100064	0.00123002	0.07065729999999999	-0.00030661	-0.00041609199999999996	0.00016795900000000002
0.1675352	0.0474098647	-0.0100264301	0.0131462624	-0.0436409542	0.0354363949	0.0944820432	-0.0127820349	-0.07584830000000001	0.037038807400000005	0.06400305190000001	-0.00101012	-0.0450161	0.022490700000000002	-0.0015245999999999999	-0.000339781	0.0
0.19976933600000002	-0.0506389462	0.0183178755	-0.1060459242	0.049300026600000005	0.0480189853	0.0200680705	-0.0135733754	-0.0753264804	0.0391546809	0.0620293259	-0.000989919	0.0154373	0.08287489999999999	9.9577e-06	-0.00038345400000000003	-8.27181e-25
0.19552886600000002	0.0188819113	-0.0140362175	0.0668690034	-0.0148020924	0.08407150740000001	-0.0462139593	-0.0143633485	-0.0747743077	0.0412350562	0.059955629800000014	-0.0075032	-0.045424400000000004	0.021139099999999997	-0.0010674800000000002	-0.00013253	0.0
0.187328252	-0.0151789706	0.02546373	-0.1481692274	-0.0742303108	-0.0425714649	-0.0766026437	-0.0151518747	-0.0741920043	0.0432780475	0.0577853059	-0.000994113	0.0242753	0.0672971	-4.96417e-05	-0.000413921	0.0
0.224598202	0.030851419100000006	-0.0119865921	0.0969753352	-0.0213528339	-0.0233034894	0.07427085809999999	-0.0159388744	-0.07357980480000001	0.0452818024	0.0555218517	-0.00102436	-0.0432301	-0.00245299	-0.0015145	-0.00013253	0.0
0.23111975	-0.0420204918	0.0487079976	-0.1833016746	0.052834919800000005	0.0133809877	0.047085166	-0.016724268400000002	-0.072937956	0.0472445043	0.0531689154	-0.00970825	0.0282404	0.0786661	-0.000187518	-6.25866e-05	0.0
0.19743122	0.0320877017	-0.0559916987	0.0963046523	0.0892944493	-0.0666818034	-0.0729230762	-0.0175079777	-0.07226671650000001	0.0491643739	0.0507302891	-0.0104805	-0.058628099999999995	0.0208741	-0.0009763539999999999	-0.00031372	0.0
0.14251495	-0.053732498200000006	0.0834795598	-0.0321391495	-0.0538935943	-0.031522212599999995	-0.0345192534	-0.0182899231	-0.0715663568	0.0510396705	0.0482099028	-0.00821516	-0.00585264	0.08013189999999999	-0.00042743	-0.000329123	0.0
0.12671955	0.0076456053	-0.1239523738	0.057717497	0.0325205194	-0.1165860667	0.0734193011	-0.019070026	-0.07083715900000001	0.052868694	0.0456118188	-0.01598	-0.0423769	0.0408626	-0.0010940600000000002	-0.00013253	0.0
0.0426284	0.0449142562	0.127882367	0.0013439834	0.0947298856	0.0295094529	0.0249499042	-0.0198482077	-0.0700794171	0.0546497862	0.0429402241	-0.0041051	-0.0276184	0.0374128	-0.00114756	-0.00013253	-0.000197404
0.06707977999999999	-0.0729840202	-0.1008959297	0.1031747032	0.0639617026	-0.0444721185	-0.0562140227	-0.0206243899	-0.0692934363	0.05638133240000001	0.0401994245	-0.0165628	-0.03876280000000002	0.056883900000000015	-0.000876666	-4.5423199999999996e-05	-7.527319999999997e-05
0.11432314999999996	0.0860614153	0.0495986431	0.0501601116	-0.08607139890000001	0.0162139917	-0.0060669932	-0.0213984944	-0.0684795334	0.0580617626	0.0373938371	-0.0105952	-0.0403672	-0.00636267	-0.00132322	-0.000362455	-0.00018177900000000002
0.15219113	-0.0431052749	-0.035647497	0.0620098544	-0.018831009	-0.0786187987	0.0575087343	-0.0221704431	-0.0676380363	0.0596895534	0.0345279838	-0.00593391	-0.00723488	0.05872330000000001	-0.000691732	-0.000535419	0.0
0.13691583	0.0428143095	0.0270633936	0.0690400622	0.0097709019	0.0995666751	0.0919912187	-0.0229401584	-0.0667692842	0.0612632291	0.0316064831	-0.00599928	-0.039493	0.00801431	-0.00145459	-0.00022061	0.0
0.11528989999999999	-0.001559343	-0.020752456	-0.016598777	0.0557744839	0.0323814802	-0.0345194911	-0.0237075627	-0.065873627	0.0627813628	0.0286340436	-0.00355282	-0.012526100000000002	0.0653323	-0.000991454	-0.000112575	1.3234899999999996e-23
0.14540160000000002	0.059957436	0.0331780184	0.0952610605	-0.0597618089	0.0243875976	-0.0303181498	-0.0244725786	-0.06495142570000001	0.0642425783	0.0256154559	-0.00019788	-0.0423176	-0.00213476	-0.00136432	-0.000386541	-0.00024893
0.15177062	-0.0274446606	-0.0183835182	-0.0081519802	-0.0874610074	0.0273936526	0.04477692690000002	-0.0252351292	-0.06400305190000001	0.06564555080000001	0.0225555848	-0.00309554	-0.011920100000000001	0.0671219	-0.0008967860000000002	-0.00011862899999999999	0.0
0.11916319	0.0728732882	0.0085324891	0.0564521178	0.0665568783	0.0141153595	0.0500316921	-0.0259951375	-0.0630288878	0.0669890084	0.0194593619	0.00066891	-0.0309282	0.00665176	-0.0013805200000000005	-0.00018904299999999999	-0.000164262
0.15201062999999998	-0.0903385031	0.00043540010000000015	0.0629479043	0.0367274191	0.063944103	-0.0257788857	-0.026752527	-0.0620293259	0.068271733	0.0163317771	-0.00224053	-0.0116881	0.076347	-0.0007710519999999999	0.000139785	0.000100759
0.12858592	0.0976832366	-0.0409301471	-0.0039106755	-0.0061050565	-0.0007614926	-0.0792292696	-0.0275072215	-0.061004769	0.06949256179999999	0.0131778711	-0.00967709	-0.042271800000000005	0.019056200000000002	-0.00110777	-8.82352e-05	0.0
0.16917186499999998	-0.0920089841	0.0766856238	-0.0055812165000000006	-0.047442754	-0.0392829805	0.0545876819	-0.0282591448	-0.059955629800000014	0.0706503878	0.0100027269	0.00318073	0.008393569999999998	0.08272169999999998	-0.000270252	-8.608969999999999e-05	0.0
0.1494934611	0.0451421064	-0.087432613	-0.031668493	0.0411619349	0.0152618956	0.0619071546	-0.0290082213	-0.0588823313	0.0717441615	0.0068114617	-0.00797778	-0.036511400000000006	0.051574800000000004	-0.00142918	6.439220000000001e-07	0.0
0.0617118141	-0.0135621217	0.0891589468	0.1084199972	0.0432117572	0.0431968517	-0.04411323	-0.0297543755	-0.0577853059	0.0727728912	0.0036092188	0.000297563	-0.022959200000000003	0.032708299999999996	-0.00116363	-4.32155e-05	-0.000110946
0.060394822999999986	0.0116240467	-0.06634445929999999	-0.0482596024	-0.0363167043	-0.012267408600000002	-0.0540177729	-0.0304975321	-0.0566649955	0.0737356442	0.000401159	-0.00977565	-0.0338805	0.060687800000000014	-0.00113421	-4.32155e-05	8.80502e-05
0.085121305	0.0206202402	0.0797205248	0.0453008402	-0.0556168204	-0.0432079037	-0.0016663402	-0.0312376164	-0.0555218517	0.0746315476	-0.0028075473	0.00675108	-0.00693036	0.0539587	-0.0008249909999999999	-0.000188115	-0.000156138
0.0956375	-0.0060282505	-0.07964803940000001	-0.0180013121	0.0231581786	0.0313392448	0.0721603967	-0.0319745538	-0.0543563352	0.0754597894	-0.0060117288	-0.00773255	-0.031648	0.0697169	-0.00124047	5.3828599999999995e-05	0.0
0.07906728500000001	0.0501956823	0.0438925504	0.094381645	0.0480037341	0.0675045958	-0.0233808616	-0.03270827	-0.0531689154	0.0762196185	-0.0092062214	0.00569623	-0.0202291	0.030060700000000006	-0.00124047	-4.32155e-05	-0.000194224
0.158376065	-0.0570235137	-0.0396150828	-0.1337163269	-0.0696568974	0.0304848923	-0.0337581225	-0.0334386912	-0.051960071	0.07691034599999999	-0.0123858767	-0.0177196	0.0147244	0.0740214	-0.000556952	0.000255534	-5.55708e-05
0.097533309	0.0683151645	0.0194008739	-0.008791263	-0.0191266034	-0.07875135429999999	0.0090235368	-0.0341657437	-0.0507302891	0.07753134589999999	-0.0155455703	-0.000101601	-0.017458099999999997	0.0611837	-0.00101685	0.00018286099999999998	-0.000220902
0.085533149	-0.0744243788	-0.002985686	-0.0767186242	0.0205440661	0.0340280796	0.0481593399	-0.0348893543	-0.0494800651	0.078082055	-0.0186802098	-0.015560299999999997	0.0158606	0.07291319999999997	-0.0006907980000000001	0.000252543	-0.000116111
0.12036240000000001	0.0923754254	-0.0383370135	0.0244581328	0.1034274386	-0.0473332389	-0.0643855897	-0.035609450099999995	-0.0482099028	0.0785619741	-0.0217847431	-0.00722885	-0.027163999999999997	0.0356249	-0.00124047	0.00017988799999999998	-0.00010407700000000004
0.11501952999999998	-0.1026678926	0.028775534900000007	0.037820674	-0.02168795	0.0253635525	-0.016814575800000002	-0.0363259585	-0.0469203142	0.0789706681	-0.0248541669	-0.0124916	-0.00288507	0.06937410000000001	-0.0006021959999999999	-0.000112334	0.0
0.07191407999999998	0.0671635342	-0.070299332	-0.021834845	-0.0200436898	-0.1246257306	-0.0760288311	-0.037038807400000005	-0.0456118188	0.0793077664	-0.0278835343	-0.011529600000000001	-0.0326719	0.0522784	-0.00104076	-0.00015516100000000001	0.0
0.1003573	-0.0900025954	0.08737751349999999	-0.0004788082	-0.0376521509	-0.0359759067	0.0867272634	-0.037747925	-0.0442849438	0.0795729635	-0.030867963	-0.0108693	0.011504	0.080484	-0.0006029890000000001	-0.0002637	0.0
0.09500605	0.0343579066	-0.0955793299	-0.040140293	0.0224636796	0.0001702753	0.08004876820000001	-0.038453239900000005	-0.0429402241	0.0797660189	-0.0338026431	-0.013853200000000001	-0.025953800000000003	0.0644711	-0.00125282	-0.000142502	0.0
0.06574498634999999	-0.0205972166	0.1101880977	0.0080103149	0.036361113	0.0826377892	-0.0101231026	-0.0391546809	-0.0415782013	0.0798867576	-0.0366828449	-0.0117376	-0.006586399999999999	0.0620375	-0.000902088	-5.91273e-07	-0.000343925
0.08446220865000001	-0.0090402685	-0.0987146054	0.0194653307	-0.0023797249	0.056730412	-0.0512295353	-0.0398521774	-0.0401994245	0.07993507009999999	-0.0395039266	-0.0134085	-0.037626099999999996	0.069589	-0.00126862	0.00020683599999999998	-3.38821e-05
0.100900165	0.0422024319	0.1070168208	0.0090159571	-0.0781515793	0.0344304744	-0.0992303485	-0.0405456591	-0.038804449	0.0799109126	-0.0422613414	-0.00152733	-0.007725499999999999	0.0575274	-0.0010515999999999998	-0.00020807400000000001	-0.000343088
0.06209102	-0.0492928524	-0.095942257	0.0224625382	-0.0988389729	-0.0155361022	-0.0138667239	-0.0412350562	-0.0373938371	0.0798143071	-0.0449506455	-0.011594799999999999	-0.0176988	0.06644299999999999	-0.0011755000000000001	0.000128342	-0.00014071100000000002
0.05174235999999999	0.1038786869	0.074382006	-0.0629025827	-0.0206430042	0.0647140248	0.0641316296	-0.0419202993	-0.0359681572	0.079645341	-0.0475675045	0.00274926	-0.0227999	0.0675749	-0.0007985549999999997	-0.000117836	-0.00014052799999999998
0.115974215	-0.1049377049	-0.0629195006	-0.0012684404	0.0545227807	-0.0116611635	0.0072054066	-0.0426013192	-0.0345279838	0.0794041677	-0.050107701	-0.00933725	0.026228300000000003	0.08457630000000001	-0.000357346	3.2503200000000004e-05	2.50859e-05
0.16385687	0.100737682	0.015969875300000002	-0.0241766774	0.037095282400000006	0.0786718635	-0.0320702626	-0.0432780475	-0.0330738971	0.07909100570000001	-0.052567141100000006	-0.00397855	-0.0289068	0.0298013	-0.0012487100000000005	4.54367e-05	-4.2378e-05
0.164470085	-0.0918712357	-0.0200547233	-0.0010074916	-0.0408901601	0.0035066496999999995	-0.0469868746	-0.0439504158	-0.0316064831	0.0787061389	-0.0549418609	-0.0097083	0.023929699999999998	0.0702808	-0.000320674	-0.000117836	0.00017480000000000002
0.11932483	0.0843905653	-0.0028656684	-0.0497719173	-0.0881125	0.0749680405	0.04973853860000002	-0.044618356500000005	-0.0301263332	0.0782499164	-0.0572280333	-0.016775099999999998	-0.0265691	0.04618730000000002	-0.00090837	-6.6356e-05	6.06614e-05
0.12993189	-0.0917553534	0.0131102036	0.015114842	0.0355122911	0.0271081534	0.047719771900000006	-0.0452818024	-0.0286340436	0.0777227516	-0.0594219737	-0.00150636	0.0235583	0.08259019999999999	-0.000397193	-0.000117836	6.06614e-05
0.15967314	0.05696650900000001	-0.0062342914	0.0001074492	-0.0013352134	0.1277168826	-0.0339721223	-0.0459406864	-0.0271302159	0.0771251226	-0.0615201462	-0.0127141	-0.0435578	0.057336	-0.00127238	0.00012887899999999998	6.06614e-05
0.1969312	-0.05934193030000001	-0.0057094297	-0.0264626641	-0.0309532414	-0.0492369326	-0.0682639171	-0.046594942400000006	-0.0256154559	0.07645757110000001	-0.0635191694	-0.00334129	0.0317935	0.0863682	8.18388e-05	-0.0001804	6.06614e-05
0.203159895	0.05643173360000001	-0.0010124666	0.0327283632	-0.0764616879	0.0051557287	0.008361165600000001	-0.0472445043	-0.024090374	0.0757207024	-0.06541582139999999	-0.0101228	-0.047606199999999994	0.0406121	-0.00102721	-3.59595e-05	-0.00011030100000000005
0.222043605	-0.0753239402	0.0270773659	-0.0839735898	0.0648823829	-0.0871740387	0.0796519954	-0.0478893067	-0.0225555848	0.0749151845	-0.06720704549999999	-0.00525004	0.047165	0.0940625	0.00011216399999999999	-0.000104608	6.06614e-05
0.228777165	0.0635642942	-0.0498676525	0.0060105086	0.1051065281	-0.0146546688	-0.0233256053	-0.0485292848	-0.0210117067	0.0740417477	-0.06888995490000001	-0.0134085	-0.045998000000000004	0.043045099999999996	-0.00109484	8.44536e-05	-7.20391e-05
0.148668705	-0.0617902467	0.0519372119	0.0027283042	0.0957992024	-0.1403722866	-0.0169570604	-0.0491643739	-0.0194593619	0.07310118389999999	-0.07046183730000001	-0.00831195	0.008606829999999998	0.0718635	-0.00034374199999999996	-0.00026202	-0.000177446
0.138467825	0.0320718892	-0.0197822438	0.074619053	0.0038760006	-0.08563845960000001	-0.0082633184	-0.0497945101	-0.0178991758	0.0720943458	-0.0719201593	-0.016755000000000003	-0.0474749	0.0403662	-0.000950259	-0.000104608	-9.246010000000004e-05
0.164314415	-0.0413483589	0.0430714558	-0.1305661044	0.0255849882	-0.1716898955	0.0418018645	-0.05041963	-0.0163317771	0.0710221462	-0.0732625707	-0.016770300000000002	0.0401875	0.0851392	-0.000319564	-0.000104608	-9.903940000000004e-05
0.19676159	0.0254691169	-0.0425028851	0.0611610402	0.0844855811	-0.0001044244	0.0633363414	-0.0510396705	-0.0147577975	0.0698855571	-0.0744869079	-0.016791099999999996	-0.0427149	0.041434399999999996	-0.0012096	0.000248327	6.06614e-05
0.17055591999999994	-0.0356135634	0.0293198946	-0.0613286387	0.0727397028	-0.0261426888	-0.04322907980000002	-0.0516545692	-0.0131778711	0.0686856091	-0.07559119780000001	-0.0120371	0.0186362	0.0741335	-0.000296008	-0.000104608	-0.000107846
0.14046512	0.022172014	-0.0289627224	0.0838721236	-0.0431658128	-0.0137318451	-0.007717319300000002	-0.0522642642	-0.0115926346	0.06742339	-0.0765736605	-0.01192	-0.037740699999999995	0.0427666	-0.00100688	-0.000277313	6.06614e-05
0.187216155	-0.0446821084	0.045236001500000005	-0.1679200433	-0.0514695809	-0.0256402046	0.0696584784	-0.052868694	-0.0100027269	0.0661000441	-0.0774327128	-0.016777599999999997	0.0599197	0.0673027	-5.43683e-05	-2.65836e-05	6.06614e-05
0.19203094	0.0577377734	-0.0673947718	0.0391151349	0.07384003389999999	-0.0042830786	0.0297115812	-0.0534677978	-0.0084087885	0.0647167712	-0.07816697	-0.0134636	-0.0331346	0.055165099999999995	-0.00148573	6.466810000000002e-05	-8.722599999999998e-05
0.096198895	-0.0395568973	0.1019666155	0.0401102832	0.0448791821	0.0722725197	-0.0146649063	-0.0540615151	-0.0068114617	0.0632748254	-0.0787752489	-0.00485552	0.00109128	0.0703712	-0.0008804219999999998	-2.33156e-05	-0.000157111
0.06475647	0.0126026993	-0.0709909459	-0.004421303499999999	-0.0242556049	-0.0050804715	-0.053418044500000005	-0.0546497862	-0.0052113902	0.061775514	-0.079256569	-0.0167886	-0.0266781	0.0677852	-0.00106777	2.0924200000000002e-05	6.06614e-05
0.089274102	-0.018099783	0.0959719601	-0.053355917	-0.0969499961	-0.0125976514	0.0025092068	-0.0552325519	-0.0036092188	0.0602201963	-0.0796101548	-0.00182185	0.0286957	0.0726581	-0.000802996	4.48516e-06	6.06614e-05
0.08865082199999999	0.0108406372	-0.08184459690000001	-0.0311450253	-0.0526716918	0.0617230939	0.0875160374	-0.0558097533	-0.002005593	0.0586102822	-0.0798354362	-0.0121435	-0.0107261	0.08252029999999999	-0.00115339	0.000111473	0.00018418299999999998
0.07460318	-0.0035580614	0.08546946429999999	-0.0230050382	0.0407028376	0.0724060139	-0.0301256601	-0.05638133240000001	-0.000401159	0.0569472315	-0.0799320503	-0.0022339	0.00659075	0.0767091	-0.0006616819999999999	-0.000104608	6.06614e-05
0.064482395	-0.0134745455	-0.0652111562	-0.0338485427	-0.0139794496	0.081482021	-0.059297223	-0.0569472315	0.0012034366	0.0552325519	-0.0798998413	-0.0119786	-0.0208028	0.07782859999999997	-0.000970198	2.73883e-05	0.000144642
0.066561215	0.0272358201	0.0769300155	0.0017043693	-0.0640907757	-0.027080469300000003	-0.08371393099999999	-0.0575073938	0.0028075473	0.0534677978	-0.0797388611	0.00400282	0.00261555	0.08076379999999997	-0.00070165	-0.000104608	6.06614e-05
0.07146015	-0.0206597217	-0.0735647866	0.0173419006	-0.11925693710000004	0.035124469900000004	0.058174826	-0.0580617626	0.0044105266	0.0516545692	-0.0794493692	-0.012422200000000001	-0.014540200000000001	0.0787485	-0.00105436	0.000178182	0.000142443
0.091872762	0.0266958223	0.0785538937	-0.031140922400000007	0.0478064351	0.0055728703	-0.0082756026	-0.0586102822	0.0060117288	0.0497945101	-0.0790318321	-0.000864988	-0.00239825	0.09904520000000004	-0.000642725	-0.000104608	-0.00012067
0.069686367	-0.037966949	-0.07254117980000001	-0.0271666615	0.0289308454	0.0360028284	-0.0260457812	-0.0591528974	0.007610508399999999	0.0478893067	-0.0784869228	-0.00960179	-0.015887799999999997	0.0837882	-0.00078359	9.86303e-05	0.000179287
0.036181275000000006	0.051110049000000005	0.0516508315	0.016757400800000002	-0.0021829843	-0.0308798417	-0.0875286333	-0.0596895534	0.0092062214	0.0459406864	-0.0778155195	0.00136559	-0.010630400000000002	0.0843451	-0.00078359	-0.00017073599999999995	6.06614e-05
0.04306012	-0.0574172109	-0.0332148643	-0.032926238	-0.08512184490000001	-0.0341387033	-0.0105452419	-0.0602201963	0.0107982247	0.0439504158	-0.0770187042	-0.0121182	0.00281494	0.084635	-0.0007248510000000001	8.73468e-05	6.06614e-05
0.041560433	0.0450169383	0.0312975987	-0.0202923698	0.0387481631	-0.0691504961	0.02475309	-0.0607447724	0.0123858767	0.0419202993	-0.0760977612	0.000982373	-0.0105989	0.0877099	-0.00055651	1.62654e-05	6.06614e-05
0.04740863299999999	-0.0507119383	-0.0413426221	0.0013271587	0.0116740222	0.0796517385	0.029549104	-0.0612632291	0.0139685379	0.0398521774	-0.0750541746	-0.010020600000000001	-0.019894799999999997	0.0817192	-0.0008055589999999999	0.00011424	0.00013601900000000005
0.079651365	0.0361840082	0.0343956327	-0.0241727493	0.0480979822	-0.034646846	-0.07990684320000001	-0.061775514	0.0155455703	0.037747925	-0.07388962639999999	0.00985382	-0.0105295	0.07362889999999997	-0.0004738530000000001	-0.000239478	-2.49839e-05
0.08688208499999997	-0.060983938	-0.04493944230000002	0.05429998900000002	-0.0858349277	0.0106780216	-0.0146741197	-0.062281575599999986	0.0171163386	0.035609450099999995	-0.0726059935	-0.016119999999999995	-0.017521000000000002	0.0797722	-0.00088028	0.00022391900000000002	6.06614e-05
0.07786952899999999	0.0391915414	0.0516220693	-0.1094966653	-0.0061846075	-0.1165305414	-0.0018818349	-0.0627813628	0.0186802098	0.0334386912	-0.0712053446	-0.000399361	0.00267227	0.07293679999999997	-0.000581783	5.7073999999999996e-05	-0.000176401
0.079115379	-0.064411208	-0.0538969125	0.058712685	0.0033047287	0.0533472626	0.1157251415	-0.0632748254	0.0202365536	0.0312376164	-0.06968993700000001	-0.00831254	-0.0228878	0.08698269999999997	-0.000906731	3.88484e-05	0.00011235
0.05848432	0.0784134736	0.0539489888	-0.0791855489	0.06907905389999999	0.0050072977	-0.0974412113	-0.0637619136	0.0217847431	0.0290082213	-0.0680622132	0.00257953	-0.010463900000000002	0.0954587	-0.0005184030000000001	-5.4981999999999996e-05	6.06614e-05
0.0637054	-0.0957394176	-0.0495954664	0.0384905251	-0.0454368663	0.0165967432	-0.0226455102	-0.0642425783	0.0233241543	0.026752527	-0.0663247964	-0.014648500000000004	-0.00640201	0.0745097	-0.0006511430000000001	7.085820000000002e-05	-0.000110088
0.04842976	0.1068121682	0.0553172276	-0.0923512039	-0.0122913991	-0.1258562255	-0.0750898352	-0.0647167712	0.0248541669	0.0244725786	-0.0644804868	0.00507695	-0.00163736	0.08836929999999997	-0.000598305	-5.4981999999999996e-05	-0.000133011
0.05110200999999999	-0.1088086812	-0.0393534996	0.1023221971	-0.0281513758	0.0036390163	0.1211526773	-0.0651844444	0.0263741644	0.0221704431	-0.0625322567	-0.013905200000000001	-0.010445	0.0865603	-0.000834697	-5.4981999999999996e-05	6.06614e-05
0.06868648000000001	0.1286297337	0.0145100174	-0.1088398822	0.0871059223	-0.0072974915	-0.017837741	-0.06564555080000001	0.0278835343	0.0198482077	-0.060483246	-0.00359214	-0.028883600000000002	0.071016	-0.00107047	-5.4981999999999996e-05	-0.000191376
0.102234565	-0.1442097141	-0.0021889612	0.104836242	0.0218156068	0.0578987065	0.0133490309	-0.0661000441	0.0293816684	0.0175079777	-0.058336757	-0.018672	0.010620000000000001	0.08137130000000001	-0.0006511430000000001	1.95697e-05	6.06614e-05
0.123134325	0.1454074011	-0.0318731785	-0.0970772044	-0.0466913887	-0.0263121782	-0.0679571119	-0.0665478783	0.030867963	0.0151518747	-0.0560962492	-0.008520609999999998	-0.0336348	0.0524506	-0.00137274	-5.4981999999999996e-05	6.06614e-05
0.16527189	-0.1372868813	0.0465939527	0.06879240910000001	-0.0388952923	-6.02158e-05	0.12576639539999998	-0.0669890084	0.0323418192	0.0127820349	-0.0537653335	-0.00398686	0.0224943	0.110047	-0.000559963	-5.4981999999999996e-05	-6.68144e-05
0.18710689	0.107790071	-0.1008707387	-0.0392805253	0.0709574711	0.0444813324	0.014577811299999997	-0.06742339	0.0338026431	0.0104006067	-0.0513477665	-0.008520609999999998	-0.0357203	0.0412381	-0.00154348	-5.4981999999999996e-05	6.06614e-05
0.1087505	-0.0967420141	0.0974881146	0.17355476309999998	0.0345718796	0.0243556699	-0.018763825	-0.0678509792	0.0352498461	0.0080097493	-0.0488474444	-0.00466835	-0.00610086	0.0619722	-0.000687443	-0.000289839	6.06614e-05
0.07685989999999998	0.0774810417	-0.1111930435	-0.0271567241	-0.0132322612	-0.06829360849999999	-0.067093224	-0.068271733	0.0366828449	0.0056116301	-0.046268397	-0.008520609999999998	-0.0401727	0.058150099999999996	-0.00115486	-5.4981999999999996e-05	6.06614e-05
0.09707624	-0.0264126818	0.1110187902	0.2436263464	-0.0285957492	-0.0454276122	0.0404907695	-0.0686856091	0.0381010623	0.0032084234000000003	-0.0436147809	-0.00396219	-0.015928999999999995	0.0313659	-0.00111462	-0.000350709	-0.00043317
0.09122206	0.0332027507	-0.0693685341	-0.1217109444	-0.0270399922	-0.0277288086	0.097975402	-0.0690925657	0.0395039266	0.0008023078999999999	-0.0408908726	-0.0175225	-0.0204622	0.0660742	-0.00115482	0.000113561	-0.000169235
0.06488057499999997	-0.0129603587	0.07515993530000001	0.0991747785	0.0734411183	0.0157091002	0.0383368924	-0.06949256179999999	0.0408908726	-0.001604535	-0.0381010623	-0.00423951	-0.00652418	0.07468289999999997	-0.0009200189999999999	3.12797e-05	-0.00043317
0.08204699999999998	0.0021508388	-0.0759285252	-0.0546468518	0.0504919171	0.0298578836	-0.0366308213	-0.0698855571	0.0422613414	-0.0040099232	-0.0352498461	-0.017567700000000002	-0.0239854	0.06257839999999999	-0.00123892	0.000153747	-9.14765e-05
0.081299875	0.0564736601	0.0231500177	0.1543415483	-0.072823203	0.0631512241	0.004808747	-0.0702715121	0.0436147809	-0.006411676	-0.0323418192	-0.00526454	-0.027461799999999998	0.03383219999999998	-0.00140999	-6.89718e-05	-0.00043317
0.13365610000000006	0.0135407578	-0.0053489236	-0.14877484	-0.063295583	-0.0207151212	-0.000478479	-0.0706503878	0.0449506455	-0.0088076158	-0.0293816684	-0.00883972	-0.00107964	0.0832678	-0.00062726	-0.000128175	-0.00018984
0.09694717	-0.0174039203	0.0196978953	0.1419275194	0.0384402158	0.0517522834	0.0665341565	-0.0710221462	0.046268397	-0.0111955706	-0.0263741644	-0.00112169	-0.024453799999999998	0.053158800000000006	-0.00121871	-3.47174e-05	-0.000159828
0.05533609	0.0196556778	0.0004534547	-0.1475750975	-0.0129152044	0.1185098933	-0.0800364216	-0.0713867496	0.0475675045	-0.0135733754	-0.0233241543	-0.00971046	-0.0214827	0.0676696	-0.0009543080000000001	0.000248172	-0.000197845
0.04249659	-0.0355840871	0.0345888769	0.0493474838	-0.0603992048	-0.0208738892	-0.0399550754	-0.0717441615	0.0488474444	-0.0159388744	-0.0202365536	-0.00550836	-0.00430446	0.0663826	-0.0007349719999999998	0.000274004	-0.000349262
0.08643096000000001	0.0110300675	-0.0603060218	-0.0299403753	-0.0782060204	0.1157398964	0.0513187087	-0.0720943458	0.050107701	-0.0182899231	-0.0171163386	-0.0224287	-0.027463799999999997	0.07905119999999999	-0.000969433	0.000385684	-2.1749400000000002e-05
0.0600514	0.0292117084	0.014508473700000003	0.1141318753	0.0647326446	0.0568800904	-0.0125439269	-0.0724372672	0.0513477665	-0.0206243899	-0.0139685379	-0.00570218	-0.04047	0.0747303	-0.000920965	0.000218816	-0.000326369
0.08611368999999999	0.0127103033	-0.0319634756	-0.0581066974	-0.0119224079	-0.0280264944	-0.0999020744	-0.0727728912	0.052567141100000006	-0.0229401584	-0.0107982247	-0.00918059	-0.010304899999999999	0.0848503	-0.00046631099999999996	1.7027399999999996e-05	-0.00013580799999999998
0.100613435	-0.001885653	0.0183890992	0.1921702593	0.0060122105	-0.0989392853	0.0658397626	-0.07310118389999999	0.0537653335	-0.0252351292	-0.007610508399999999	-0.00432502	-0.038664	0.0439944	-0.0007936489999999999	1.91257e-05	-0.00033722900000000003
0.109246855	0.0076575186	0.0032666406	-0.1176211474	0.0266529135	-0.00598561	0.0529170422	-0.0734221124	0.0549418609	-0.0275072215	-0.0044105266	-0.016818	-0.00979668	0.0882878	-0.0007936489999999999	0.000205571	-5.1811199999999996e-05
0.08071467950000001	-0.0072025741	-0.005872865	0.1426930461	0.126908142	-0.0705504191	-0.0021397446	-0.0737356442	0.0560962492	-0.0297543755	-0.0012034366	-0.000153833	-0.039878199999999996	0.0786452	-0.0005236619999999999	-7.33205e-06	-5.5449e-05
0.0823801695	-0.0032300683	-0.0084870482	-0.1128160278	-0.0320704339	-0.0202456525	-0.027871714900000004	-0.0740417477	0.0572280333	-0.0319745538	0.002005593	-0.020257	-0.010241900000000002	0.0792707	-0.0007936489999999999	0.000326784	-9.165e-05
0.03907895000000002	0.010707133	-0.0024360985	0.0997575552	0.031870076000000004	-0.1384011683	0.0225553854	-0.0743403923	0.058336757	-0.0341657437	0.0052113902	0.00148925	-0.0144915	0.0810508	-0.0007936489999999999	0.000239825	-0.000230751
0.05343566499999999	-0.0121959335	0.0126674463	-0.0529971013	0.0021482164	0.058132045	0.0937284667	-0.0746315476	0.0594219737	-0.0363259585	0.0084087885	-0.0150203	-0.019706900000000003	0.08420239999999997	-0.00115561	0.00026575	-4.745470000000001e-05
0.04806624	-4.7168100000000013e-05	-0.0145775085	0.0831070721	0.12506056029999998	-0.0633623416	-0.0424637847	-0.0749151845	0.060483246	-0.038453239900000005	0.0115926346	-0.00394881	-0.0232156	0.07298639999999999	-0.000978515	1.97488e-05	-6.97595e-05
0.03152106000000001	-0.006545609799999999	0.0062939983	-0.0201610139	-0.0745084133	0.0502912947	-0.025150849500000003	-0.07519127440000001	0.0615201462	-0.0405456591	0.0147577975	-0.014985	-0.0246689	0.071655	-0.00106413	0.000132803	8.55747e-05
0.064175425	0.0055595944	0.0025316792000000003	0.0200507715	0.0150860323	-0.12770717480000002	0.0053742961	-0.0754597894	0.0625322567	-0.0426013192	0.0178991758	-0.00304498	-0.00919559	0.0713468	-0.000942531	1.97488e-05	-0.00040885
0.10339077	-0.0206267405	-0.0003695835	0.0007429986	-0.0181571786	0.0888982294	0.08549547560000001	-0.0757207024	0.0635191694	-0.044618356500000005	0.0210117067	-0.0149937	-0.027486	0.08693839999999999	-0.00139075	0.00023034799999999998	8.35326e-05
0.11037038699999999	0.0167636848	0.0195041278	-0.0808540646	0.08823289999999999	-0.0446323424	-0.0890620293	-0.0759739873	0.0644804868	-0.046594942400000006	0.024090374	-0.00433718	0.0007358369999999999	0.0697393	-0.0007860169999999999	0.000145398	-0.000312643
0.08689838100000001	-0.0402960288	-0.0266303338	0.0232799054	-0.0613799642	0.0629673145	-0.0372966921	-0.0762196185	0.06541582139999999	-0.0485292848	0.0271302159	-0.0150238	-0.027468299999999998	0.06191569999999999	-0.00107736	0.000344379	7.1348e-07
0.07153556400000001	0.0251825161	0.0356920856	-0.0438209333	-0.0352488807	-0.1095539118	-0.0390791078	-0.07645757110000001	0.0663247964	-0.05041963	0.0301263332	-0.00782878	-0.007913329999999998	0.0485421	-0.00113683	0.000127904	-0.000351581
0.05155149	-0.0344200725	-0.0397898453	0.0589641376	-0.0619559809	0.0744841875	0.119545307	-0.0766878214	0.06720704549999999	-0.0522642642	0.0330738971	-0.015003799999999998	-0.0274607	0.0502867	-0.00129722	0.000284829	-0.00020720599999999998
0.02384328	0.0978010086	0.0226353896	-0.0456590714	0.070609579	0.0527317216	-0.032136787400000005	-0.07691034599999999	0.0680622132	-0.0540615151	0.0359681572	-0.007455619999999999	-0.0244851	0.0511745	-0.00120231	0.000304443	-0.000341316
0.06431734180000001	-0.08654316779999999	-0.008211919	-0.0100188977	-0.0129673062	0.092417833	-0.0281284822	-0.0771251226	0.06888995490000001	-0.0558097533	0.038804449	-0.015044700000000001	-7.708819999999999e-05	0.060042	-0.000970087	0.000271551	-0.000137376
0.12871311179999995	0.1226492953	-0.0430079216	-0.0014583809	-0.0210482823	-0.0092695453	-0.0836037726	-0.0773321295	0.06968993700000001	-0.0575073938	0.0415782013	-0.009274700000000002	-0.033472699999999994	0.0147088	-0.00145584	0.000144492	-0.00040885
0.16818848	-0.103197984	0.0643693753	0.0642572515	-0.1258984021	0.08032540889999999	0.042494321	-0.07753134589999999	0.07046183730000001	-0.0591528974	0.0442849438	-0.012449700000000001	0.00412215	0.08181580000000001	-0.000587969	0.000144492	-7.048840000000001e-05
0.15098742999999998	0.0726870376	-0.1056115064	0.0164884568	-0.0019062873	-0.0040287682	0.0426821751	-0.0777227516	0.0712053446	-0.0607447724	0.0469203142	-0.0150442	-0.0365051	0.0219342	-0.00137184	0.000144492	-0.000244299
0.09812995	-0.044640721900000006	0.1245587654	0.0654439137	-5.77428e-05	0.0455675846	0.0604079785	-0.0779063275	0.0719201593	-0.062281575599999986	0.0494800651	-0.0088775	-0.0102464	0.0470295	-0.000724206	0.000144492	-0.00040885
0.06929049999999999	0.0085851289	-0.109140941	-0.040603275	0.0386982844	-0.0419291537	0.0205390441	-0.078082055	0.0726059935	-0.0637619136	0.051960071	-0.0150487	-0.0271937	0.06558589999999999	-0.00105413	0.000144492	-0.000186462
0.05162774000000001	0.0231348555	0.1179968854	0.012401757	0.0183691884	0.0604840528	0.0139939127	-0.0782499164	0.0732625707	-0.0651844444	0.0543563352	-0.008203389999999998	-0.010238500000000001	0.0703875	-0.00096596	-9.90536e-05	-0.000315259
0.040966494999999985	-0.0232130482	-0.0891809008	-0.0746903992	0.0502745675	0.0310916002	-0.0089931056	-0.0784098948	0.07388962639999999	-0.0665478783	0.0566649955	-0.015041800000000001	-0.010256200000000002	0.07415349999999997	-0.00105413	0.000144492	-4.00869e-05
0.045583625	0.0643669473	0.0694686865	0.0230583665	-0.0136825598	0.1329327017	-0.0342789395	-0.0785619741	0.0744869079	-0.0678509792	0.0588823313	-0.00250523	-0.0237725	0.0659365	-0.00105413	0.000144492	-0.000266362
0.06951442	-0.0426302286	-0.0740954583	-0.027948362200000004	-0.0108368382	0.0613526192	-0.05156318730000002	-0.0787061389	0.0750541746	-0.0690925657	0.061004769	-0.020516200000000002	-0.0101928	0.07934429999999999	-0.00074158	0.00024394599999999998	-0.000188047
0.08466845	0.0942806677	0.0577533161	0.0072142963	-0.0821647321	0.0428749371	-0.06398167440000001	-0.0788423748	0.07559119780000001	-0.0702715121	0.0630288878	-0.0104104	-0.0266315	0.051467	-0.00114313	0.000144492	-0.000291976
0.130915785	-0.0775321475	-0.0532166681	-0.0350311758	-0.0614770534	-0.0508332343	-0.0243308267	-0.0789706681	0.0760977612	-0.0713867496	0.06495142570000001	-0.0150017	0.0125757	0.0925492	-0.000496723	1.44303e-05	-0.00014774299999999998
0.16284928499999998	0.0547578204	0.016460359299999998	0.0552884509	-0.0184031195	0.005873526	0.0554444492	-0.07909100570000001	0.0765736605	-0.0724372672	0.0667692842	-0.0109181	-0.040890699999999995	0.039434500000000004	-0.00139084	0.000144492	-0.00012823
0.2174613	-0.0768866564	-0.0078881159	-0.1724345934	0.0335538099	-0.0971898756	0.0634782693	-0.0792033756	0.0770187042	-0.0734221124	0.0684795334	-0.027210900000000003	0.048323000000000005	0.0824388	-0.000328231	0.000322535	-0.000266588
0.15141770000000002	0.06330414690000001	0.0075737997999999985	-0.0285488426	0.0906991242	-0.0329694704	0.0261900361	-0.0793077664	0.0774327128	-0.0743403923	0.0700794171	-0.0135543	-0.03440719999999998	0.06929980000000001	-0.00108064	0.000270401	-0.000299883
0.16276405000000002	-0.08879641490000001	0.0034480205	-0.0570238552	0.1005462469	-0.08079197839999999	0.0292580235	-0.0794041677	0.0778155195	-0.07519127440000001	0.0715663568	-0.0179011	0.0337111	0.100887	-0.00015538799999999998	0.000144492	-0.00017680900000000002
0.2453352500000001	0.0644519025	-0.0215627963	0.0589287664	0.0675510336	0.047304440700000006	0.0039175158	-0.0794925697	0.07816697	-0.0759739873	0.072937956	-0.0123895	-0.046060199999999996	0.0273656	-0.00158864	0.000358099	-0.000260569
0.226842215	-0.073314897	0.019384188700000003	-0.092256204	-0.0063925174	-0.0098058102	-0.011300651	-0.0795729635	0.0784869228	-0.0766878214	0.0741920043	-0.0147221	0.0235595	0.096356	-0.000408758	-3.44393e-05	-0.000114999
0.235229015	0.06839699610000001	-0.0384678779	0.08313716809999999	-0.0323245204	-0.0159270452	-0.0420085985	-0.079645341	0.0787752489	-0.0773321295	0.0753264804	-0.0149227	-0.042952199999999996	0.012755299999999999	-0.00162366	0.000144492	-0.000419486
0.17248038	-0.0644692538	0.0658521541	-0.0026877859	-0.0785126155	-0.0152737924	0.0203526187	-0.079709695	0.0790318321	-0.0779063275	0.0763395561	-0.0187684	0.00708957	0.07510279999999997	-0.000709114	9.01028e-05	-0.000263513
0.16397318000000002	0.0559633643	-0.06322423519999999	0.0332555447	-0.031886187	6.54212e-05	0.0628617641	-0.0797660189	0.079256569	-0.0784098948	0.0772295986	-0.0205797	-0.042918300000000006	0.0246435	-0.00174819	0.000221522	-0.00020011400000000002
0.2001301	-0.0505128177	0.0941337151	-0.0931470875	0.0374917967	-0.034853157200000005	0.045801668600000005	-0.0798143071	0.0794493692	-0.0788423748	0.07799517339999999	-0.0163623	0.0239863	0.08293980000000001	-0.000481524	0.000144492	-0.000270654
0.1719361015	0.0266487757	-0.1033514688	0.0206848771	0.081507873	0.0352721582	-0.0297940782	-0.0798545546	0.0796101548	-0.0792033756	0.0786350467	-0.0217407	-0.0416139	0.0534748	-0.00152587	0.000268023	-8.68097e-06
0.10668896650000001	0.0002011892	0.1087371264	0.0098707451	0.0313579096	-0.0078594474	-0.0730087046	-0.0798867576	0.0797388611	-0.0794925697	0.0791481873	-0.00763183	-0.014306000000000001	0.0630688	-0.000866076	-3.08819e-05	-0.000163546
0.082532615	-0.0366875326	-0.0767792203	-0.0331145176	-0.029655453	-0.0443510899	-0.023705597	-0.0799109126	0.0798354362	-0.079709695	0.0795337681	-0.028675700000000002	-0.018611700000000002	0.07831089999999999	-0.0013761200000000006	0.000277685	-0.000183754
0.07094054999999999	0.0546392429	0.0754183359	-0.012237891	-0.0174980962	-0.0979655903	-0.0878350373	-0.0799270173	0.0798998413	-0.0798545546	0.0797911678	-0.0093073	-0.0121685	0.07791239999999999	-0.00108128	-8.6352e-05	-0.000419486
0.07495454999999998	-0.0798513449	-0.0286082552	0.060508891900000014	-0.0967199344	0.0012487244	0.0172682913	-0.07993507009999999	0.0799320503	-0.0799270173	0.0799199714	-0.02313	-0.018540200000000003	0.0664633	-0.00117246	0.000269203	0.0
