0.0	-0.009813417	0.1887644233	-0.064666873	0.0002972477	-0.007008469399999999	0.0254001096	0.07993507009999999	0.0799320503	0.0799270173	0.0799199714	-0.0171095	-0.09053639999999999	0.14293699999999998	-0.00142066	0.000688061	-0.0007583269999999999
0.037094150000000006	-0.008052858000000001	0.17311529609999998	-0.0684467796	-0.0059871955	-0.0050406406	0.0225971363	0.0799270173	0.0798998413	0.0798545546	0.0797911678	-0.016645300000000002	-0.09242339999999999	0.123369	-0.00157389	0.000698183	-0.0008984739999999998
0.059278850000000015	-0.0014129910000000002	0.1927631423	-0.0709777705	-0.0059900389	-0.0076844403	0.0270637059	0.0799109126	0.0798354362	0.079709695	0.0795337681	-0.027752	-0.0626466	0.125649	-0.00141321	0.0006698419999999999	-0.00103176
0.10769075	-0.0102076715	0.1721981343	-0.067312358	-0.005276055799999999	-0.0095488097	0.0193571228	0.0798867576	0.0797388611	0.0794925697	0.0791481873	-0.016615	-0.0885568	0.094579	-0.00194464	0.000875153	-0.00097703
0.1011051	-0.0005747246	0.2021873771	-0.0623575493	-0.0018214342	-0.0294653477	-0.0076268601	0.0798545546	0.0796101548	0.0792033756	0.0786350467	-0.0257695	-0.0805653	0.10478900000000001	-0.00081952	0.000595974	-0.000906347
0.12755925	-0.0061126974	0.1395114251	-0.0972694652	-0.0173307658	0.0190096231	0.0622342492	0.0798143071	0.0794493692	0.0788423748	0.07799517339999999	-0.0262901	-0.113081	0.12078599999999999	-0.00163652	0.0010469600000000002	-0.00120888
0.479259389	0.039012302	-0.0752265978	-0.0691028143	-0.1690007326	0.2401389541	0.2191881247	0.0797660189	0.079256569	0.0784098948	0.0772295986	-0.032864599999999994	0.000643989	0.037018199999999994	0.00273717	0.0008046110000000001	-0.000321077
0.17669148099999998	-0.0004483377	-0.0140233505	0.058109056	-0.0527265346	0.0162111339	0.0922461282	0.079709695	0.0790318321	0.0779063275	0.0763395561	-0.00302563	0.0136869	0.023196599999999998	0.000979752	0.000267625	-0.000215721
0.080500578	-0.0136465959	-0.02078551	0.0586013676	0.0488863558	-0.0292948956	-0.0101341348	0.079645341	0.0787752489	0.0773321295	0.0753264804	0.00810129	0.0157346	0.0293981	3.10884e-06	0.000496486	-0.00019873599999999998
0.12190310200000005	-0.0197291422	0.0297664071	0.0319288972	0.024107874900000003	-0.0038406152	0.0352991273	0.0795729635	0.0784869228	0.0766878214	0.0741920043	-0.00551122	-0.012471	0.0681307	-0.000332791	0.000392059	-0.000585457
0.18064453	0.0339397405	-0.0869568859	-0.0059464991000000005	0.0166756204	0.0049265041	0.030060255	0.0794925697	0.07816697	0.0759739873	0.072937956	-0.00513991	-0.0114847	-0.00632652	0.00160473	0.000482825	-0.00051715
0.13029044	0.0044432276	-0.0469308997	0.05882055	-0.041663285	-0.0020606536	-0.0017956004999999996	0.0794041677	0.0778155195	0.07519127440000001	0.0715663568	-0.00115241	-0.00438903	0.033423699999999994	0.00029102	0.000392059	-0.000332485
0.03599825	-0.0246212036	0.0070589562	0.0364926438	0.0369130846	0.0079509247	0.0353979455	0.0793077664	0.0774327128	0.0743403923	0.0700794171	-0.00114803	0.00634209	0.0495159	0.00030007	0.000392059	-0.000158124
0.04614424499999999	-0.0232115153	0.0104651729	0.0663497829	0.0131034724	-0.008265549300000001	-0.008221234000000001	0.0792033756	0.0770187042	0.0734221124	0.0684795334	-0.00116132	-0.00768143	0.0495307	-6.97477e-05	0.000489733	-0.000332485
0.103272765	-0.0051551831	-0.0039417949	-0.0338586534	0.0485450283	0.0452192673	0.0690225417	0.07909100570000001	0.0765736605	0.0724372672	0.0667692842	-0.008383329999999998	-0.0191496	0.031759800000000005	0.000785065	0.000162908	-0.000487081
0.12676001999999995	0.0931497713	-0.1081653807	-0.2152285701	-0.1002068946	-0.0004124077	0.2203380823	0.0789706681	0.0760977612	0.0713867496	0.06495142570000001	-0.016427	0.018981400000000002	0.032098400000000006	0.00199704	0.000392059	-0.00065089
0.26785285000000003	0.1055997531	-0.1005522267	-0.0193770303	-0.1854414202	-0.1223604174	0.1343293868	0.0788423748	0.07559119780000001	0.0702715121	0.0630288878	0.014426900000000001	0.0537025	0.0523831	-0.000846288	0.000392059	0.000145645
0.10648036	0.0488827912	-0.1063699125	0.0496063065	-0.0190321322	-0.14170420890000002	0.0068472173	0.0787061389	0.0750541746	0.0690925657	0.061004769	-0.00669266	0.0421775	0.042808	-0.0015708	0.000474631	-0.000332485
0.07795846	0.0362317808	-0.1077522845	0.0553664752	0.0438554655	-0.147492289	-0.0042239022	0.0785619741	0.0744869079	0.0678509792	0.0588823313	-0.00627035	0.0421925	0.029261400000000007	-0.0007005480000000001	0.00020374599999999998	-0.00019413099999999997
0.055301385	0.0083672037	-0.0823597393	0.06269381389999999	0.0154498614	-0.0773489389	-0.0281574153	0.0784098948	0.07388962639999999	0.0665478783	0.0566649955	-0.00968875	0.014139500000000001	0.029578500000000008	-0.00041407300000000015	4.40383e-05	-0.00017005599999999995
0.030610325	0.0130963703	-0.0722658378	0.0493930432	0.0194331494	-0.0610499289	0.0144318874	0.0782499164	0.0732625707	0.0651844444	0.0543563352	-0.00970886	0.0184736	0.0141393	-0.000345459	-6.274900000000002e-05	-0.000210993
0.069300935	0.016680824099999998	-0.0776789868	0.0363377152	0.021625913	-0.0500299249	-0.032172890600000004	0.078082055	0.0726059935	0.0637619136	0.051960071	-0.0220683	0.007475700000000002	0.027097800000000002	1.3575900000000005e-05	0.0001963	-0.000169375
0.159003565	0.0563131051	-0.0985588025	0.0404930991	0.0427456924	0.0034937652000000003	-0.0755452853	0.0779063275	0.0719201593	0.062281575599999986	0.0494800651	-0.027401	-0.0134518	-0.0328512	-0.0009403860000000001	0.000490201	3.86494e-05
0.15039176999999998	0.0385999098	-0.0758859829	0.0419600705	0.047775444900000005	0.0344943926	-0.1483326891	0.0777227516	0.0712053446	0.0607447724	0.0469203142	-0.0385887	-0.0691155	-0.028708400000000002	-0.00205906	0.000392059	-0.000332486
0.14392690000000002	0.0097573229	-0.0487372379	0.045311736	0.0456730283	0.015990922299999998	-0.0947679785	0.07753134589999999	0.07046183730000001	0.0591528974	0.0442849438	-0.0418536	-0.0246038	0.0210253	-0.00129243	0.000392059	-0.000494188
0.07688692099999997	0.0082906938	-0.0508597125	0.0358043651	0.0500214497	0.016824554	-0.1103296827	0.0773321295	0.06968993700000001	0.0575073938	0.0415782013	-0.027396499999999997	-0.0332779	-0.00029042099999999996	-0.0012102800000000006	-0.00011365899999999999	-0.000433256
0.041921692999999996	0.0005626809	-0.0433305176	0.0466715086	0.0517207725	0.0157617322	-0.095456224	0.0771251226	0.06888995490000001	0.0558097533	0.038804449	-0.023999400000000004	-0.051837699999999994	-0.000306274	-0.00144991	-5.50802e-05	-0.000332486
0.061236314000000014	-0.0081291941	-0.0451096504	0.0383205843	0.0390702827	0.0113336164	-0.0990556447	0.07691034599999999	0.0680622132	0.0540615151	0.0359681572	-0.0206454	-0.0518216	0.0194668	-0.0010933	-0.000271969	-0.00052085
0.09168916	-0.0151220583	-0.0270749767	0.0413435863	0.0250552797	0.0264105438	-0.08650910349999999	0.0766878214	0.06720704549999999	0.0522642642	0.0330738971	-0.012014799999999999	-0.0757071	0.008396489999999998	-0.00176345	-0.00034936099999999996	-0.000735363
0.09797251	-0.0124008951	-0.036608101	0.0198543412	0.0427222096	0.0271413866	-0.0741779244	0.07645757110000001	0.0663247964	0.05041963	0.0301263332	-0.0162961	-0.0683922	0.0251173	-0.000742515	-0.000301349	-0.0004112
0.10412794	0.0127942603	-0.0775661758	0.0535284151	0.0229196292	0.0248177494	-0.0853507736	0.0762196185	0.06541582139999999	0.0485292848	0.0271302159	-0.002759	-0.08458439999999999	-0.00245519	-0.00127214	-0.000475858	-0.000643589
0.089924213	-0.0345192534	0.0217292596	-0.0027934991	0.0418650062	0.0545214919	-0.1020675572	0.0759739873	0.0644804868	0.046594942400000006	0.024090374	-0.0211887	-0.0823311	-0.000411477	-0.00191926	0.00020072299999999998	-0.000663838
0.208059377	-0.0330997775	0.1080940803	-0.0606122351	-0.013031703	0.0875964534	-0.0786861928	0.0757207024	0.0635191694	0.044618356500000005	0.0210117067	-0.043567800000000004	-0.07229639999999997	0.0849125	-0.0018300999999999999	0.00184089	-0.000586733
0.13333770000000006	-0.0339285385	0.1409521942	-0.0455487016	-0.0239718343	0.0007596778	-0.0397548437	0.0754597894	0.0625322567	0.0426013192	0.0178991758	-0.0315546	-0.08737539999999999	0.10286400000000001	-0.0029565999999999998	0.00135014	-0.000735363
0.12195395	-0.0321466518	0.1037361807	-0.029424776	0.0213979518	0.0236218673	-0.0706792046	0.07519127440000001	0.0615201462	0.0405456591	0.0147577975	-0.0343564	-0.0874322	0.0507195	-0.00186278	0.0012813	-0.00091172
0.12137809999999999	-0.0354785869	0.0588418505	-0.0044225702	0.003550383300000001	0.0548834993	-0.0821226918	0.0749151845	0.060483246	0.038453239900000005	0.0115926346	-0.023097299999999998	-0.11760799999999999	0.020278400000000002	-0.00196488	0.00045577	-0.000849308
0.07688064999999998	-0.0314332531	0.0452063065	-0.000982755	0.0107718292	0.0487676554	-0.0887419143	0.0746315476	0.0594219737	0.0363259585	0.0084087885	-0.0177455	-0.114999	0.025878199999999997	-0.0011808	0.0008741709999999998	-0.000913228
0.09847659999999996	-0.0358247485	0.0305404765	-0.005247909499999999	0.0161080389	0.0514701441	-0.0863459218	0.0743403923	0.058336757	0.0341657437	0.0052113902	-0.017736599999999998	-0.129613	0.00341905	-0.00211914	0.000652857	-0.000844991
0.09111415	-0.0445522659	0.04582936940000002	0.0028613583	0.0307696937	0.0177223774	-0.0690030091	0.0740417477	0.0572280333	0.0319745538	0.002005593	-0.017776799999999995	-0.109982	0.036689	-0.0014135999999999999	0.000637324	-0.0008873779999999998
0.04569861	-0.0418131419	0.0281123177	0.0009327554	0.0258967694	0.033181490200000004	-0.0608103838	0.0737356442	0.0560962492	0.0297543755	-0.0012034366	-0.00858149	-0.114909	0.036693699999999996	-0.0016279	0.000372207	-0.000735363
0.06324640000000001	-0.043873962300000006	0.0195891366	0.0081074938	0.0251003104	0.0304057521	-0.0641547978	0.0734221124	0.0549418609	0.0275072215	-0.0044105266	-0.00888889	-0.102665	0.0227572	-0.00117743	0.00038310000000000004	-0.00100917
0.08295872	-0.0399249998	0.0212064348	-0.0030976396000000003	0.0241897772	0.0440487084	-0.06015732820000001	0.07310118389999999	0.0537653335	0.0252351292	-0.007610508399999999	-0.00485115	-0.12833599999999998	0.00340237	-0.00175479	0.00034466699999999994	-0.00107128
0.10709253	-0.04107927	0.0486821797	0.0019340593	0.0289096926	0.0209905323	-0.0718170623	0.0727728912	0.052567141100000006	0.0229401584	-0.0107982247	-0.013682	-0.114916	0.0462596	-0.0011832600000000006	0.00048131599999999997	-0.00120279
0.08107554999999997	-0.037698753	0.0486026403	-0.0225289206	0.0118334197	0.0374171683	-0.0549175988	0.0724372672	0.0513477665	0.0206243899	-0.0139685379	-0.010611399999999998	-0.132189	0.059943899999999994	-0.00177306	0.0008259689999999999	-0.00119629
0.07272529999999999	-0.0397843597	0.0608260063	-0.0103414239	0.0230620258	0.0319833056	-0.0654865055	0.0720943458	0.050107701	0.0182899231	-0.0171163386	-0.0136636	-0.114927	0.041532	-0.00141717	0.000518385	-0.0012128
0.1791892	-0.0167668599	-0.007105743100000002	-0.0773600022	0.0127493706	0.0820557746	-0.0023443811	0.0717441615	0.0488474444	0.0159388744	-0.0202365536	-0.0218379	-0.172178	0.018221200000000003	-0.00036724800000000003	0.0008035349999999998	-0.00168679
0.38094835	0.107287263	-0.13311554220000002	-0.14107053349999998	-0.2302761095	0.0691813533	0.2789860205	0.0713867496	0.0475675045	0.0135733754	-0.0233241543	0.0135738	0.00215055	0.0357151	0.00162277	0.000445113	-0.0009609460000000001
0.1228911	0.0587065249	-0.1193137316	0.0276952915	-0.0821789369	-0.180359221	0.075875198	0.0710221462	0.046268397	0.0111955706	-0.0263741644	0.0133208	0.01882	0.0175198	0.000291766	0.00076742	-0.00085879
0.0481916	0.0287620706	-0.1180230711	0.029280538	0.0016876864000000002	-0.1617174905	0.078130163	0.0706503878	0.0449506455	0.0088076158	-0.0293816684	0.0103801	0.023179400000000003	0.0101917	0.000309567	0.00037607300000000004	-0.00112091
0.09140531	0.0052342608	-0.0958415767	0.039954926	-0.0103267018	-0.0960988342	0.0387645655	0.0702715121	0.0436147809	0.006411676	-0.0323418192	0.00438952	-0.00130327	0.0397152	0.000256442	-4.17932e-05	-0.00127809
0.05567637	0.0096184076	-0.0941052819	0.0185277606	0.0149152674	-0.0909989361	0.0601468358	0.0698855571	0.0422613414	0.0040099232	-0.0352498461	0.0104543	-0.00160537	0.026679500000000002	0.000755193	-0.000108878	-0.00111845
0.03178175	0.007797496899999998	-0.1031963099	0.0321646959	-0.0112753907	-0.0794841032	0.0239213698	0.06949256179999999	0.0408908726	0.001604535	-0.0381010623	0.00729646	-0.00672668	0.0286709	0.000959691	-0.00017496400000000005	-0.00127809
0.04096634	-0.0002978693	-0.08917711800000001	0.0285031784	-0.0094972174	-0.0483282061	0.0602247669	0.0690925657	0.0395039266	-0.0008023078999999999	-0.0408908726	0.013648799999999999	-0.00672038	0.0188306	0.0007516209999999997	-0.000124006	-0.00104177
0.06655502	-0.008183615200000001	-0.0695026689	0.0314372891	-0.0039573211	-0.0226509208	0.0445472934	0.0686856091	0.0381010623	-0.0032084234000000003	-0.0436147809	-0.00289794	-0.00674896	0.0458962	0.000785416	-0.000312173	-0.00127809
0.041782826	0.0062413618	-0.0965243437	0.0280631309	-0.0052424226	-0.0481727184	0.0457914711	0.068271733	0.0366828449	-0.0056116301	-0.046268397	-0.0009600839999999999	-0.00671804	0.0246638	0.0010305	-0.000185624	-0.00127809
0.02127834600000001	-0.0070120324	-0.07664904110000001	0.0374328851	-0.0065686477	-0.0195653476	0.0062009915	0.0678509792	0.0352498461	-0.0080097493	-0.0488474444	-0.00185599	-0.00672938	0.0335613	0.0008513979999999997	-0.000185624	-0.00132846
0.027112790000000005	-0.0090864136	-0.0722416933	0.0247876628	0.0066919515	-0.0093315645	0.0410729541	0.06742339	0.0338026431	-0.0104006067	-0.0513477665	0.00269489	-0.00672397	0.0162308	0.0007972479999999999	-0.000185624	-0.00127809
0.051180800000000005	-0.0174469734	-0.0573307777	0.0427186623	0.0007942991000000001	0.0072756831	0.0177099517	0.0669890084	0.0323418192	-0.0127820349	-0.0537653335	-0.00565454	-0.00683574	0.04034	0.00061167	-0.000185624	-0.00146472
0.041251720000000006	-0.0078774895	-0.0549865657	0.0360145537	0.0058606704	0.0059755072	0.0314421113	0.0665478783	0.030867963	-0.0151518747	-0.0560962492	-0.00564848	-0.028757099999999997	0.0386527	0.00077778	-0.000185624	-0.00127809
0.03665151	-0.0194145322	-0.048652794000000006	0.0414155921	0.0035090226000000003	0.013597111499999998	0.0084968561	0.0661000441	0.0293816684	-0.0175079777	-0.058336757	-0.00220367	-0.0200305	0.030262400000000002	0.000724131	-0.000328581	-0.00140328
0.07187660000000001	-0.0217172999	-0.0260619212	0.028709998	0.0051608092	0.0349728692	0.0447585419	0.06564555080000001	0.0278835343	-0.0198482077	-0.060483246	0.00381909	-0.024080400000000002	0.053571600000000004	0.000317816	-9.01912e-05	-0.00127809
0.04236415	-0.0309653836	0.0020106018	0.026923154	0.0274767326	0.0471368294	0.0362969922	0.0651844444	0.0263741644	-0.0221704431	-0.0625322567	-0.00224032	-0.006688500000000001	0.06484119999999999	0.000260384	-0.000185624	-0.00127809
0.09164399	-0.0361280921	0.0322247609	0.0127891817	0.0185467739	0.043015097300000006	0.0744207635	0.0647167712	0.0248541669	-0.0244725786	-0.0644804868	-0.00854479	-0.0414906	0.08773099999999999	-5.28362e-05	-2.06618e-05	-0.00135286
0.05814132000000001	-0.0225759917	0.0050839739	0.025340627	0.0227783921	0.0457691811	0.0126776375	0.0642425783	0.0233241543	-0.026752527	-0.0663247964	-0.00721734	-0.034210500000000005	0.0718923	0.00038133300000000003	-0.000185624	-0.00127809
0.03816027500000002	-0.0239043508	0.0151459153	0.0210486457	0.0019862925	0.0537508518	0.0341981439	0.0637619136	0.0217847431	-0.0290082213	-0.0680622132	-0.012031300000000005	-0.0354109	0.0718845	-2.3160100000000002e-05	-8.361479999999999e-05	-0.00141435
0.036619425	-0.0287655326	0.0124893633	0.0134500351	0.0064383971	0.0446270478	0.0040850745	0.0632748254	0.0202365536	-0.0312376164	-0.06968993700000001	-0.00860483	-0.0316637	0.054747000000000004	-0.000153446	-0.000185624	-0.00140048
0.06531132	-0.0281731838	0.026973498	0.010939383	0.010571218500000002	0.0355222564	0.0183427581	0.0627813628	0.0186802098	-0.0334386912	-0.0712053446	-0.0174642	-0.046408099999999994	0.08999949999999997	-0.000230277	-0.000185624	-0.00145275
0.09274550000000001	-0.0279601932	0.008639369000000001	0.0008763463000000001	-0.002974036	0.0306597083	-0.041384777000000005	0.062281575599999986	0.0171163386	-0.035609450099999995	-0.0726059935	-0.0149329	-0.0580255	0.0682607	0.00015948200000000002	0.000387117	-0.00127809
0.1489875	-0.0075855866	0.07855833429999999	-0.0367586205	-0.0057885678	0.0403734896	0.0350332225	0.061775514	0.0155455703	-0.037747925	-0.07388962639999999	-0.030897700000000007	-0.050482099999999995	0.104341	-0.001018	0.0008594749999999997	-0.00113995
0.1006614	-0.0214040207	0.0592048585	-0.0087759662	0.0330199685	0.0160821387	0.059538471	0.0612632291	0.0139685379	-0.0398521774	-0.0750541746	-0.022961099999999998	-0.017137400000000004	0.11458299999999999	-0.0005899680000000001	0.000305595	-0.0011408
0.1630446	-0.022919412200000003	0.022159046	0.0031341711	-0.003368859	0.0374680714	-0.0428558712	0.0607447724	0.0123858767	-0.0419202993	-0.0760977612	-0.0209702	-0.07547099999999997	0.053573199999999994	-4.480300000000001e-05	0.00015384399999999999	-0.00127809
0.09232780499999996	-0.0265093214	0.0392759514	0.0106931692	0.0068822946	0.0026687085	-0.0005123729	0.0602201963	0.0107982247	-0.0439504158	-0.0770187042	-0.028344599999999998	-0.0516191	0.08358509999999998	-0.0005899680000000001	7.721689999999998e-05	-0.00127809
0.056207055	-0.0264318056	0.0264892878	0.0052754226	0.0018831742	0.0218003129	-0.0143696384	0.0596895534	0.0092062214	-0.0459406864	-0.0778155195	-0.0143968	-0.06796619999999999	0.07401	-0.000688331	0.000305595	-0.00127809
0.07284459999999998	-0.0179467616	0.0458480515	-0.0023034163	0.0199395429	-0.0004284692	0.0222452599	0.0591528974	0.007610508399999999	-0.0478893067	-0.0784869228	-0.017732399999999995	-0.0496781	0.0981823	-0.000627583	-0.000115689	-0.00133703
0.07471005000000001	-0.0183136129	0.0408697435	-0.0043408302000000005	0.0091003755	0.0085753448	-0.0218464067	0.0586102822	0.0060117288	-0.0497945101	-0.0790318321	-0.020695500000000002	-0.06797610000000001	0.08830069999999997	-0.00036274	0.000317195	-0.00151065
0.06605624999999997	-0.0157153597	0.0549164128	-0.0023920566	0.008811076800000001	-0.0007824675	0.0153410472	0.0580617626	0.0044105266	-0.0516545692	-0.0794493692	-0.0225513	-0.0573413	0.11014600000000001	-0.000777108	0.00026930599999999997	-0.0016828
0.04560155	-0.015940257	0.0318948109	-0.0149618009	0.0042951853000000005	0.0154169159	-0.0150790204	0.0575073938	0.0028075473	-0.0534677978	-0.0797388611	-0.017718399999999995	-0.0703545	0.0931369	-0.000777108	0.00048087300000000004	-0.00167944
0.08834559999999997	-0.0052290915000000006	0.0678352718	-0.0111835783	0.0184049147	-0.015902351999999998	0.0397741284	0.0569472315	0.0012034366	-0.0552325519	-0.0798998413	-0.028296299999999996	-0.0684284	0.128931	-0.00147553	0.000446975	-0.00174807
0.05951335000000001	-0.0040371703	0.052331279800000005	-0.0130605303	-0.0012818742	-0.0052147932	-0.008131143	0.05638133240000001	-0.000401159	-0.0569472315	-0.0799320503	-0.0177471	-0.0680408	0.109633	-0.0009585889999999999	0.000446975	-0.00167944
0.057294350000000015	0.007423394499999999	0.0631659437	-0.0158972804	0.0068686532	-0.016361453300000002	0.042192948	0.0558097533	-0.002005593	-0.0586102822	-0.0798354362	-0.022906700000000002	-0.0440978	0.116097	-0.00123123	0.000608889	-0.00167944
0.04677495000000001	0.008189619	0.0512903972	-0.0291279912	-0.007370648	-0.004855715300000001	0.0235290586	0.0552325519	-0.0036092188	-0.0602201963	-0.0796101548	-0.017741999999999997	-0.0656625	0.10180800000000001	-0.0011175	0.000607488	-0.00167944
0.07821830000000002	0.0186733695	0.06965243360000001	-0.0280008396	0.0079536538	-0.02166391	0.0353333653	0.0546497862	-0.0052113902	-0.061775514	-0.079256569	-0.0232303	-0.0648404	0.131443	-0.00168113	0.000813536	-0.00175522
0.07359315000000001	0.0047267002	0.047628233	-0.0244860365	-0.022505296400000003	-0.0038347395	-0.0124539118	0.0540615151	-0.0068114617	-0.0632748254	-0.0787752489	-0.0307784	-0.07916589999999997	0.110328	-0.00141547	0.000607015	-0.00189513
0.07118210000000003	0.022276749900000004	0.06153819980000001	-0.0239398346	-0.0082622305	-0.0289549003	0.0356728546	0.0534677978	-0.0084087885	-0.0647167712	-0.07816697	-0.029187099999999997	-0.0502351	0.12400699999999999	-0.00125158	0.000446975	-0.00167944
0.07080010000000002	0.0129687542	0.0405696146	-0.0393379032	-0.0187046468	-0.0178666549	-0.0014644796	0.052868694	-0.0100027269	-0.0661000441	-0.0774327128	-0.025798900000000003	-0.0670827	0.114924	-0.00163151	0.000896671	-0.00167944
0.06717805000000003	0.0351052733	0.05832165280000001	-0.0360239527	-0.0031168517	-0.0543594952	0.0424640451	0.0522642642	-0.0115926346	-0.06742339	-0.0765736605	-0.027362099999999997	-0.0819928	0.1208	-0.00207806	0.000642006	-0.0018748
0.05083365	0.0187299392	0.0408914131	-0.0300558094	-0.0289441685	-0.0301358175	-0.0061502812	0.0516545692	-0.0131778711	-0.0686856091	-0.07559119780000001	-0.027760900000000005	-0.0822495	0.131413	-0.00153767	0.0008757989999999999	-0.00185768
0.04480110000000001	0.032701447	0.0458292399	-0.0346040572	-0.0115310196	-0.0418392879	0.0302290121	0.0510396705	-0.0147577975	-0.0698855571	-0.0744869079	-0.027760000000000003	-0.06780239999999997	0.125048	-0.00187289	0.000793277	-0.0019196999999999999
0.04051355	0.023172222000000003	0.0398070202	-0.0300908624	-0.0252109601	-0.0327932827	0.0201468597	0.05041963	-0.0163317771	-0.0710221462	-0.0732625707	-0.027810900000000003	-0.07353759999999998	0.11223699999999999	-0.00150097	0.000776998	-0.00186957
0.05935364999999999	0.0349461661	0.0458159954	-0.032382619	-0.0117442752	-0.0405071422	0.0158631669	0.0497945101	-0.0178991758	-0.0720943458	-0.0719201593	-0.0317881	-0.07991819999999998	0.125969	-0.00199814	0.0006043309999999999	-0.00183413
0.05277559999999999	0.0359827178	0.0413891493	-0.0238040695	-0.024160199	-0.0398597068	0.0189691101	0.0491643739	-0.0194593619	-0.07310118389999999	-0.07046183730000001	-0.0260164	-0.0726816	0.11885899999999999	-0.00152341	0.000446975	-0.00181307
0.08276830000000003	0.046966432	0.0373224348	-0.0320982215	-0.014881838799999996	-0.049370010599999986	0.0402332105	0.0485292848	-0.0210117067	-0.0740417477	-0.06888995490000001	-0.0304491	-0.058720100000000004	0.128529	-0.00214218	0.000788657	-0.00167944
0.08163839999999999	0.036002198900000004	0.0301105491	-0.0319962875	-0.025604918	-0.0391358487	0.0200278209	0.0478893067	-0.0225555848	-0.0749151845	-0.06720704549999999	-0.026026	-0.07990660000000001	0.110402	-0.00162491	0.000911793	-0.00179707
0.08713194999999999	0.0669963903	0.034697999	-0.0357416835	0.0049786426	-0.07034940440000001	0.0459921418	0.0472445043	-0.024090374	-0.0757207024	-0.06541582139999999	-0.0353593	-0.07115919999999999	0.13508599999999998	-0.00228796	0.000732628	-0.0018422
0.05997200000000004	0.0484693096	0.0270420415	-0.027337196400000003	-0.0367040196	-0.0575540196	0.0245353971	0.046594942400000006	-0.0256154559	-0.07645757110000001	-0.0635191694	-0.0331082	-0.06683389999999999	0.121233	-0.00167184	0.0007206559999999999	-0.00167944
0.04987475	0.0737978779	0.0206289563	-0.0408482128	-0.0282838442	-0.0655937803	0.0137014994	0.0459406864	-0.0271302159	-0.0771251226	-0.0615201462	-0.041824	-0.07248849999999997	0.100607	-0.0018062999999999998	0.0008837629999999998	-0.00167944
0.05085044999999999	0.0794842594	0.013352908899999998	-0.0317766662	-0.0323051399	-0.06436211309999999	0.0191762961	0.0452818024	-0.0286340436	-0.0777227516	-0.0594219737	-0.0358243	-0.08742589999999999	0.08885830000000003	-0.00191915	0.00088332	-0.00142944
0.059342499999999986	0.0895667307	0.016911959299999998	-0.0291317064	-0.0028001881	-0.0686473454	0.0173298234	0.044618356500000005	-0.0301263332	-0.0782499164	-0.0572280333	-0.051004400000000005	-0.0700646	0.101871	-0.00193014	0.000978978	-0.00159856
0.08246929999999998	0.0445201987	0.0215539358	-0.0326041254	-0.0718511324	-0.0190364815	-0.0224997818	0.0439504158	-0.0316064831	-0.0787061389	-0.0549418609	-0.0420846	-0.10219099999999999	0.108197	-0.0014263800000000005	0.00109628	-0.00167944
0.033144400000000004	0.025564973	0.0046118116	-0.0259573722	-0.042307676	-0.0432588456	-0.0536550012	0.0432780475	-0.0330738971	-0.07909100570000001	-0.052567141100000006	-0.0467848	-0.09118079999999999	0.109976	-0.00170053	0.00105733	-0.00167944
0.45024685	-0.0458252042	-0.1781667129	-0.0652107645	-0.0605588716	0.2776958799	0.0628438978	0.0426013192	-0.0345279838	-0.0794041677	-0.050107701	-0.0375045	-0.0179922	0.0374061	0.00283245	0.000624621	-0.000740968
0.29544790000000004	-0.0284824797	-0.1178656123	0.0203819152	0.0370304391	0.2399812837	-0.0278354469	0.0419202993	-0.0359681572	-0.079645341	-0.0475675045	-0.045337999999999996	0.040361	0.023569	-0.0007218239999999999	0.00074047	-0.00010260899999999999
0.27348199999999995	-0.0488717947	-0.099565192	0.060484297	-0.0279221185	0.0376876988	-0.2973589982	0.0412350562	-0.0373938371	-0.0798143071	-0.0449506455	-0.0486216	-0.100837	0.055716699999999994	-0.0012303	0.00134969	-0.0009219670000000002
0.20967070000000004	-0.0122345971	-0.0146165967	0.0506220689	0.0465052015	0.0190674564	-0.0711975469	0.0405456591	-0.038804449	-0.0799109126	-0.0422613414	-0.0590364	-0.0148934	0.114168	-0.00172015	0.0007515369999999999	-0.0009311839999999999
0.028179799999999994	-0.005421189599999999	-0.0106084393	0.0401713785	0.0351325977	-0.0080891309	-0.0695803875	0.0398521774	-0.0401994245	-0.07993507009999999	-0.0395039266	-0.059009300000000015	-0.0212385	0.118278	-0.00185249	0.000973149	-0.0009311839999999999
0.03843239999999999	0.004654276	-0.0071612706	0.0300116101	0.0367454824	0.005902369300000001	-0.0486938018	0.0391546809	-0.0415782013	-0.0798867576	-0.0366828449	-0.0590562	-0.0354332	0.11826900000000005	-0.00185249	0.000623119	-0.00106479
0.0273607	0.0005154662	-0.0002211231	0.0333711175	0.0177010464	-0.0076601656	-0.0588034907	0.038453239900000005	-0.0429402241	-0.0797660189	-0.0338026431	-0.0590372	-0.0468213	0.126799	-0.00185249	0.0007685609999999999	-0.00106176
0.03419709999999999	0.0125557306	0.001376556	0.016151934	0.01446463	0.0101661943	-0.0147000616	0.037747925	-0.0442849438	-0.0795729635	-0.030867963	-0.0589951	-0.0388171	0.118248	-0.00171845	0.000855941	-0.0009311839999999999
0.0623615	-0.0060432166	-0.003311455	0.0152659835	0.0084697297	0.0151919107	-0.0505694946	0.037038807400000005	-0.0456118188	-0.0793077664	-0.0278835343	-0.0590471	-0.0568072	0.115576	-0.00198606	0.000923333	-0.00142913
0.02981295000000001	0.0020183622	-0.0108446767	0.0136558233	0.0209386946	0.0129274248	-0.047603542	0.0363259585	-0.0469203142	-0.0789706681	-0.0248541669	-0.0490245	-0.06470620000000002	0.11231400000000001	-0.00198822	0.00092486	-0.00126023
0.07436900000000002	-0.007498468	-0.0028886881	0.0195253251	0.0046272313	-0.0002567788	-0.0352129066	0.035609450099999995	-0.0482099028	-0.0785619741	-0.0217847431	-0.05522769999999999	-0.0446728	0.11822	-0.00140421	0.0007732719999999997	-0.00136916
0.06653895	-0.0160389329	-0.0098172862	0.0032739027	0.0093742981	0.0144809054	-0.051537093	0.0348893543	-0.0494800651	-0.078082055	-0.0186802098	-0.0473445	-0.07670830000000001	0.118243	-0.00170636	0.0009695970000000002	-0.00133569
0.059931249999999985	-0.0310474859	-0.0026894899	0.0314511208	-0.007472231	-0.0024247208	-0.0479373321	0.0341657437	-0.0507302891	-0.07753134589999999	-0.0155455703	-0.0590014	-0.0606447	0.118216	-0.00126591	0.0008664719999999999	-0.00143579
0.09520409999999996	-0.0323836166	-0.0212540439	-0.0104813464	-0.0223644473	0.0310316625	-0.0806303944	0.0334386912	-0.051960071	-0.07691034599999999	-0.0123858767	-0.043543599999999995	-0.0855089	0.0898713	-0.00141585	0.00107776	-0.00126627
0.12184960000000004	0.006182631700000001	-0.0031736890000000004	0.0209097551	0.0379513319	-0.0108373244	0.0180346396	0.03270827	-0.0531689154	-0.0762196185	-0.0092062214	-0.050755400000000006	-0.0439926	0.118272	-0.00192759	0.0008703139999999999	-0.00109104
0.044272000000000006	-0.009595977	-0.008961611999999999	-0.0018052789	-0.0009912646000000002	0.0102389381	-0.0396368724	0.0319745538	-0.0543563352	-0.0754597894	-0.0060117288	-0.050756800000000005	-0.0644485	0.11577799999999999	-0.00158587	0.000897078	-0.00114897
0.06687350000000003	0.0153967196	-0.0097618216	0.0173063805	0.0182839344	-0.0144248021	0.0180867165	0.0312376164	-0.0555218517	-0.0746315476	-0.0028075473	-0.05516990000000002	-0.0417745	0.101128	-0.0020073	0.00086509	-0.00109966
0.02082265	0.0026043619	-0.0137771505	-0.002234236	0.0007730186	0.0104983248	-0.0078773849	0.0304975321	-0.0566649955	-0.0737356442	0.000401159	-0.0507284	-0.0415859	0.0964318	-0.00195705	0.000986347	-0.00115808
0.061172150000000015	0.0206909096	-0.0139454123	0.0170476991	0.0164480046	-0.033141588199999995	0.0183861613	0.0297543755	-0.0577853059	-0.0727728912	0.0036092188	-0.0570914	-0.029392200000000007	0.09916749999999999	-0.0016082000000000002	0.000692052	-0.00100363
0.05250160000000001	0.0009024007	-0.0212908436	-0.0102243059	-0.0173273825	-0.008475478100000001	-0.0254206568	0.0290082213	-0.0588823313	-0.0717441615	0.0068114617	-0.0556094	-0.0505579	0.09967949999999999	-0.00179575	0.0010137700000000002	-0.0010812
0.05202260000000001	0.0339935937	-0.0225089187	0.0192468266	0.0269022866	-0.0080579355	0.0366439848	0.0282591448	-0.059955629800000014	-0.0706503878	0.0100027269	-0.055314199999999994	-0.0351779	0.0916054	-0.0019642	0.0007667709999999998	-0.000931183
0.05355175000000001	0.0092448814	-0.0121631943	0.0021442395	-0.0103490401	0.0093041853	-0.022096391	0.0275072215	-0.061004769	-0.06949256179999999	0.0131778711	-0.0503541	-0.0560107	0.0862888	-0.00157325	0.0007088760000000001	-0.000931183
0.02561625	0.0199603911	-0.018729273	0.017216720300000002	0.0101058285	-0.015099517	0.0225888836	0.026752527	-0.0620293259	-0.068271733	0.0163317771	-0.050975900000000005	-0.0488559	0.0712535	-0.00158597	0.000752243	-0.000931183
0.03334184999999998	0.0110620793	-0.0266824733	0.001435376	0.011394871200000002	0.0049777351	-0.0027025851	0.0259951375	-0.0630288878	-0.0669890084	0.0194593619	-0.05064419999999999	-0.0567443	0.07776160000000001	-0.00151778	0.0008410889999999999	-0.0011464200000000002
0.09228765	0.0393938355	-0.0381582593	0.028682579500000006	0.0447233335	-0.0036856984	0.0240918826	0.0252351292	-0.06400305190000001	-0.06564555080000001	0.0225555848	-0.0481912	-0.0489295	0.05786230000000001	-0.0006936239999999999	0.000638071	-0.000931183
0.0579404	0.0167409859	-0.0243851605	0.007200363100000002	-0.0037404117	0.020202542	0.0052972074	0.0244725786	-0.06495142570000001	-0.0642425783	0.0256154559	-0.05237050000000002	-0.0487958	0.0655087	-0.00111635	0.0009516580000000001	-0.00111449
0.07804280000000001	0.036060413	-0.0378316826	0.025662469700000003	0.0380032218	0.0264414465	0.0181654992	0.0237075627	-0.065873627	-0.0627813628	0.0286340436	-0.05156669999999999	-0.0461076	0.0447139	-0.00191868	0.0008621749999999999	-0.000931183
0.05112119999999999	0.0080884306	-0.0218679073	0.0114728851	0.0051296945	0.0087504455	0.0054087588	0.0229401584	-0.0667692842	-0.0612632291	0.0316064831	-0.053825599999999994	-0.0487328	0.06502759999999999	-0.00164171	0.0007427439999999999	-0.00105325
0.05004445	0.026167284	-0.0327134987	0.0217095659	0.024152646200000003	-0.0011500052	0.0115973209	0.0221704431	-0.0676380363	-0.0596895534	0.0345279838	-0.0632593	-0.0366995	0.0568115	-0.00155449	0.0009406839999999999	-0.000931183
0.04415065	0.0106986512	-0.0269662612	0.011779622	0.0120401724	0.0279068251	0.0158195024	0.0213984944	-0.0684795334	-0.0580617626	0.0373938371	-0.0591365	-0.0487148	0.0623564	-0.00145552	0.0011062200000000002	-0.00111603
0.0868375	0.0309036394	-0.0466873463	0.0280312638	0.0416095545	0.0246256416	0.029759399300000006	0.0206243899	-0.0692934363	-0.05638133240000001	0.0401994245	-0.05209540000000002	-0.0331755	0.0359429	-0.00160775	0.000686425	-0.000931183
0.07405304999999998	0.0052904598	-0.017962043400000002	0.0088173474	0.0013741348	0.025356964	-0.005553255799999999	0.0198482077	-0.0700794171	-0.0546497862	0.0429402241	-0.049506699999999994	-0.048787800000000006	0.0574472	-0.00108997	0.00051725	-0.000931183
0.043178	0.015303825	-0.0333336039	0.0310038671	0.0336075361	-0.00702019	0.0228755607	0.019070026	-0.07083715900000001	-0.052868694	0.0456118188	-0.0418453	-0.045475699999999994	0.0481148	-0.0014904199999999995	0.000574242	-0.000931183
0.05331385	0.0001572432	-0.0106857486	0.0056343887	-0.0056741176	0.0302626439	0.0103284949	0.0182899231	-0.0715663568	-0.0510396705	0.0482099028	-0.0516696	-0.04876180000000002	0.05342809999999999	-0.00104108	0.000640918	-0.00111297
0.07807759999999997	0.0005357068	-0.0199401008	0.0106614355	0.0277265815	-5.8183000000000015e-06	0.0164430429	0.0175079777	-0.07226671650000001	-0.0491643739	0.0507302891	-0.0438588	-0.06660830000000001	0.0431664	-0.00155833	0.0007850529999999999	-0.000931183
0.0932458	-0.0086929838	-0.0138092639	0.0121504572	0.001245142	0.005631180699999999	0.0159612548	0.016724268400000002	-0.072937956	-0.0472445043	0.0531689154	-0.0582681	-0.053297699999999996	0.058072900000000004	-0.0009488960000000001	0.000486336	-0.00103542
0.08966879999999999	-0.0048333163	-0.0209817814	0.0160779461	0.017563646000000002	-0.0004870691000000001	0.0221718578	0.0159388744	-0.07357980480000001	-0.0452818024	0.0555218517	-0.051172	-0.058785699999999996	0.0383941	-0.00149633	0.000982783	-0.000931183
0.0454094	-0.014854366	-0.0140924728	0.0110862525	0.0030964487	0.0144984081	0.0170247549	0.0151518747	-0.0741920043	-0.0432780475	0.0577853059	-0.05182819999999999	-0.0372151	0.042804699999999994	-0.00119161	0.0009120630000000001	-0.000931183
0.06879735000000001	-0.0061288898	-0.026394603	0.0092204423	0.039464132	0.0138602817	0.0144920172	0.0143633485	-0.0747743077	-0.0412350562	0.059955629800000014	-0.0611144	-0.0551584	0.0320714	-0.00162252	0.0007262819999999998	-0.000931183
0.07473315	-0.017270398	-0.0058842102	0.0143062887	0.0075777184	0.0017146234	0.0264585536	0.0135733754	-0.0753264804	-0.0391546809	0.0620293259	-0.0580852	-0.0412825	0.0507063	-0.00096987	0.000595069	-0.000931183
0.07415905	-0.0178205918	-0.0129739378	0.0015265642	0.0096220622	0.0013474773	0.016359504	0.0127820349	-0.07584830000000001	-0.037038807400000005	0.06400305190000001	-0.06321130000000001	-0.0497894	0.02735	-0.00154526	0.0007630739999999997	-0.000931183
0.04765829999999999	-0.0265022207	-0.0041030042	0.0029272393	0.0063256767	0.0087065702	0.035018674	0.0119894067	-0.0763395561	-0.0348893543	0.065873627	-0.0496485	-0.0420825	0.0337983	-0.0016814899999999995	0.00102565	-0.000931183
0.05273304999999999	-0.0187306557	-0.0077386821	0.0104581314	0.0083330212	0.0114174028	0.026337768	0.0111955706	-0.0768000508	-0.03270827	0.0676380363	-0.0632249	-0.0464156	0.0362019	-0.00133574	0.000723001	-0.000931183
0.045224399999999984	-0.0313399893	0.0062745619	0.003565174000000001	-0.0105356341	-0.0103916548	0.0116785131	0.0104006067	-0.0772295986	-0.0304975321	0.0692934363	-0.049027999999999995	-0.0496577	0.0338597	-0.00160546	0.0008443560000000001	-0.0008133939999999999
0.0450515	-0.025092807	-0.0091270409	0.0013678732	0.014656997	0.0140652613	0.035689079500000005	0.0096045951	-0.0776280263	-0.0282591448	0.07083715900000001	-0.05934069999999999	-0.0390522	0.0329376	-0.00145518	0.00114025	-0.0008314439999999998
0.0609428	-0.0351079747	0.0008606235000000001	-0.0039150681	0.016435290800000002	-0.0052238785	0.023403829900000003	0.0088076158	-0.07799517339999999	-0.0259951375	0.07226671650000001	-0.0500048	-0.059607500000000015	0.0379857	-0.00152776	0.0007414069999999999	-0.000782797
0.05129855	-0.0250695859	-0.0053074166	0.0148536623	0.0205423603	0.003851947	0.0255911326	0.0080097493	-0.078330892	-0.0237075627	0.07357980480000001	-0.0555798	-0.0512117	0.05455700000000002	-0.00138779	0.000614634	-0.000931183
0.1050453	-0.025863921600000003	-0.0111149636	-0.0041466625	0.0113361038	0.016017402	0.0251639167	0.0072110759	-0.0786350467	-0.0213984944	0.0747743077	-0.046894099999999994	-0.0629976	0.0324807	-0.0017858000000000001	0.00108664	-0.000551251
0.1080751	-0.0194992244	-0.0180177796	0.0521367522	0.0298630642	0.0280685749	0.058183294800000014	0.006411676	-0.07890751509999999	-0.019070026	0.07584830000000001	-0.0587808	-0.034722	0.013401	-0.00155158	0.00072413	-0.000931183
0.35195846	-0.17529261489999998	0.0581958503	-0.2301222826	-0.318375693	0.2540821697	-0.1477781258	0.0056116301	-0.0791481873	-0.016724268400000002	0.0768000508	-0.0654203	-0.16860899999999998	0.0941733	6.73262e-05	0.00124542	-0.0014041800000000005
0.26159486000000004	-0.1713973262	0.0410790491	-0.097227692	-0.1226787847	-0.061861732	-0.1822078784	0.004811019000000001	-0.07935696639999999	-0.0143633485	0.0776280263	-0.0444252	-0.112856	0.058320699999999996	-0.00236852	0.00117438	-0.000931183
0.07246389999999997	-0.1086676108	0.0594266317	0.0285278842	-0.05447731980000002	-0.1942079425	-0.0508082445	0.0040099232	-0.0795337681	-0.0119894067	0.078330892	-0.0577623	-0.07105850000000001	0.0583255	-0.00232643	0.000986658	-0.000814505
0.1053135	-0.0730625856	0.0295632373	-0.007004873199999999	-0.0217740634	-0.093583063	-0.0057646555	0.0032084234000000003	-0.0796785214	-0.0096045951	0.07890751509999999	-0.0609102	-0.0489	0.0421926	-0.00173727	0.000415012	-0.000931183
0.04219955000000001	-0.0608525736	0.0271901854	0.0286382991	-0.0057992078	-0.1141261564	0.0104611877	0.0024066004	-0.0797911678	-0.0072110759	0.07935696639999999	-0.0633731	-0.05572230000000001	0.048152099999999996	-0.00146595	0.000537687	-0.0007860810000000001
0.05709155000000001	-0.0607858386	0.0176721781	-0.0018356492	-0.0045621348	-0.0831054868	0.0080241303	0.001604535	-0.0798716619	-0.004811019000000001	0.0796785214	-0.059054300000000004	-0.062293499999999995	0.0355782	-0.00190097	0.0007581229999999997	-0.0007689839999999999
0.02586075	-0.0442491199	0.0116969401	0.0311785393	0.0300167743	-0.0710397603	0.0461390361	0.0008023078999999999	-0.0799199714	-0.0024066004	0.0798716619	-0.059221	-0.05304450000000002	0.032222	-0.00190097	0.0006179790000000001	-0.000647351
0.03462654999999998	-0.0380758448	0.0155259985	-0.0008352938	-0.005436971	-0.044281072000000005	0.022048852400000003	0.0	-0.0799360767	-0.0	0.0799360767	-0.0606247	-0.054269200000000004	0.0320366	-0.00135667	0.0005329569999999999	-0.000654284
0.031476550000000006	-0.0230604567	0.006638734300000001	0.0103155484	0.0317405812	-0.0383803066	0.035394583	-0.0008023078999999999	-0.0799199714	0.0024066004	0.0798716619	-0.0628212	-0.0528504	0.0206233	-0.00157327	0.000498692	-0.00057619
0.0233544	-0.0198877289	-0.000210642	0.0196946808	0.0228504244	-0.0125449952	0.05223789400000002	-0.001604535	-0.0798716619	0.004811019000000001	0.0796785214	-0.059763699999999996	-0.0470897	0.020599799999999998	-0.00182328	0.000484216	-0.000601958
0.063724	-0.0352812892	0.0237399427	-0.0033383201	-0.0190273078	-0.0383417	0.0317930884	-0.0024066004	-0.0797911678	0.0072110759	0.07935696639999999	-0.0531268	-0.07126310000000001	0.0325236	-0.00180445	0.000722042	-0.0007651
0.07043510000000001	-0.0172293463	0.0023278949	0.0120306064	0.0150963496	-0.0270564087	0.0392223269	-0.0032084234000000003	-0.0796785214	0.0096045951	0.07890751509999999	-0.054061	-0.0622428	0.0171553	-0.00128158	0.00047252199999999996	-0.000635244
0.05419084999999999	-0.0215328662	0.0200837909	0.0017862058	0.0019735998	-0.0137844509	0.0561349115	-0.0040099232	-0.0795337681	0.0119894067	0.078330892	-0.0528836	-0.06719750000000001	0.0194048	-0.00100707	0.0008182589999999999	-0.000931182
0.029993630000000007	-0.0122862285	0.0087348687	-0.0030146327000000004	0.024446871	0.0097902164	0.0465748581	-0.004811019000000001	-0.07935696639999999	0.0143633485	0.0776280263	-0.0538358	-0.0671977	0.00484957	-0.00105542	0.000701408	-0.000806663
0.04910143	-0.0224911271	0.027599404900000003	-0.0001495183	-0.008597021	-0.0189592498	0.0360415107	-0.0056116301	-0.0791481873	0.016724268400000002	0.0768000508	-0.05395830000000002	-0.06726389999999999	0.0227743	-0.0007040560000000001	0.000959777	-0.0007966360000000001
0.06564744	-0.0096081094	0.0190780476	-0.0088985005	-0.0013951579	-0.0038969958	0.052061160700000005	-0.006411676	-0.07890751509999999	0.019070026	0.07584830000000001	-0.057301	-0.06714400000000001	0.00279771	-0.00124541	0.000993841	-0.000527889
0.04459522	-0.0204729876	0.0226145529	-0.0077971121	-0.0018847066	-0.0131426775	0.0411007024	-0.0072110759	-0.0786350467	0.0213984944	0.0747743077	-0.051671100000000005	-0.072554	0.008666929999999998	-0.00110785	0.00082084	-0.00077105
0.05537652	0.0023899922	0.0043802537	0.005785945799999999	0.022761351000000003	0.0117642647	0.024959591	-0.0080097493	-0.078330892	0.0237075627	0.07357980480000001	-0.0638052	-0.0698254	0.0148679	-0.0015780499999999995	0.000764916	-0.000931183
0.06327445000000001	-0.010108078	0.0277212535	-0.0052378841	-0.0160773991	-0.017956397199999998	0.0347567315	-0.0088076158	-0.07799517339999999	0.0259951375	0.07226671650000001	-0.05007519999999999	-0.0689147	0.0159549	-0.00116994	0.000992681	-0.000616123
0.03422949	0.000866865	0.0155006812	-0.0145910561	0.013871933	0.0064222343	0.047373030700000006	-0.0096045951	-0.0776280263	0.0282591448	0.07083715900000001	-0.0501246	-0.0740987	0.00707771	-0.00142024	0.00101502	-0.000486384
0.07351678999999997	-0.0051696653	0.0456173897	-0.0073313698	-0.0280584289	-0.0268677929	0.0314974841	-0.0104006067	-0.0772295986	0.0304975321	0.0692934363	-0.04837519999999999	-0.074878	0.0205007	-0.0009199389999999999	0.000650934	-0.0007732989999999998
0.093537	0.007856973	0.0224267238	-0.0186065153	0.0044074293	-0.0050919265	0.0213987172	-0.0111955706	-0.0768000508	0.03270827	0.0676380363	-0.05174159999999999	-0.0705527	0.0013673000000000001	-0.00180758	0.0009132210000000001	-0.000588989
0.041393532999999996	0.0056517887	0.0377172051	-0.0050519049	-0.0135089541	-0.0097667375	0.0394533029	-0.0119894067	-0.0763395561	0.0348893543	0.065873627	-0.0486425	-0.0663329	0.000871667	-0.00124925	0.0008599460000000001	-0.000648964
0.06614388300000001	0.01565732	0.0258427734	-0.0151640069	0.0045103032	0.0085541799	0.0198413485	-0.0127820349	-0.07584830000000001	0.037038807400000005	0.06400305190000001	-0.060345	-0.072397	0.0100333	-0.00177647	0.000786146	-0.000832257
0.05320525	0.007631767399999999	0.0438505076	-0.0135227608	-0.0330170419	-0.0298559369	0.0194896572	-0.0135733754	-0.0753264804	0.0391546809	0.0620293259	-0.047907	-0.090351	0.0180447	-0.00184211	0.0009479380000000001	-0.0007636519999999998
0.05092865000000001	0.0199252868	0.0208293479	-0.0247558679	0.0194022879	0.028824919900000006	0.0098893433	-0.0143633485	-0.0747743077	0.0412350562	0.059955629800000014	-0.063712	-0.0780618	0.013798900000000001	-0.00170316	0.00101323	-0.000931183
0.0576686	0.0243375962	0.0401895623	-0.0061958013	-0.0165293192	-0.0276431825	0.011974749	-0.0151518747	-0.0741920043	0.0432780475	0.0577853059	-0.0527592	-0.0868279	0.011851100000000002	-0.0014142999999999998	0.00112605	-0.000612825
0.060616099999999985	0.0310636034	0.0240606221	-0.0274427557	-0.0010693606	0.0186471667	-0.0007645918	-0.0159388744	-0.07357980480000001	0.0452818024	0.0555218517	-0.0637317	-0.0892386	0.022338099999999996	-0.0016325999999999995	0.00132431	-0.000931183
0.07485032999999999	0.0408835369	0.0197539154	0.0062133505	0.0203507684	-0.0028284108	-0.0024687727	-0.016724268400000002	-0.072937956	0.0472445043	0.0531689154	-0.0526753	-0.0938627	0.00736427	-0.00175513	0.000919503	-0.0005746000000000001
0.07731442999999998	0.0435083705	-0.0039228566	0.0010325001	0.0184366288	0.0615428556	0.007094536800000001	-0.0175079777	-0.07226671650000001	0.0491643739	0.0507302891	-0.0602325	-0.0695246	0.007521749999999998	-0.00114746	0.00100962	-0.0007820460000000001
0.10870851999999996	0.0516982463	0.00770055	0.0211533534	0.0170339768	0.030103151	-0.0129305653	-0.0182899231	-0.0715663568	0.0510396705	0.0482099028	-0.0572451	-0.101825	-0.00864467	-0.00190521	0.0008610569999999999	-0.000543273
0.08543652999999997	0.0528854678	0.0136049878	-0.0119081557	-0.0112281674	0.0403113205	-0.0066872712	-0.019070026	-0.07083715900000001	0.052868694	0.0456118188	-0.0605698	-0.075009	0.008515109999999998	-0.00124911	0.000888416	-0.000622535
0.05184310999999999	0.0547276682	0.0212709907	-0.0079108208	0.0083656776	0.0385723157	-0.0056315815	-0.0198482077	-0.0700794171	0.0546497862	0.0429402241	-0.0513547	-0.08330599999999999	-0.0160252	-0.00134824	0.000890898	-0.0005283330000000001
0.05217558	0.0590393416	0.0122934106	0.0044711323	0.0053556717	0.0316265472	0.0020365181	-0.0206243899	-0.0692934363	0.05638133240000001	0.0401994245	-0.059802699999999986	-0.0787003	0.00552983	-0.00130129	0.0008420589999999999	-0.000783881
0.05415925000000001	0.06382864099999999	0.0082337357	-0.0038041673	0.0191556854	0.0468027477	-0.0290317876	-0.0213984944	-0.0684795334	0.0580617626	0.0373938371	-0.0586365	-0.07744099999999997	-0.00649432	-0.00113749	0.000480962	-0.000514586
0.05316466	0.0673269241	0.0163401905	-0.0021185122	-0.0055582903	0.0113406952	-0.008103813100000001	-0.0221704431	-0.0676380363	0.0596895534	0.0345279838	-0.059585800000000015	-0.0833866	0.00428264	-0.000951945	0.00094482	-0.0005750390000000001
0.05231654	0.0724319694	0.014961689	-0.0144640213	0.01201973	0.044950458099999986	-0.0210818871	-0.0229401584	-0.0667692842	0.0612632291	0.0316064831	-0.0542169	-0.07615149999999997	-0.0108944	-0.00113219	0.0007658549999999999	-0.000443539
0.07410816	0.0752224772	0.0025394222	0.0049232339	0.021197628	0.0029233551	-0.0200940899	-0.0237075627	-0.065873627	0.0627813628	0.0286340436	-0.0461093	-0.0863449	-0.00621939	-0.00194151	0.0008772089999999999	-0.000545508
0.05603788000000001	0.08447684009999999	-0.0005816739	-0.0041857187	0.0229690036	0.0655396513	-0.0411922068	-0.0244725786	-0.06495142570000001	0.0642425783	0.0256154559	-0.0538323	-0.08246019999999997	0.007249089999999999	-0.00160716	0.0007602499999999999	-0.0007134330000000001
0.03508727	0.0869086356	-0.0034776383	0.0134036395	0.0202880735	0.0160519976	-0.0292331962	-0.0252351292	-0.06400305190000001	0.06564555080000001	0.0225555848	-0.0492969	-0.0973829	0.00475642	-0.00160716	0.000989977	-0.0007464359999999997
0.10321108	0.0903810192	-0.0017693317	0.0012596805	0.0194789308	0.0773746789	-0.0285611451	-0.0259951375	-0.0630288878	0.0669890084	0.0194593619	-0.0586508	-0.056623300000000015	0.00415974	-0.00137211	0.00040131199999999997	-0.000520133
0.06796324000000001	0.0966836087	-0.0033607698	0.0075866051	0.0028933591	0.0202896486	-0.0330356659	-0.026752527	-0.0620293259	0.068271733	0.0163317771	-0.049193	-0.07110010000000001	-0.0146214	-0.00137742	0.0008274889999999999	-0.00044667
0.05711219	0.0937808083	-0.0010216246	-0.0029888249	0.0060325292	0.0606662882	-0.034188258199999995	-0.0275072215	-0.061004769	0.06949256179999999	0.0131778711	-0.0601935	-0.0689801	-0.00608391	-0.0009895289999999998	0.000630043	-0.0005704169999999999
0.08530207	0.1006478556	-0.0111383615	0.0136635734	0.034524099	0.03534918	-0.0482304055	-0.0282591448	-0.059955629800000014	0.0706503878	0.0100027269	-0.047180599999999996	-0.09199589999999999	-0.00468519	-0.00169333	0.000815638	-0.00050232
0.0901677	0.1004521859	-0.0147666894	0.0170861398	0.008207894399999999	0.0646077037	-0.0388331366	-0.0290082213	-0.0588823313	0.0717441615	0.0068114617	-0.058624699999999995	-0.05749259999999999	0.00339451	-0.00133104	0.0007657799999999998	-0.000812984
0.14211676	0.1127193497	-0.0229892029	0.015519951	0.0317567273	0.0548731865	-0.0545694498	-0.0297543755	-0.0577853059	0.0727728912	0.0036092188	-0.0474069	-0.0978782	-0.0208863	-0.00222558	0.000939753	-0.000556846
0.14108658	0.105796928	-0.0128621927	0.0128399493	-0.0005486341	0.0592882434	-0.0566877389	-0.0304975321	-0.0566649955	0.0737356442	0.000401159	-0.057264199999999994	-0.0788474	0.00471413	-0.00112021	0.000387653	-0.000482355
0.12208363000000005	0.1194593842	-0.0164101006	-0.0007405286	0.0196063087	0.0420819826	-0.0719652405	-0.0312376164	-0.0555218517	0.0746315476	-0.0028075473	-0.0523977	-0.10523199999999999	-0.006448399999999999	-0.00227455	0.0007939359999999998	-0.000515132
0.08227322	0.108109297	-0.0036422372	0.0111446052	-0.0009157843	0.0410333138	-0.0523849792	-0.0319745538	-0.0543563352	0.0754597894	-0.0060117288	-0.055670000000000004	-0.08006639999999997	-0.00637583	-0.00149849	0.000835942	-0.0007723209999999999
0.09896267	0.1203838038	-0.0255595284	-0.006387918100000001	0.0319057914	0.0541357779	-0.0713693521	-0.03270827	-0.0531689154	0.0762196185	-0.0092062214	-0.050707300000000004	-0.112296	-0.0276308	-0.00209593	0.000873521	-0.0005970319999999999
0.05447417000000001	0.1126736306	-0.0075807653	0.0197278367	0.0110187106	0.0232434737	-0.07170342519999999	-0.0334386912	-0.051960071	0.07691034599999999	-0.0123858767	-0.052196000000000006	-0.104028	0.00189697	-0.00205936	0.000712208	-0.000702943
0.04822262000000002	0.1255451753	-0.033847544	0.002518287	0.024490959	0.047811892300000006	-0.073690249	-0.0341657437	-0.0507302891	0.07753134589999999	-0.0155455703	-0.0590702	-0.09316519999999999	-0.0103987	-0.00223125	0.000730073	-0.000528899
0.06715275000000001	0.1151529335	-0.0029184843	0.0102102991	0.004413712	0.0430715632	-0.049587714000000005	-0.0348893543	-0.0494800651	0.078082055	-0.0186802098	-0.048149800000000006	-0.0924713	-0.0125271	-0.00170897	0.00087371	-0.000931183
0.07770705999999998	0.14086448210000002	-0.0481079603	0.0141935075	0.0459230569	0.0303986213	-0.0910435132	-0.035609450099999995	-0.0482099028	0.0785619741	-0.0217847431	-0.052173500000000005	-0.0995355	-0.00905359	-0.0021699	0.000514502	-0.0004884080000000001
0.21209179000000009	0.0819708755	-0.0005781099	0.0058061863	0.0091908105	0.0244271674	-0.0290369653	-0.0363259585	-0.0469203142	0.0789706681	-0.0248541669	-0.0695479	-0.0666298	0.0190715	-0.000354137	0.0007757889999999999	-0.00108509
0.4183664000000001	-0.2176027226	-0.275674842	-0.5539916088	0.3898236048	-0.2323648506	-0.0944719127	-0.037038807400000005	-0.0456118188	0.0793077664	-0.0278835343	-0.057040999999999994	0.180741	0.10848	0.000419689	0.00040057300000000004	-0.0008525279999999999
0.31087309999999996	-0.0289853591	-0.2393159275	-0.0905947331	-0.4463936346	-0.0621055529	-0.0538019996	-0.037747925	-0.0442849438	0.0795729635	-0.030867963	-0.0205215	0.092513	0.057701	0.0008184769999999999	0.000531409	0.00132478
0.24544855	-0.1216547283	-0.1652545675	0.1348347784	-0.1722063087	-0.1369091027	-0.1795264415	-0.038453239900000005	-0.0429402241	0.0797660189	-0.0338026431	-0.0283675	0.0269772	0.0853449	-0.00101289	0.00106825	0.000804531
0.10154553	-0.146147126	-0.0644593362	0.0924696282	-0.0479360437	-0.06416025	-0.017607569099999998	-0.0391546809	-0.0415782013	0.0798867576	-0.0366828449	-0.0482907	0.00892292	0.0852813	-0.000570786	0.000300825	0.0007439709999999997
0.05394616000000002	-0.1544418636	-0.031607671600000005	0.112666888	-0.0225278309	-0.0791209489	-0.0439137604	-0.0398521774	-0.0401994245	0.07993507009999999	-0.0395039266	-0.034747900000000005	0.008921059999999998	0.0757478	-0.000281025	0.000300825	0.00107157
0.05989939	-0.1323063808	0.0129030092	0.070737433	0.0033845403	-0.05906733190000001	0.0681767158	-0.0405456591	-0.038804449	0.0799109126	-0.0422613414	-0.0353061	0.0260235	0.08865579999999999	-0.000617567	0.000300825	0.0008214969999999999
0.05965330000000001	-0.1426185407	0.0067918361	0.062909754	-0.0102349869	-0.0277332945	0.0028438365000000004	-0.0412350562	-0.0373938371	0.0798143071	-0.0449506455	-0.028017700000000003	0.0158876	0.08433500000000001	-0.00032935	0.000593722	0.000998547
0.05445830000000002	-0.125228642	0.0246476688	0.0590482555	0.0183380408	-0.0455954149	0.0564739508	-0.0419202993	-0.0359681572	0.079645341	-0.0475675045	-0.0238339	0.00679215	0.08989689999999999	-0.0005365719999999999	0.000300825	0.000786323
0.0307464	-0.1290648712	0.0197341054	0.0513455334	-0.0142791073	0.0001216605	0.0250982076	-0.0426013192	-0.0345279838	0.0794041677	-0.050107701	-0.0243475	0.0165343	0.0889321	-0.000223848	0.000300825	0.0008641159999999997
0.02805265	-0.1253260229	0.0169388625	0.0432017411	-0.0041651729	-0.0063834421	0.0466747032	-0.0432780475	-0.0330738971	0.07909100570000001	-0.052567141100000006	-0.0186194	0.0106083	0.0816273	-0.000308647	0.000300825	0.0009611919999999999
0.02626343	-0.1272111757	0.0214194111	0.0275027684	-0.001239571	0.0144971164	0.0275108049	-0.0439504158	-0.0316064831	0.0787061389	-0.0549418609	-0.0222646	0.00770472	0.08657000000000001	-0.000186286	0.000396895	0.000884184
0.07209184	-0.12212962	0.0269484235	0.0392376334	-0.0107876658	-0.0335741206	0.0089086008	-0.044618356500000005	-0.0301263332	0.0782499164	-0.0572280333	-0.0218203	-0.00667407	0.111153	-0.00041593099999999997	0.000645839	0.00105931
0.03778809	-0.1102704031	0.0355238131	0.0245348974	-0.008398894399999999	0.0019535234	0.0308449433	-0.0452818024	-0.0286340436	0.0777227516	-0.0594219737	-0.0296473	-0.00439223	0.111161	-0.0005365719999999999	0.0007116539999999999	0.0006923410000000001
0.05936847000000001	-0.1056141026	0.0382985668	0.0235325098	-0.0186147268	-0.0092785825	0.0223056558	-0.0459406864	-0.0271302159	0.0771251226	-0.0615201462	-0.0194382	-0.0155523	0.0919486	-0.000651467	0.000685062	0.000926592
0.09983237999999996	-0.08388353259999999	0.04595375	0.0026569552	-0.0011444172	0.0013196954	0.0490211334	-0.046594942400000006	-0.0256154559	0.07645757110000001	-0.0635191694	-0.03690209999999999	0.00574128	0.111234	-0.00100639	0.000678155	0.00045263199999999996
0.07583703000000001	-0.0835834191	0.0459794711	0.013922074	-0.012438445	-0.0410623038	0.0254105242	-0.0472445043	-0.024090374	0.0757207024	-0.06541582139999999	-0.029890899999999998	-0.024347999999999998	0.1236	-0.00100086	0.001032	0.000620668
0.09032815	-0.0608421216	0.0484361244	-0.01155846	-0.0138742375	0.003209819	0.0632699183	-0.0478893067	-0.0225555848	0.0749151845	-0.06720704549999999	-0.027642700000000003	0.019679099999999998	0.111141	-0.000623409	0.000971548	0.00042669400000000003
0.11991997	-0.0513961918	0.0497986586	0.008885358199999999	0.0020969326	-0.0157042854	0.0596528759	-0.0485292848	-0.0210117067	0.0740417477	-0.06888995490000001	-0.0216583	-0.00407292	0.0985795	-0.00188112	0.000976515	0.000716457
0.09402063999999996	-0.0694568108	0.0482116477	-0.02586181	-0.0289876109	-0.006769445	0.0153044052	-0.0491643739	-0.0194593619	0.07310118389999999	-0.07046183730000001	-0.0324253	-0.00360948	0.128383	-0.000953702	0.0009330839999999999	0.000627572
0.06711829	-0.0365527542	0.0480908209	-0.0184690245	-0.0085293963	-0.0452424623	0.0556746922	-0.0497945101	-0.0178991758	0.0720943458	-0.0719201593	-0.0362495	0.00144926	0.11111900000000001	-0.00160038	0.000908205	0.000479702
0.03568867	-0.0433493257	0.0438873302	-0.0206192089	-0.0128868336	-0.0168874475	0.05633007070000001	-0.05041963	-0.0163317771	0.0710221462	-0.0732625707	-0.0401173	0.00629873	0.10984100000000001	-0.00114743	0.000945313	0.00045589199999999995
0.08934592999999999	-0.035938576	0.0460099772	-0.0212903033	-0.0027394531	-0.0384411399	0.0185281915	-0.0510396705	-0.0147577975	0.0698855571	-0.0744869079	-0.048231	-0.017513400000000002	0.105058	-0.00202156	0.000939176	0.000283417
0.05840545	-0.0275322245	0.0397419643	-0.0153766822	-0.0174789883	-0.0425849946	0.044990386900000005	-0.0516545692	-0.0131778711	0.0686856091	-0.07559119780000001	-0.0419967	-0.0132548	0.137346	-0.0017851	0.0008889319999999998	0.000309204
0.10306685	0.0062885434	0.0266160281	-0.0286322215	-0.0116695469	-0.0274514176	0.052237337	-0.0522642642	-0.0115926346	0.06742339	-0.0765736605	-0.0315514	-0.024361700000000003	0.105428	-0.00258814	0.00107659	0.000307969
0.0397822	-0.0132985524	0.0402802269	-0.0134921913	-0.0187994298	-0.0438045085	0.0423370467	-0.052868694	-0.0100027269	0.0661000441	-0.0774327128	-0.0347545	-0.0311611	0.109346	-0.00224799	0.000998996	0.000407459
0.07206179999999998	0.0057252231	0.0203727668	-0.0238052092	0.0043050793	-0.0299720687	0.016802488600000002	-0.0534677978	-0.0084087885	0.0647167712	-0.07816697	-0.0482051	-0.0126727	0.104045	-0.00187877	0.000889261	0.000189978
0.0424152	-0.008746828100000001	0.0309935585	-0.0106578151	-0.0193945392	-0.039744129700000005	0.0397925965	-0.0540615151	-0.0068114617	0.0632748254	-0.0787752489	-0.0434257	-0.0199076	0.09035850000000001	-0.002041	0.000969463	0.000281834
0.032756410000000014	0.0167851675	0.0055037394	-0.011769611200000002	0.0216301535	-0.0234265539	0.0590327696	-0.0546497862	-0.0052113902	0.061775514	-0.079256569	-0.0445098	-0.00687114	0.0901295	-0.00234375	0.000920174	0.000297932
0.07945465999999997	0.0002549766	0.0152824178	-0.0043608661	-0.0054043218	-0.0388896308	0.0280751376	-0.0552325519	-0.0036092188	0.0602201963	-0.0796101548	-0.050813	-0.0199519	0.10038899999999999	-0.00148809	0.0007881729999999998	0.00028936900000000004
0.06352254999999997	0.0300904338	-0.0072227911	-0.0076846492	0.0305023524	-0.0190110429	0.0543596703	-0.0558097533	-0.002005593	0.0586102822	-0.0798354362	-0.0445221	-0.0198961	0.07841619999999999	-0.0019760000000000003	0.0008934359999999998	0.00040025699999999995
0.0270715	0.0148046931	0.0004691375	0.00029928290000000003	0.0110125022	-0.0081424601	0.0436808301	-0.05638133240000001	-0.000401159	0.0569472315	-0.0799320503	-0.0396151	-0.0198945	0.07535739999999999	-0.00181428	0.00106538	0.000351839
0.032045000000000004	0.0378730412	-0.0114192954	-0.0013160531	0.0336649126	0.0041556875	0.0452741124	-0.0569472315	0.0012034366	0.0552325519	-0.0798998413	-0.043607599999999996	-0.0129166	0.0702119	-0.00204828	0.0011085200000000002	0.000393281
0.06467969999999999	0.006595780799999999	0.019164742	-0.006656566899999999	-0.0336143963	0.0181327659	0.0109717186	-0.0575073938	0.0028075473	0.0534677978	-0.0797388611	-0.046655699999999994	-0.0332586	0.08341819999999997	-0.00177625	0.00104318	0.000168985
0.05593849999999999	0.005272655699999999	0.0085560379	-0.0106499289	-0.0026663576	0.0098694821	0.0180086871	-0.0580617626	0.0044105266	0.0516545692	-0.0794493692	-0.0427141	-0.0222205	0.059579099999999996	-0.00173044	0.00112945	0.000379299
0.04821339999999999	-0.0154146784	0.0253329813	-0.0066285442	-0.0021435682000000003	0.0187182721	0.0196786638	-0.0586102822	0.0060117288	0.0497945101	-0.0790318321	-0.0411242	-0.0303329	0.08319559999999998	-0.00162822	0.0013011	0.000355277
0.042814250000000005	0.0033597131	0.0019607862	-0.0045313798	0.0260534644	-0.007548494399999999	0.0119747966	-0.0591528974	0.007610508399999999	0.0478893067	-0.0784869228	-0.0486105	-0.019105700000000003	0.0850707	-0.00171275	0.00115172	0.000144674
0.0564754	-0.0160673945	0.0154025608	0.001957469	-0.0149624134	-0.0110969808	0.0207077469	-0.0596895534	0.0092062214	0.0459406864	-0.0778155195	-0.041403800000000004	-0.0386934	0.102353	-0.00173756	0.00100084	0.000216958
0.0886872	0.0073140592	-0.0016178386	-0.006133216800000001	0.0266407666	0.0291327615	0.0289337137	-0.0602201963	0.0107982247	0.0439504158	-0.0770187042	-0.0456301	-0.020898	0.07287510000000001	-0.00137505	0.00135796	0.00024108
0.06113645	-0.0066697505	0.0078964189	0.0026406147	0.0114426831	0.0026211504	0.0265396821	-0.0607447724	0.0123858767	0.0419202993	-0.0760977612	-0.048729	-0.0342334	0.0848861	-0.00194725	0.00129911	0.000218307
0.044251934999999985	0.0204899682	-0.016687830600000002	0.0077334201	0.0300742975	0.0312911985	0.0169910395	-0.0612632291	0.0139685379	0.0398521774	-0.0750541746	-0.048780699999999996	-0.021868099999999998	0.0934574	-0.00177303	0.00115829	6.80743e-05
0.046059485	0.0032389218	0.0076804213	0.0179220551	-0.0034436092	0.0184521816	0.0320876642	-0.061775514	0.0155455703	0.037747925	-0.07388962639999999	-0.0475511	-0.023647400000000002	0.07854379999999997	-0.0014210999999999998	0.001048	0.00016859400000000002
0.08145356	0.0205955955	-0.0186442639	0.0011722842	0.0347086556	0.0664911312	0.045805528600000006	-0.062281575599999986	0.0171163386	0.035609450099999995	-0.0726059935	-0.0431435	0.008942109999999998	0.07400189999999998	-0.0018773	0.0013034800000000005	0.000255205
0.04437276	0.0040341941	-0.0042988896	0.0176945606	0.0283724851	0.0223907475	0.0375471992	-0.0627813628	0.0186802098	0.0334386912	-0.0712053446	-0.0450514	-0.0119886	0.073357	-0.00210747	0.00115143	0.00029077
0.03754202	0.0133124688	-0.0209922092	0.0026807597	0.0315230709	0.0486107978	0.0313282459	-0.0632748254	0.0202365536	0.0312376164	-0.06968993700000001	-0.0458534	-0.007981679999999998	0.08755489999999999	-0.00199852	0.000970548	0.000209898
0.06597478000000001	0.011331147	-0.0157181597	0.0232105451	0.0188820922	0.0195649113	0.0433438839	-0.0637619136	0.0217847431	0.0290082213	-0.0680622132	-0.040551	-0.00384315	0.0608122	-0.00175606	0.0008539469999999998	0.00044666
0.06202667999999999	0.0332573797	-0.0423875828	0.0154209769	0.0344713225	0.07710362429999999	0.0579143335	-0.0642425783	0.0233241543	0.026752527	-0.0663247964	-0.053303199999999995	0.00184071	0.0581312	-0.00209687	0.000970009	8.533959999999999e-05
0.04939067999999998	0.0432219865	-0.0351166496	0.0318602921	0.0593843388	0.042698665199999986	0.016068243700000002	-0.0647167712	0.0248541669	0.0244725786	-0.0644804868	-0.047624900000000005	-0.016956400000000003	0.05362080000000001	-0.00208512	0.00113325	0.000318446
0.039111300000000015	0.035399217000000004	-0.0389279515	0.02456596	0.0294644493	0.0547923679	0.0351770174	-0.0651844444	0.0263741644	0.0221704431	-0.0625322567	-0.046892	-0.0136791	0.07651619999999999	-0.00204557	0.00110504	0.000142092
0.05487235000000002	0.0408320985	-0.0405327952	0.0227181534	0.051877502	0.0779989521	0.0255742542	-0.06564555080000001	0.0278835343	0.0198482077	-0.060483246	-0.040077	-0.0135925	0.042689599999999994	-0.00209122	0.00104021	0.000314495
0.05600975999999999	0.0285629551	-0.0338306288	0.0232717406	0.0316688485	0.0558782195	0.0019806598	-0.0661000441	0.0293816684	0.0175079777	-0.058336757	-0.04913630000000002	-0.013678999999999998	0.051304999999999996	-0.0017117999999999999	0.0011249	1.3633800000000005e-05
0.056453400000000015	0.0433604776	-0.0490279851	0.0320313076	0.0626709937	0.0749676452	0.0037849714	-0.0665478783	0.030867963	0.0151518747	-0.0560962492	-0.0484344	-0.027573300000000002	0.0387523	-0.00198903	0.000884845	-5.51712e-05
0.04922689	0.0194988648	-0.0260575891	0.0142930016	0.0117008328	0.055852827300000005	0.0242161015	-0.0669890084	0.0323418192	0.0127820349	-0.0537653335	-0.045283699999999996	-0.0234542	0.0609237	-0.00181186	0.00109301	-4.4792399999999995e-05
0.03754486999999999	0.0172770535	-0.0191963483	0.0044233932	0.030007611	0.0740726807	-0.0017790629999999996	-0.06742339	0.0338026431	0.0104006067	-0.0513477665	-0.0447149	-0.022589599999999998	0.054328999999999995	-0.00200479	0.00105626	0.000315863
0.05750463	0.0142554505	-0.0186612917	0.03584959	0.0246043954	-0.0046839399	0.0299757808	-0.0678509792	0.0352498461	0.0080097493	-0.0488474444	-0.0492198	-0.012226700000000002	0.066317	-0.00182111	0.00120438	3.46864e-05
0.13052867	0.0039564746	-0.021825953	-0.028226037	0.0276232393	0.1395320847	-0.008694680500000001	-0.068271733	0.0366828449	0.0056116301	-0.046268397	-0.061090099999999994	-0.016494499999999995	0.1315	-0.00165952	0.00178076	-0.000211495
0.28478200000000004	0.0422304726	-0.0529604324	0.0435426422	0.1244946432	0.0321909008	-0.0416863825	-0.0686856091	0.0381010623	0.0032084234000000003	-0.0436147809	-0.0378146	-0.0296231	0.0271721	-0.000269102	0.000952394	0.000450721
0.2726308	-0.0270301755	0.0098086024	-0.05727776320000001	-0.2446944968	0.1295810326	-0.1684315361	-0.0690925657	0.0395039266	0.0008023078999999999	-0.0408908726	-0.06306050000000002	-0.09738689999999996	0.09472760000000001	-0.000794833	0.000953504	-0.00126375
0.15609285	-0.0247226494	0.0118075973	0.0161381154	-0.0237179087	-0.0321701265	-0.1027314425	-0.06949256179999999	0.0408908726	-0.001604535	-0.0381010623	-0.0539621	-0.0920259	0.0641357	-0.00208594	0.00143726	-0.0008177819999999998
0.0856138	-0.024271921	0.022870781	0.0207468206	-0.0367884854	-0.0430594165	-0.0733302768	-0.0698855571	0.0422613414	-0.0040099232	-0.0352498461	-0.0629636	-0.0556481	0.074572	-0.00202947	0.00112518	-0.0005903680000000001
0.06846805	-0.0137682917	0.0028560894	-0.0065791276	-0.0030354308000000003	-0.0249383857	-0.0516547512	-0.0702715121	0.0436147809	-0.006411676	-0.0323418192	-0.0629827	-0.0434179	0.06375400000000002	-0.00260705	0.000953504	-0.000431609
0.07364760000000001	0.0004146255	-0.0054107022	0.0088145949	0.0045879531	-0.0140712761	-0.040660423	-0.0706503878	0.0449506455	-0.0088076158	-0.0293816684	-0.05376	-0.0451267	0.0574404	-0.00192232	0.00113604	-0.000170825
0.10435370000000001	0.0159024185	-0.0241321684	0.0078771388	0.0333941478	-0.033214880499999995	-0.0447161099	-0.0710221462	0.046268397	-0.0111955706	-0.0263741644	-0.0476452	-0.067566	0.0677133	-0.00289888	0.000802066	-0.000170825
0.08650969999999998	0.0193615875	-0.0157127922	0.007466927	-0.0086905264	0.0103797894	-0.0472721738	-0.0713867496	0.0475675045	-0.0135733754	-0.0233241543	-0.0629631	-0.0557899	0.07136189999999999	-0.00198572	0.0008824549999999998	-0.00029261799999999997
0.05465369999999999	0.00113997	0.0052417786	-0.0176489043	-0.0205215407	-0.0235836113	-0.0578487783	-0.0717441615	0.0488474444	-0.0159388744	-0.0202365536	-0.06299	-0.0691025	0.0465159	-0.00194597	0.0007146339999999999	-0.000170825
0.07420612285	0.0287674415	-0.0054600467	0.0283538585	0.0041182207	-0.0196209141	-0.0156854623	-0.0720943458	0.050107701	-0.0182899231	-0.0171163386	-0.06298780000000001	-0.035045099999999996	0.062113999999999996	-0.00166948	0.000670601	-3.795430000000001e-07
0.05189891715	0.0053026448	0.0012394713	-0.0256220447	-0.0292564766	-0.002742866	-0.0386518687	-0.0724372672	0.0513477665	-0.0206243899	-0.0139685379	-0.0570941	-0.0437229	0.049931800000000005	-0.00182962	0.00097393	3.90558e-05
0.03991763999999999	0.0210209875	-0.0001765292	0.0164525794	0.0232170143	-0.0227773919	0.0062420625	-0.0727728912	0.052567141100000006	-0.0229401584	-0.0107982247	-0.058806100000000014	-0.0317119	0.0548909	-0.00164148	0.00094724	-0.000170825
0.041765545	0.019197399	0.0013227617999999998	-0.0206404703	-0.0161190907	-0.0166054325	-0.0453639125	-0.07310118389999999	0.0537653335	-0.0252351292	-0.007610508399999999	-0.0583841	-0.0512168	0.0627654	-0.0015432899999999995	0.0009779360000000002	-2.04281e-05
0.0291048	0.0262907233	0.0014834495	0.0125773419	0.0037492909	-0.0410217121	-0.0198883849	-0.0734221124	0.0549418609	-0.0275072215	-0.0044105266	-0.0590164	-0.041567900000000005	0.0608105	-0.00134904	0.00106352	-7.79681e-05
0.056489655000000014	0.0165460075	0.0073521559	-0.0252432222	-0.039387283700000005	0.0027139072	-0.0408358577	-0.0737356442	0.0560962492	-0.0297543755	-0.0012034366	-0.043519199999999994	-0.051	0.0450269	-0.00162638	0.00105274	-5.0553e-05
0.05488725000000001	0.04390467	-0.0067781467	0.0202093845	0.0360012372	-0.0311774152	0.0021254424	-0.0740417477	0.0572280333	-0.0319745538	0.002005593	-0.058388199999999994	-0.0460721	0.07113380000000001	-0.00157077	0.00111416	-0.00011319200000000001
0.07211435	0.016833272399999998	0.0262360356	-0.0369657276	-0.0560466355	0.0033705925	-0.0544615342	-0.0743403923	0.058336757	-0.0341657437	0.0052113902	-0.050511300000000016	-0.0520531	0.0708697	-0.000802999	0.000723447	-0.000114555
0.07490146499999999	0.0266545635	0.0246525737	0.0012320814999999998	-0.004134700900000001	-0.0556598765	-0.0132562254	-0.0746315476	0.0594219737	-0.0363259585	0.0084087885	-0.045981400000000006	-0.0519572	0.0601114	-0.00136253	0.00130062	-6.09117e-05
0.023996295	0.0104400699	0.0340082991	-0.0475132186	-0.0574175679	0.0121266333	-0.039475169	-0.0749151845	0.060483246	-0.038453239900000005	0.0115926346	-0.0455164	-0.0550015	0.0652856	-0.00111034	0.0013333	-8.22976e-05
0.06010067	0.0269693235	0.0248369461	-0.005558974	0.0051127298	-0.0589075324	-0.0332852854	-0.07519127440000001	0.0615201462	-0.0405456591	0.0147577975	-0.0515455	-0.06082180000000001	0.0487531	-0.00102515	0.0008726419999999998	-0.000170825
0.07982649999999998	0.0179270077	0.0425452091	-0.038145582	-0.0756775125	-0.0191729817	-0.0454308645	-0.0754597894	0.0625322567	-0.0426013192	0.0178991758	-0.050748400000000006	-0.0463274	0.08635669999999998	-0.00113113	0.00130529	-0.000170825
0.07835371249999998	0.0341802909	0.0172376287	-0.0217794506	-0.0011095619	-0.0377397606	-0.012252477	-0.0757207024	0.0635191694	-0.044618356500000005	0.0210117067	-0.0485184	-0.0441845	0.0534547	-0.00173527	0.00134908	2.82125e-06
0.03237131249999998	0.0236260673	0.0433835054	-0.0223856272	-0.0466085031	-0.0290460106	-0.0193915767	-0.0759739873	0.0644804868	-0.046594942400000006	0.024090374	-0.051152300000000005	-0.0493471	0.0579228	-0.00156642	0.00135799	-0.00022155299999999998
0.038303500000000004	0.0013859872	0.053670908200000006	-0.0632294667	-0.0549039816	-0.0548288976	-0.053281195199999985	-0.0762196185	0.06541582139999999	-0.0485292848	0.0271302159	-0.053731500000000015	-0.055627800000000005	0.0754605	-0.0015328	0.00120422	-0.000170825
0.04842429999999999	0.0266280086	0.0458274312	-0.0177205571	-0.027299498	-0.071976498	-0.025921074300000003	-0.07645757110000001	0.0663247964	-0.05041963	0.0301263332	-0.05995830000000001	-0.031613499999999996	0.0874077	-0.00146081	0.00115149	-0.000170825
0.051298235	0.0173196634	0.0482492141	-0.047791231100000005	-0.045770055	-0.0648427338	-0.0432869133	-0.0766878214	0.06720704549999999	-0.0522642642	0.0330738971	-0.0453969	-0.0413248	0.0732704	-0.00150807	0.00128747	-9.63003e-05
0.038990734999999985	0.043226879	0.0431213695	-0.021047689900000003	-0.0157596791	-0.0636534043	0.0096993964	-0.07691034599999999	0.0680622132	-0.0540615151	0.0359681572	-0.05764030000000001	-0.0292392	0.07326289999999999	-0.00160882	0.00116966	-0.000170825
0.04908490000000002	0.028010365	0.0410558898	-0.0408249772	-0.0316861476	-0.0668198148	-0.0563762159	-0.0771251226	0.06888995490000001	-0.0558097533	0.038804449	-0.0507599	-0.0480716	0.06333009999999999	-0.00171908	0.00107525	-0.000106709
0.061313300000000015	0.0567706403	0.043952816	-0.0140383957	-0.0154682618	-0.0782007302	0.0007913451	-0.0773321295	0.06968993700000001	-0.0575073938	0.0415782013	-0.06296060000000002	-0.034973000000000004	0.0749518	-0.00138942	0.00116932	-0.000170825
0.09659649999999996	0.0245131132	0.05014728190000002	-0.0717824454	-0.1029974642	-0.0511861306	-0.0907818125	-0.07753134589999999	0.07046183730000001	-0.0591528974	0.0442849438	-0.045074199999999995	-0.06514690000000001	0.044050599999999995	-0.00173867	0.00116587	-0.000170825
0.04829774999999999	0.0924266709	0.0056273289	-0.0107382302	0.0344907922	-0.04082878	-0.0014660797	-0.0777227516	0.0712053446	-0.0607447724	0.0469203142	-0.057103499999999995	-0.04245669999999999	0.0467946	-0.0018399999999999998	0.00113024	-0.00025055
0.07406505	0.0918669092	0.014973132	-0.0129181409	-0.0179593532	-0.0148207507	-0.0376131632	-0.0779063275	0.0719201593	-0.062281575599999986	0.0494800651	-0.0582577	-0.0450541	0.034066900000000004	-0.000936109	0.000962141	-0.000170825
0.08742540000000001	0.0922972485	0.0197565294	-0.0097898202	0.0134044638	-0.0558619091	-0.027970577000000003	-0.078082055	0.0726059935	-0.0637619136	0.051960071	-0.0574332	-0.0653155	0.0477734	-0.0016827	0.00126821	-0.000170825
0.07700864	0.0893338702	0.0377979627	-0.0334526378	-0.0244933421	-0.0410595582	-0.0470555688	-0.0782499164	0.0732625707	-0.0651844444	0.0543563352	-0.0635622	-0.0425575	0.0671017	-0.00135597	0.00111275	-7.71482e-05
0.05798009	0.0820365543	0.0382762872	-0.0400843778	-0.0203186025	-0.0754381808	-0.026408503	-0.0784098948	0.07388962639999999	-0.0665478783	0.0566649955	-0.0511687	-0.0424673	0.044650999999999996	-0.00174282	0.00115565	-4.5984399999999986e-05
0.033276029999999984	0.0752746713	0.043712125199999986	-0.0383599531	-0.0330222216	-0.0644818955	-0.0441830714	-0.0785619741	0.0744869079	-0.0678509792	0.0588823313	-0.051412	-0.0505704	0.0458641	-0.00145172	0.0012140400000000006	-0.000170825
0.06921697500000001	0.0790394987	0.0309396433	-0.0524004996	-0.0106224342	-0.0897777448	-0.0401378119	-0.0787061389	0.0750541746	-0.0690925657	0.061004769	-0.049100599999999994	-0.0608172	0.060859	-0.00103123	0.0009573460000000001	-1.4731500000000001e-05
0.07360817500000001	0.1127444188	0.0001324973	-0.0054147541	0.0332219886	-0.0270243337	-0.0147257858	-0.0788423748	0.07559119780000001	-0.0702715121	0.0630288878	-0.0502301	-0.036683	0.06705739999999999	-0.00145031	0.0007945279999999999	-0.000275755
0.05446350000000001	0.1291177289	0.0024072969	-0.013285651200000002	0.0276964269	-0.0478721664	0.0033312379	-0.0789706681	0.0760977612	-0.0713867496	0.06495142570000001	-0.0481232	-0.0409884	0.037186000000000004	-0.00127788	0.0008807639999999998	-0.000170825
0.11325663	0.0926946609	-0.0027393542	-0.0249693626	0.0359888205	0.0098494013	0.0093715327	-0.07909100570000001	0.0765736605	-0.0724372672	0.0667692842	-0.059783900000000015	-0.0256803	0.00666292	-0.000629966	0.00110791	-0.00041106
0.424898635	-0.1520617902	-0.2293326385	-0.4376847546	0.1580615971	0.1059214374	0.0145533146	-0.0792033756	0.0770187042	-0.0734221124	0.0684795334	-0.023083799999999998	0.09032589999999999	0.0420412	0.00214269	-5.22931e-05	0.000392362
0.273292355	-0.06747087809999999	-0.1743439593	0.0190339421	-0.2269332492	0.0254057527	0.0178174014	-0.0793077664	0.0774327128	-0.0743403923	0.0700794171	-0.022733	0.06723960000000001	0.122727	-0.00046667400000000004	0.00019321	0.000920884
0.15890320000000002	-0.1120201081	-0.0962550413	0.1487333045	-0.0927519316	-0.0376420126	-0.0127026285	-0.0794041677	0.0778155195	-0.07519127440000001	0.0715663568	-0.0407611	0.037393199999999994	0.09960830000000001	-0.00110328	0.000903409	0.000509489
0.06509065	-0.1066718026	-0.0636597074	0.103834447	0.0015319346	0.0238831801	0.0205850836	-0.0794925697	0.07816697	-0.0759739873	0.072937956	-0.0489374	0.0471755	0.102504	-0.000685026	0.000450345	0.00049608
0.11495699999999999	-0.1080978009	-0.046873864	0.1161577253	0.0130550622	-0.006924301999999999	0.0353841683	-0.0795729635	0.0784869228	-0.0766878214	0.0741920043	-0.032174400000000006	0.0549327	0.06807869999999999	-0.00020137	0.0006621139999999999	0.000920885
0.05355704999999999	-0.0974166647	-0.0323116996	0.0857512192	0.0464456954	0.0712588007	0.0577000231	-0.079645341	0.0787752489	-0.0773321295	0.0753264804	-0.042837400000000005	0.059839599999999986	0.06849789999999999	-0.00022642599999999998	0.000213508	0.000643188
0.04730799999999999	-0.1037992512	-0.0122869672	0.0920511362	0.04296634480000002	0.0561368677	0.07839078690000001	-0.079709695	0.0790318321	-0.0779063275	0.0763395561	-0.0313102	0.055315300000000005	0.06621339999999999	-0.0006129730000000001	0.000213508	0.000836081
0.041318405	-0.0879432676	0.0045421149	0.0649132237	0.0638356705	0.0853824997	0.08570478109999999	-0.0797660189	0.079256569	-0.0784098948	0.0772295986	-0.0326022	0.045797199999999996	0.0780937	-0.000553784	3.91799e-05	0.000697038
0.057250805	-0.09093292	0.0081390277	0.07693818549999999	0.0381217585	0.0602936739	0.0667232055	-0.0798143071	0.0794493692	-0.0788423748	0.07799517339999999	-0.0291999	0.0372891	0.0835387	-0.00037469699999999995	0.000434154	0.000920885
0.05860735	-0.0832941761	0.0160259628	0.0490849874	0.0458086887	0.0933515293	0.07002856610000001	-0.0798545546	0.0796101548	-0.0792033756	0.0786350467	-0.035365600000000004	0.0501843	0.0635172	-0.000239452	0.000364509	0.0007352760000000001
0.04488065	-0.0918351927	0.0181286448	0.0572422377	0.0485780301	0.0695791335	0.0845963193	-0.0798867576	0.0797388611	-0.0794925697	0.0791481873	-0.0304478	0.043679199999999994	0.0538369	-0.00061768	0.00038324199999999995	0.0008138639999999998
0.05814739999999999	-0.0799438876	0.0158407653	0.0426433172	0.05467894	0.0818257675	0.0694905209	-0.0799109126	0.0798354362	-0.079709695	0.0795337681	-0.0338483	0.042282099999999996	0.06348340000000001	-0.00016065	0.000139072	0.000640998
0.1019159	-0.0765123383	0.0319678949	0.046335474	0.0517995672	0.0786190802	0.0702758462	-0.0799270173	0.0798998413	-0.0798545546	0.0797911678	-0.0362536	0.033136800000000015	0.07322879999999997	-0.00116193	0.0007154039999999999	0.000606212
0.06381659999999999	-0.0450893661	0.0479309277	0.0187649523	0.0534967672	0.0455427148	0.0968101415	-0.07993507009999999	0.0799320503	-0.0799270173	0.0799199714	-0.0407293	0.0447342	0.0803604	-0.0006816169999999999	0.00044197800000000004	0.000547713
