0.0	0.030587017	-0.0093034817	0.1274037883	-0.0070706475	0.0155946186	0.1082515631	0.07993507009999999	0.0799320503	0.0799270173	0.0799199714	-8.459479999999996e-06	5.781060000000001e-05	6.02742e-06	0.00111734	0.000163495	0.0
0.0320421617	0.0488332169	-0.0355768777	0.1305276893	0.0190838247	0.0348609484	0.1225007465	0.0799270173	0.0798998413	0.0798545546	0.0797911678	-0.00575034	0.00855753	1.72892e-05	0.0009250489999999999	-0.0	0.0
0.0426825992	0.00546088	0.0252093646	0.0496428468	0.0702432976	0.0881607108	0.14001633630000002	0.0799109126	0.0798354362	0.079709695	0.0795337681	-0.00725243	0.00572782	-0.00827926	0.000323964	-0.0	0.0
0.110341019	-0.0021802025	-0.0099661098	-0.0541991989	0.006448945699999999	-0.0200786657	0.1045510482	0.0798867576	0.0797388611	0.0794925697	0.0791481873	-2.5851e-05	0.0412785	0.01445	0.000908151	3.38816e-23	-0.000312503
0.09877477359999999	-0.0093341971	0.0644221701	-0.1104049067	-0.08037473190000001	0.0062630864	0.1773447395	0.0798545546	0.0796101548	0.0792033756	0.0786350467	-1.59002e-05	3.7577199999999997e-05	-0.00546315	0.000264124	-0.0	-0.000204315
0.08799301619999997	0.0079818661	0.001736426	-0.0385631065	-0.0855908349	-0.0181460947	0.07828496900000001	0.0798143071	0.0794493692	0.0788423748	0.07799517339999999	-1.9143599999999997e-05	0.0313729	0.0193226	0.0008743289999999998	-0.0	-0.000231484
0.08976657700000001	0.0032833603000000005	0.0310757183	-0.0498249378	-0.0522042618	0.0702418884	0.1531643264	0.0797660189	0.079256569	0.0784098948	0.0772295986	0.00215208	3.88666e-05	-0.00428212	0.00045268099999999997	-0.0	0.0
0.092755638	0.0253048784	-0.026284259	0.043427095599999986	0.0687638567	0.0633665323	0.0836490886	0.079709695	0.0790318321	0.0779063275	0.0763395561	-2.39546e-05	0.0423776	0.00560865	0.000941142	-0.0	-0.000278541
0.09356429919999999	0.0560511026	-0.038693072200000005	0.1442552418	0.0704190308	0.102173883	0.14639119050000002	0.079645341	0.0787752489	0.0773321295	0.0753264804	-1.91554e-05	0.011932000000000005	-0.0210576	0.000286099	6.617449999999998e-24	-0.00020463099999999999
0.11136674460000001	0.0203925999	-0.0361040301	0.0819601842	-0.0093335924	0.018222615	0.0991032565	0.0795729635	0.0784869228	0.0766878214	0.0741920043	-0.0111785	0.0504815	-0.0132839	0.000927445	-0.000269452	-0.000371517
0.08756042	0.0111344574	0.0255641974	0.0708181115	-0.0346404127	0.020946894	0.0798438843	0.0794925697	0.07816697	0.0759739873	0.072937956	-0.007399079999999999	0.0275211	-0.0246576	6.0837e-05	-0.000198547	-0.000320092
0.10145015999999996	-0.0290344888	-0.0139696068	0.024833101	-0.026658345	0.0314201423	-0.0168024857	0.0794041677	0.0778155195	0.07519127440000001	0.0715663568	-0.00705697	0.0625549	0.016377100000000002	0.00047506699999999997	-0.00011440000000000004	-0.000317678
0.11008764	-0.0093034319	0.028206007	-0.0139279389	-0.0447306316	0.0169366897	0.06811889389999999	0.0793077664	0.0774327128	0.0743403923	0.0700794171	-0.00570616	0.0239235	-0.013701099999999999	-8.34036e-05	2.57504e-24	-0.00019000400000000002
0.09265263000000004	-0.0232381456	-0.0036982936	-0.0615052399	-0.0224553	0.0144419191	-0.0113617051	0.0792033756	0.0770187042	0.0734221124	0.0684795334	-0.00574581	0.04800069999999999	0.016339	0.000496506	-0.0	0.0
0.10582997	0.0098738149	0.0305904539	-0.0576273757	-0.0251872245	0.0724130348	0.06442696	0.07909100570000001	0.0765736605	0.0724372672	0.0667692842	-0.00673648	0.0108834	-0.0121081	-0.000288992	-0.0	0.0
0.08947787999999998	-0.0231436978	-0.007962711400000001	-0.0979800612	-0.0058086162	0.074595588	-0.0142138746	0.0789706681	0.0760977612	0.0713867496	0.06495142570000001	0.0	0.039326	0.0163668	0.000227486	-0.0	0.0
0.07074036	0.0144634704	0.0194008973	-0.0450463238	0.0422350401	0.042837125700000006	0.029605389300000007	0.0788423748	0.07559119780000001	0.0702715121	0.0630288878	0.0	0.0151804	-0.00151991	-0.000346675	-0.0	0.0
0.06815499	-0.031769295	-0.02099182	-0.0440962797	0.0557045283	-0.0054159267	-0.0957290963	0.0787061389	0.0750541746	0.0690925657	0.061004769	0.0	0.0464808	0.0163438	3.3142600000000004e-05	-0.0	0.0
0.063851790629086	0.0100967391	0.0089535096	-0.0492706857	0.0043320403	-0.0275648606	0.015994512	0.0785619741	0.0744869079	0.0678509792	0.0588823313	6.290859999999999e-10	0.0151684	0.00139059	-0.00031858099999999996	-0.0	0.0
0.094606459529086	-0.0439949746	-0.0097671868	-0.0865758939	-0.0516273887	-0.0448050281	-0.0597413789	0.0784098948	0.07388962639999999	0.0665478783	0.0566649955	-1.2548900000000001e-05	0.0315661	0.039027	0.000184563	0.00011950400000000005	-0.000188548
0.08532614889999998	0.0230976375	0.0174564817	-0.0578659919	-0.08821457630000001	-0.0433487813	0.0157721699	0.0782499164	0.0732625707	0.0651844444	0.0543563352	0.0	0.004906499999999999	0.0127927	-0.000155779	-0.0	0.0
0.05028225	-0.0318983767	0.0001881262	-0.0652323212	-0.0877207509	-0.0056379348	-0.1113420135	0.078082055	0.0726059935	0.0637619136	0.051960071	0.0	0.0268309	0.0252617	0.000161998	-0.0	0.0
0.04984175	0.0401684628	-0.0092440858	-0.0106696506	-0.0378251848	0.0127624903	0.0103470151	0.0779063275	0.0719201593	0.062281575599999986	0.0494800651	0.0	-0.0011305000000000002	0.0192702	-0.000155779	-0.0	0.0
0.06807353	-0.0428239037	-0.0024981141	-0.0311280182	-0.0229807904	0.0328735718	-0.1434061433	0.0777227516	0.0712053446	0.0607447724	0.0469203142	0.00272517	0.029862700000000002	0.026368799999999998	5.64588e-05	0.000248667	-8.422639999999999e-05
0.07137217960000003	0.0363179553	-0.020483965	0.0338235228	0.0330128999	0.0243851401	-0.0455201828	0.07753134589999999	0.07046183730000001	0.0591528974	0.0442849438	0.00573173	-5.35096e-05	0.012858600000000001	-0.000326069	0.00021663700000000002	0.0
0.0734476871	-0.0675497636	-0.0063496781000000006	0.006763963299999999	0.1132850443	-0.0176328636	-0.2067036793	0.0773321295	0.06968993700000001	0.0575073938	0.0415782013	-1.65625e-05	0.0266598	0.028961700000000007	-7.95563e-05	0.000249284	-0.0002185
0.055558601750000006	0.0580651137	-0.0312560371	0.0091895696	0.0437349942	-0.0580540956	-0.0466708144	0.0771251226	0.06888995490000001	0.0558097533	0.038804449	-6.3657500000000025e-06	0.00464541	0.018958799999999998	0.00018261400000000002	0.00014103	-0.000118302
0.05016514926	-0.0572055505	0.0301723663	-0.0843030875	0.0456248025	-0.1061421755	-0.1567838061	0.07691034599999999	0.0680622132	0.0540615151	0.0359681572	-9.820010000000003e-06	0.0353632	0.0239458	1.78439e-05	0.000158816	-0.000224884
0.045120720530000005	0.0579034813	-0.0127535873	0.0026847494	-0.0627423923	-0.0746499326	0.0045819485	0.0766878214	0.06720704549999999	0.0522642642	0.0330738971	-7.4094799999999986e-06	0.00766848	0.023653599999999997	-0.000155779	5.8266099999999994e-05	-0.000156429
0.03166440517	-0.08914563789999999	0.0358204814	-0.013896583600000002	-0.0215330691	-0.0425986468	-0.2002059712	0.07645757110000001	0.0663247964	0.05041963	0.0301263332	-9.69965e-06	0.0314245	0.023753200000000002	-0.000213683	0.000156346	-0.000156575
0.06335052965	0.0299733265	-0.0829451535	0.0369528737	0.0270998358	-0.0384906351	-0.0503842124	0.0762196185	0.06541582139999999	0.0485292848	0.0271302159	0.00421144	0.015848400000000002	0.0355424	0.000299098	0.00012485000000000005	-6.55702e-05
0.08432005572000001	-0.0373924638	0.0725059913	-0.0014905507	0.1051261931	-0.0480551681	-0.1280564507	0.0759739873	0.0644804868	0.046594942400000006	0.024090374	-5.42572e-06	0.023255	0.011165000000000001	-0.0004756130000000001	0.00013819900000000004	-0.000243894
0.05560371949	0.0353085412	-0.0898041352	0.14115746199999998	-0.0264705054	-0.1273481217	-0.1422320075	0.0757207024	0.0635191694	0.044618356500000005	0.0210117067	-4.35123e-06	0.029293299999999998	0.0235118	0.000197404	9.20281e-05	-0.00021873099999999998
0.09457630377000001	-0.0107342514	0.0647151607	0.1191992943	-0.0039432501	-0.0417663208	-0.15433573009999998	0.0754597894	0.0625322567	0.0426013192	0.0178991758	-0.00892329	0.0172888	0.00355499	-0.0006924539999999999	-0.0	-0.00031076599999999997
0.08783175999999998	-0.0118057091	-0.053513740199999986	0.0230086158	-0.0013925948	0.0039839968	-0.1203461674	0.07519127440000001	0.0615201462	0.0405456591	0.0147577975	-0.00896014	0.0443021	0.026683699999999998	-0.00013630899999999999	0.00017927400000000002	-0.000328405
0.05572001159999999	-0.0337795501	0.0797915283	-0.0301981731	0.0938993559	-0.064333181	-0.1038003942	0.0749151845	0.060483246	0.038453239900000005	0.0115926346	-1.4978399999999999e-05	0.030924599999999997	0.0231526	-0.0006019409999999999	0.000112525	-0.000263461
0.05833559491	-0.0353145144	-0.036828214500000005	-0.0423652222	-0.0071521137	-0.1350891411	-0.0823876075	0.0746315476	0.0594219737	0.0363259585	0.0084087885	-2.08349e-06	0.0425587	0.0350702	-0.000215148	-0.0	-0.000459563
0.08678073650999997	-0.0009728067	0.0612618148	-0.0347477228	-0.032322174	-0.0385197686	-0.0173584824	0.0743403923	0.058336757	0.0341657437	0.0052113902	-0.00428772	0.0109587	0.0163739	-0.00048112599999999996	0.00027154400000000003	-0.000353109
0.076160845	-0.0371000377	-0.0492336742	0.0436934951	0.0201879851	-0.0070448191	-0.0977985682	0.0740417477	0.0572280333	0.0319745538	0.002005593	-0.008172419999999998	0.0377318	0.0256075	9.988690000000001e-05	0.000259678	-0.000485619
0.07641490499999999	0.0344883838	0.0197811064	0.0062717774	0.1254065605	0.0032513013	-0.0708168184	0.0737356442	0.0560962492	0.0297543755	-0.0012034366	-0.008244029999999998	0.0229515	0.015606899999999996	-0.0005598080000000001	-0.0	-0.000373744
0.08380765999999999	-0.046036107400000005	-0.0379821273	-0.0072814792	-0.0152601999	-0.1021089068	-0.0706775987	0.0734221124	0.0549418609	0.0275072215	-0.0044105266	-0.011291500000000001	0.043995400000000004	0.0257755	8.96488e-05	0.00022962200000000002	-0.000485619
0.08825068999999999	0.0659462042	0.0213930675	0.0385041579	-0.0406501283	-0.0339767764	-0.0190040663	0.07310118389999999	0.0537653335	0.0252351292	-0.007610508399999999	-0.014530000000000001	0.00593215	0.0071755	-0.000377218	0.00021376200000000002	-0.00040136699999999997
0.028800499999999993	-0.0594606903	-0.0227613034	0.0096889629	0.0085737837	0.0242535552	-0.0781804437	0.0727728912	0.052567141100000006	0.0229401584	-0.0107982247	-0.010326799999999999	0.0288163	0.00764455	-0.000376802	0.000221345	-0.00041825
0.04100311	0.0515144085	0.0097132357	-0.0112937438	0.1047421305	0.0164998529	0.015364141	0.0724372672	0.0513477665	0.0206243899	-0.0139685379	-0.0114296	0.0151191	0.00530679	-0.00048088	0.000345993	-0.0006668310000000001
0.03138201	-0.0601520249	0.0007959474	-0.0470757965	0.0409943001	-0.05655008490000001	-0.042141955300000006	0.0720943458	0.050107701	0.0182899231	-0.0171163386	-0.0162847	0.027657	0.012409299999999998	-0.000577769	0.00033103	-0.000640953
0.04925278999999999	0.0360811649	0.0227852664	-0.0527443052	-0.0249292343	-0.0606489711	0.0301165525	0.0717441615	0.0488474444	0.0159388744	-0.0202365536	-0.012227	0.00704406	0.0160129	-0.0003401	0.000259362	-0.0007511869999999997
0.04516114	-0.0362618203	-0.015977497099999998	0.0233102036	-0.0945861203	-0.0340527444	-0.0648884429	0.0713867496	0.0475675045	0.0135733754	-0.0233241543	-0.016291	0.021895400000000002	0.016686699999999995	-0.000577769	0.00042490599999999996	-0.00064296
0.02425085	0.0607174889	-0.0210608476	0.0845726598	0.0025581712	0.0132062366	0.0008766939999999999	0.0710221462	0.046268397	0.0111955706	-0.0263741644	-0.016294299999999998	0.0102886	0.0143231	-0.000577769	0.000376704	-0.000485619
0.05995544	-0.0343753523	0.012869545	-0.015668814099999998	-0.0025498037	0.0558552667	0.0031107342	0.0706503878	0.0449506455	0.0088076158	-0.0293816684	-0.0163078	0.0308972	0.00845031	-0.0008604939999999997	0.00034636300000000003	-0.0008417639999999999
0.05324648999999999	0.0455943572	-0.007679758	-0.0349131924	0.0172251602	0.0390229968	0.0687557262	0.0702715121	0.0436147809	0.006411676	-0.0323418192	-0.0163032	0.0180784	0.00680392	-0.000217023	0.000412716	-0.000776054
0.04708133	-0.0513750321	0.0189550793	-0.0240013451	0.0730363983	0.015677507099999998	-0.0420025883	0.0698855571	0.0422613414	0.0040099232	-0.0352498461	-0.016295900000000002	0.0324412	0.013236600000000001	-0.000577769	0.00038828800000000003	-0.000635657
0.0579095	0.0569581694	-0.0525861316	-0.0343950776	0.0470011464	-0.05017236940000002	0.0305874179	0.06949256179999999	0.0408908726	0.001604535	-0.0381010623	-0.0163132	0.0240441	0.0350512	-0.00028508099999999996	0.000534602	-0.0007502649999999999
0.07496176999999997	-0.0254253483	0.0474073278	-0.0205295692	0.0064496658	-0.0031234307	-0.0037391352	0.0690925657	0.0395039266	-0.0008023078999999999	-0.0408908726	-0.016284299999999998	0.0102913	0.00863643	-0.0009058839999999999	0.000523448	-0.0006869160000000001
0.08560927	0.0519666703	-0.0551795409	0.0177244409	-0.0542563784	-0.0448967024	0.0853383309	0.0686856091	0.0381010623	-0.0032084234000000003	-0.0436147809	-0.0163003	0.017212900000000003	0.0350578	-0.00020103599999999998	0.000384587	-0.000485619
0.070355	0.0048851187	0.0644874755	0.0242384472	-0.0704810733	-0.0125065301	0.0283865971	0.068271733	0.0366828449	-0.0056116301	-0.046268397	-0.016298199999999995	0.010279000000000002	0.0072711	-0.0007004839999999999	0.000419554	-0.00066385
0.049612	0.0202022036	-0.0517857938	0.0084974389	-0.0643415892	0.0482046212	0.034142792000000005	0.0678509792	0.0352498461	-0.0080097493	-0.0488474444	-0.016289500000000002	0.0187412	0.019729	-0.000309798	0.00041480699999999995	-0.000485619
0.069076407	0.0160471996	0.0493014245	-0.026206773	-0.0360347894	0.045601073099999986	0.0416959796	0.06742339	0.0338026431	-0.0104006067	-0.0513477665	-0.0162961	0.0102884	-0.0008029069999999997	-0.000918393	0.0002217	-0.000485619
0.07909528700000001	0.0141062045	-0.0624769426	0.0033775740000000004	-0.0109060785	0.1053203536	0.0089138615	0.0669890084	0.0323418192	-0.0127820349	-0.0537653335	-0.013954200000000005	0.020324599999999998	0.0111601	1.2178599999999999e-05	0.000241955	-0.000629876
0.05998985	0.0164428563	0.0557281001	0.0093517649	0.0588516012	0.079419963	0.024121737	0.0665478783	0.030867963	-0.0151518747	-0.0560962492	-0.016298799999999995	0.00437947	-0.00241039	-0.000512514	0.000213868	-0.000639689
0.07255847	-0.0332057136	-0.0302140209	0.0009211096	0.047889348600000006	0.0387893055	0.0026938037	0.0661000441	0.0293816684	-0.0175079777	-0.058336757	-0.016304599999999995	0.0281671	0.0199819	-0.00013848	0.00031288599999999996	-0.000585286
0.08063924999999998	0.0065068211	0.0582932255	-0.0375348218	-0.0293078027	0.0190924661	0.0626763937	0.06564555080000001	0.0278835343	-0.0198482077	-0.060483246	-0.016329399999999997	-0.00413475	0.011058900000000002	-0.000574368	0.0004623780000000001	-0.000382874
0.08478004999999998	-0.017283532	-0.0281937189	-0.0051312176	-0.1108485009	-0.0114507377	0.0076512722999999986	0.0651844444	0.0263741644	-0.0221704431	-0.0625322567	-0.011465000000000001	0.0176719	0.0417584	-7.3718e-05	0.00046188	-0.00042991599999999997
0.08435085	0.0628840769	0.021370944500000003	0.07532274950000001	-0.03716423	0.0614135261	0.0103604584	0.0647167712	0.0248541669	-0.0244725786	-0.0644804868	-0.0162926	-0.00422697	0.00607062	-0.00041615900000000004	0.000421292	-0.000485619
0.03421075	-0.05898792	-0.0266982707	0.053588775	-0.0018012922	0.0961882119	-0.0391821826	0.0642425783	0.0233241543	-0.026752527	-0.0663247964	-0.0163113	0.0213946	0.0060891999999999995	-0.000246375	0.000422546	-0.000485619
0.04443378	0.047036330300000005	0.0163741076	0.06542649639999999	0.0860471836	0.0533013015	0.0535142611	0.0637619136	0.0217847431	-0.0290082213	-0.0680622132	-0.016314600000000002	0.0160052	-0.00408483	-0.000559049	0.000280758	-0.00036274
0.05238647	-0.0980787482	0.010538301399999998	-0.0877915116	0.0310303675	0.0035053193	0.0333890566	0.0632748254	0.0202365536	-0.0312376164	-0.06968993700000001	-0.016296999999999996	0.030044900000000006	0.00933764	-0.000396246	0.00049321	-0.000485619
0.04235259	0.051521551	0.0047623531	-0.0532475031	-0.0665805911	0.0022044234	0.1139093909	0.0627813628	0.0186802098	-0.0334386912	-0.0712053446	-0.012693200000000005	0.00290442	0.0112123	-0.00034316	0.000351623	-0.000485619
0.01314433	-0.0808992813	0.0467146053	-0.06667039129999999	-0.0183721465	0.0339195949	-0.0023886635	0.062281575599999986	0.0171163386	-0.035609450099999995	-0.0726059935	-0.0123575	0.0103369	0.0139001	-0.00038269	0.00036586	-0.000485619
0.060712056000000014	0.0501571441	-0.0508013013	-0.0401839454	0.0319832849	-0.0066541376	0.0970717266	0.061775514	0.0155455703	-0.037747925	-0.07388962639999999	-0.012251999999999999	-0.000479841	0.035242	7.863829999999998e-05	0.000344455	-0.000399394
0.08008233600000003	-0.0353293474	0.0987378735	-0.0583821831	0.0876085065	-0.0504570104	-0.0031673746999999995	0.0612632291	0.0139685379	-0.0398521774	-0.0750541746	-0.00768605	0.00906151	0.00864458	-0.000563364	0.00040378	-0.000485619
0.06736270000000001	0.0158408265	-0.0800656458	0.037461537	-0.0444841242	-0.1196149968	0.0503614417	0.0607447724	0.0123858767	-0.0419202993	-0.0760977612	-0.00334047	0.014327700000000004	0.0352445	-3.27888e-05	0.000311336	-0.00048562
0.08776969000000001	0.0070441888	0.0844626663	0.0941675772	-0.0282094011	-0.0042756268	0.0245462765	0.0602201963	0.0107982247	-0.0439504158	-0.0770187042	-0.0105734	-0.0035076	0.007770100000000001	-0.000505306	0.000543359	-0.000485619
0.06711378	-0.0480792915	-0.0528891354	0.007067823399999998	0.0302106222	0.0149120073	0.0381130163	0.0596895534	0.0092062214	-0.0459406864	-0.0778155195	-0.00493852	0.017163999999999995	0.024418900000000004	-0.000175933	0.000389562	-0.000485619
0.05478536	0.0486624037	0.0611045134	-0.0372641252	0.0668830836	0.0098564464	0.0530463534	0.0591528974	0.007610508399999999	-0.0478893067	-0.0784869228	-0.00386071	-0.00209871	0.00922611	-0.0004890319999999999	0.000317621	-0.00048562
0.05130331	-0.0526078253	-0.0348405475	-0.0116731006	-0.0107922402	-0.0477202679	0.0356386268	0.0586102822	0.0060117288	-0.0497945101	-0.0790318321	-0.00847202	0.013080000000000001	0.018673699999999998	-0.00018312799999999999	0.000453031	-0.00048562
0.04015061	0.0717784407	-0.0040433955	0.0873218671	-0.0570396768	0.0465258023	0.0353928059	0.0580617626	0.0044105266	-0.0516545692	-0.0794493692	-0.00853681	-0.00477147	0.010725100000000001	-0.000390172	0.000531702	-0.00048562
0.03540888	-0.033686218500000004	-0.0513047916	0.1363091573	0.0205932403	0.0603769193	-0.0325212659	0.0575073938	0.0028075473	-0.0534677978	-0.0797388611	-0.00204225	0.00906245	0.00433965	-0.000390172	0.000430915	-0.000412508
0.029841259999999994	0.0966772516	-0.0277251942	0.1187350704	0.0951920165	0.0725242164	0.046946713	0.0569472315	0.0012034366	-0.0552325519	-0.0798998413	-0.007827169999999998	-0.0016719	0.008205489999999998	-0.000390172	0.000275847	-0.000378453
0.06130959	-0.0583753673	-0.0182242936	0.0367941073	0.06886697259999999	0.045759937	-0.034477386400000004	0.05638133240000001	-0.000401159	-0.0569472315	-0.0799320503	-0.008831	0.0295488	0.0109235	-0.000750111	0.00033608199999999997	-0.00048562
0.03762484000000002	0.0453388046	-0.008286573	-0.0057559064	0.042063640599999993	-0.0359274929	0.055104044000000005	0.0558097533	-0.002005593	-0.0586102822	-0.0798354362	-0.00373636	0.0212463	0.0186396	-0.000520944	0.000294933	-0.000425704
0.02909351	-0.0687106432	0.0410021925	-0.0437805989	-0.0500380745	-0.0275883093	0.0187717105	0.0552325519	-0.0036092188	-0.0602201963	-0.0796101548	-0.00520477	0.0203403	0.00550955	-0.000750992	0.000325272	-0.00041431
0.060277139999999986	0.028141709700000003	-0.0256808942	0.0006094274	-0.0643992258	-0.0362224942	0.0853577731	0.0546497862	-0.0052113902	-0.061775514	-0.079256569	-0.00152278	0.0160392	0.0307952	-0.00030498099999999996	0.00034811900000000003	-0.00048562
0.03729004	-0.0352788294	0.0430133666	-0.0392251349	-0.0864530673	-0.0087034311	0.0161212646	0.0540615151	-0.0068114617	-0.0632748254	-0.0787752489	-0.00448069	0.00906927	0.0186081	-0.000573685	0.000313321	-0.00048562
0.044935372	0.038729691600000005	-0.0138570149	-0.030580517400000007	-0.0371484272	0.0014843682	0.0197257942	0.0534677978	-0.0084087885	-0.0647167712	-0.07816697	-0.000924688	0.0090409	0.030543900000000002	-0.000149744	0.000200853	-0.000433725
0.062742282	-0.0247083239	0.0164572871	-0.0078608805	-0.08851746490000001	0.0029650686	0.0096766897	0.052868694	-0.0100027269	-0.0661000441	-0.0774327128	-0.00394541	0.00908463	0.00845132	-0.000788763	0.000261644	-0.00048562
0.06184043	0.0255532945	-0.0420709059	-0.0259754026	0.0050734856	0.080061225	0.0634101543	0.0522642642	-0.0115926346	-0.06742339	-0.0765736605	0.00553349	-0.00467827	0.0132623	-0.00013749299999999998	0.00023716099999999997	-0.00048562
0.04846049	-0.0510347346	0.0264588408	0.0441995567	0.0525365275	0.0266705657	-0.0356657837	0.0516545692	-0.0131778711	-0.0686856091	-0.07559119780000001	-0.00332594	0.00636877	0.00863028	-0.000538627	0.00021853	-0.000426945
0.05804564	0.0323969686	-0.0578516212	-0.0338926927	0.0454233811	0.0495939393	0.0159599852	0.0510396705	-0.0147577975	-0.0698855571	-0.0744869079	0.00552753	0.00906162	0.0415499	-0.000368832	0.000175406	-0.00048562
0.07033003	-0.030103967	0.0644215988	0.0002854434	0.073738871	-0.0638320127	-0.0120118582	0.05041963	-0.0163317771	-0.0710221462	-0.0732625707	0.007548329999999998	0.009071700000000002	0.0156495	-0.0006663260000000001	0.00034835300000000003	-0.00010808600000000001
0.049411300000000005	0.0345463027	-0.0796378682	-0.0630798425	0.0296645541	-0.06945097360000001	0.0218784681	0.0497945101	-0.0178991758	-0.0720943458	-0.0719201593	0.0054479	-0.00197867	0.0220412	-0.000190927	0.00047015800000000003	-0.00010825799999999999
0.07916523999999997	-0.0113509627	0.099422221	-0.0033146481	-0.0057778223	-0.0632233902	0.0115984873	0.0491643739	-0.0194593619	-0.07310118389999999	-0.07046183730000001	0.0013790600000000005	-0.00639198	-0.00445339	-0.000727998	0.00036243800000000003	-0.00034723699999999997
0.06053966	-0.0353579799	-0.0744884192	-0.0031149193	-0.025542048	-0.051500672699999986	0.0322241732	0.0485292848	-0.0210117067	-0.0740417477	-0.06888995490000001	0.00549693	0.00320467	0.022234200000000003	-0.000364587	0.000333984	-0.000336351
0.07548687999999999	0.021947158900000003	0.097397017	-0.0152812598	-0.060249596900000014	-0.0761272762	0.0153143135	0.0478893067	-0.0225555848	-0.0749151845	-0.06720704549999999	-0.0049608000000000005	-0.0137399	0.00732822	-0.0009316839999999999	0.000390858	-0.000375952
0.08903066999999999	-0.0502587297	-0.0681376083	-0.0340566713	-0.1220724069	-0.0079496377	-0.0205665577	0.0472445043	-0.024090374	-0.0757207024	-0.06541582139999999	0.00551252	0.007393519999999998	0.0325701	-0.000335733	0.000360511	-0.000393295
0.049220859999999984	0.0682223951	0.0504865418	-0.009726787	-0.0730675873	0.0040807281	0.0398687956	0.046594942400000006	-0.0256154559	-0.07645757110000001	-0.0635191694	0.00548904	-0.00921316	0.017114899999999995	-0.000581438	0.000352334	-0.000304467
0.02673011	-0.0633337927	-0.0356094246	-0.0446505829	-0.0589254966	0.0982135503	-0.0473477346	0.0459406864	-0.0271302159	-0.0771251226	-0.0615201462	0.00550102	0.00468652	0.0100959	-0.000639479	0.000311519	-0.0003216
0.029143109999999993	0.073588926	-0.0036516811	0.014096256399999996	0.0857878069	0.0863338759	0.01103784	0.0452818024	-0.0286340436	-0.0777227516	-0.0594219737	-0.00293581	-0.00922081	0.0120387	-0.000580413	0.000315945	-0.000287969
0.06577292	-0.1098999221	-0.013241112	-0.0296174221	0.0986701446	-0.0474023212	-0.0487352542	0.044618356500000005	-0.0301263332	-0.0782499164	-0.0572280333	0.0054946000000000005	0.013595600000000001	0.0190864	-0.00081136	-0.0	-0.000290645
0.0542569	0.0683012773	-0.0376930927	-0.0770726573	0.0581931835	-0.0700237928	0.054233915300000005	0.0439504158	-0.0316064831	-0.0787061389	-0.0549418609	0.00548933	-0.00922428	0.0196993	-0.000509417	0.000285455	-0.000319624
0.0284758	-0.0427215787	0.0422179723	-0.021237222200000003	-0.0558311731	-0.0713088608	-0.0255354471	0.0432780475	-0.0330738971	-0.07909100570000001	-0.052567141100000006	0.0055358000000000004	-0.0037126	0.0171101	-0.000580413	0.00045503199999999996	-0.00048562
0.056497600000000016	0.0783234821	-0.0594854487	0.0656380155	-0.0691398104	-0.008127235699999999	0.005209982	0.0426013192	-0.0345279838	-0.0794041677	-0.050107701	0.00549236	-0.00921241	0.0307533	-0.00017272599999999995	0.000278761	-0.000323355
0.05256252	-0.025148056	0.055033171	0.0203034647	-0.0210427542	0.0497899226	-0.0091790073	0.0419202993	-0.0359681572	-0.079645341	-0.0475675045	0.00550275	-0.009172399999999999	-0.00228077	-0.0005281859999999999	0.000263561	-0.000304454
0.04915593	0.0418353821	-0.0738413538	-0.0071946589	0.0712244023	0.061276458	0.0399201451	0.0412350562	-0.0373938371	-0.0798143071	-0.0449506455	0.0055092	-0.00524494	0.021684000000000002	-0.000225228	0.000212	-0.00037508
0.05170381	0.014380523700000003	0.0828734726	0.0377091285	0.064418129	-0.0156687938	0.00367608	0.0405456591	-0.038804449	-0.0799109126	-0.0422613414	0.00771782	-0.00146365	0.00496675	-0.00070711	0.000292815	-0.000392316
0.05138059000000001	-0.0077583146	-0.06445873889999999	-0.017291195500000002	-0.0334811176	-0.0147805693	0.0277381079	0.0398521774	-0.0401994245	-0.07993507009999999	-0.0395039266	0.00189961	0.007720529999999998	0.017219099999999998	-0.00038580300000000015	0.00041550699999999996	-0.000430834
0.06663577000000001	0.0378363603	0.1011208806	0.0029326291	-0.0722297841	0.0013886974	0.0287460765	0.0391546809	-0.0415782013	-0.0798867576	-0.0366828449	0.00552466	-0.0137386	-0.00380329	-0.000730808	0.000396385	-0.000384377
0.06310476	-0.0431336473	-0.0475815056	0.0092581767	-0.0996415098	0.0568081718	-0.0134421375	0.038453239900000005	-0.0429402241	-0.0797660189	-0.0338026431	-0.00178958	-0.00911757	0.0172318	-0.000303113	0.000322635	-0.00048562
0.02946503	0.062789258	0.0266022429	-0.0300610237	0.0455129529	0.0845019935	0.0338075108	0.037747925	-0.0442849438	-0.0795729635	-0.030867963	0.00165421	-0.0151781	0.00415264	-0.000303113	0.000344422	-0.000369776
0.06366482	-0.0977626608	-0.014501599	-0.0295568671	0.1015342626	0.0183789363	-0.0464715541	0.037038807400000005	-0.0456118188	-0.0793077664	-0.0278835343	0.00105426	0.00700006	0.017159299999999995	-0.000641626	0.000241178	-0.00048562
0.033655689999999995	0.0688959679	-0.016299806	-0.0980000334	0.06648494469999999	-0.064012933	0.0164875781	0.0363259585	-0.0469203142	-0.0789706681	-0.0248541669	0.00551027	-0.00911837	0.017177200000000004	-0.000562157	0.00032183900000000003	-0.000384483
0.05608837	-0.0699436551	0.0592589054	-0.0443769794	-0.0487753189	-0.0787029892	0.0069156263	0.035609450099999995	-0.0482099028	-0.0785619741	-0.0217847431	-0.00434466	-0.0029896999999999996	-0.00090442	-0.0007655859999999997	0.00037412199999999995	-0.0005692340000000001
0.073771959	0.0599924956	-0.0584504984	-0.0026271762	-0.0519722374	-0.0439088281	-0.0111635778	0.0348893543	-0.0494800651	-0.078082055	-0.0186802098	0.0008435589999999999	-0.00911757	0.0334384	-0.000303113	0.000390296	-0.00048562
0.066869279	-0.0114032234	0.0384772216	0.14100539869999998	-0.0368319513	-0.0016518885	-0.0458826177	0.0341657437	-0.0507302891	-0.07753134589999999	-0.0155455703	-0.00212552	-0.00906623	-0.00693136	-0.000767247	0.000395744	-0.00048562
0.05536951	0.0500219138	-0.1155910072	0.13190951439999998	-0.0068098112	0.0507131296	-0.0218309167	0.0334386912	-0.051960071	-0.07691034599999999	-0.0123858767	0.00554873	-0.00909898	0.020095500000000002	-0.0005251219999999999	0.00029555	-0.000415226
0.11685165	0.0198931204	0.0505399901	0.1801783632	0.0508072025	0.0671231904	-0.0588000683	0.03270827	-0.0531689154	-0.0762196185	-0.0092062214	-0.00548711	0.00385508	-0.0218179	-0.00133646	0.000158315	-0.00048562
0.07119974000000001	-0.0008892014999999998	-0.094862338	0.0781976464	0.0549690918	0.0618253151	-0.0402113012	0.0319745538	-0.0543563352	-0.0754597894	-0.0060117288	-0.007522369999999999	0.025321299999999998	-0.00641084	-0.000715229	0.000182908	-0.00048562
0.08995579	0.0067247845	0.07576074099999999	0.0935496823	0.0899703273	0.0130313401	-0.0650242188	0.0312376164	-0.0555218517	-0.0746315476	-0.0028075473	-0.00378599	0.016850099999999996	-0.030008099999999996	-0.00148169	-0.0	-0.00035197
0.11135641	-0.0524613545	-0.06393269389999999	0.009690349	0.0209166665	-0.0094118607	-0.0136602405	0.0304975321	-0.0566649955	-0.0737356442	0.000401159	0.00556048	0.0340327	0.00308364	-0.000671517	0.00020891	-0.00036759900000000003
0.06097320500000001	0.035780798	0.0941139492	-0.0950013449	-0.0485063467	-0.0459555561	0.0165715145	0.0297543755	-0.0577853059	-0.0727728912	0.0036092188	-0.000847775	0.013315100000000002	-0.00640141	-0.00103655	0.000288533	-0.00041018900000000004
0.069691325	-0.0470655917	-0.0404588709	-0.1233077451	-0.0911527353	-0.0214643839	-0.009314534	0.0290082213	-0.0588823313	-0.0717441615	0.0068114617	0.00557584	0.0265024	0.0115208	-0.000487577	0.000307293	-0.00048562
0.08422538000000003	0.0681545527	0.0594636664	-0.0263003811	-0.0743134958	0.028684059700000007	0.0105599344	0.0282591448	-0.059955629800000014	-0.0706503878	0.0100027269	-0.00338464	0.00090288	-0.00644608	-0.0008272499999999998	0.00035684199999999996	-0.000730368
0.04894696	-0.0585068481	-0.0460301887	-0.0541022711	-0.1034999775	0.08486396880000001	-0.03292093	0.0275072215	-0.061004769	-0.06949256179999999	0.0131778711	-0.0105344	0.0167887	0.010539299999999998	-0.000678641	0.0003597	-0.000703315
0.04485747	0.0731003186	0.0543732598	-0.0250334114	-0.0147835546	0.0445023312	0.0311017883	0.026752527	-0.0620293259	-0.068271733	0.0163317771	-0.010567100000000001	0.00249946	0.00176412	-0.0008684539999999997	0.000332001	-0.00048562
0.03931567	-0.100820172	-0.032471133199999995	-0.030247391600000006	-0.0440848593	0.0881500117	-0.0697908638	0.0259951375	-0.0630288878	-0.0669890084	0.0194593619	0.00118221	0.016819999999999998	0.00552464	-0.0008691229999999999	0.000455282	-0.000551376
0.031633642999999996	0.0753989969	-0.0077663672	-0.0361075909	0.0104526561	0.0281740805	0.0042059997	0.0252351292	-0.06400305190000001	-0.06564555080000001	0.0225555848	0.000944007	0.00065332	0.00254248	-0.000734313	0.000410916	-0.00048562
0.037325893	-0.064146286	-0.014132525	-0.0091990617	0.0080669487	0.0934233303	-0.0810409326	0.0244725786	-0.06495142570000001	-0.0642425783	0.0256154559	0.00380695	0.00135572	-0.00649352	-0.00119529	0.000377402	-0.00048562
0.05259162000000001	0.0837761473	-0.0205173759	0.0248476991	0.0526893114	0.051628152	0.0125676441	0.0237075627	-0.065873627	-0.0627813628	0.0286340436	-0.00443526	-0.00155999	0.00551333	-0.0007696759999999997	0.000310494	-0.000581635
0.031414185000000004	-0.0871099508	0.0108814002	-0.0189310528	0.0762456346	0.0818961705	-0.0606881188	0.0229401584	-0.0667692842	-0.0612632291	0.0316064831	-0.0008432049999999998	0.00253633	0.00931899	-0.000927835	0.00035077400000000004	-0.000381671
0.029793765000000007	0.0663719395	-0.017701252	-0.0679124075	0.082459356	-0.0399411465	-0.0100569572	0.0221704431	-0.0676380363	-0.0596895534	0.0345279838	-0.00189326	-0.00156372	0.0194576	-0.0006622889999999999	0.000374084	-0.00038291599999999996
0.032818049999999994	-0.0798165587	0.0512237096	-0.05301697440000002	0.027594068	-0.0464859655	-0.0325349937	0.0213984944	-0.0684795334	-0.0580617626	0.0373938371	-0.00119913	0.00246819	0.00773024	-0.000981006	0.000372418	-0.00037600599999999996
0.04586078	0.0488026857	-0.0317905325	-0.1176687405	0.0202133098	-0.0864680578	0.0157328048	0.0206243899	-0.0692934363	-0.05638133240000001	0.0401994245	0.00348384	0.00401369	0.022964599999999998	-0.0007777049999999997	0.000478123	-0.000554959
0.028530599	-0.0745149336	0.0723102818	0.0026119449	-0.082142845	-0.1047485835	-0.0213222213	0.0198482077	-0.0700794171	-0.0546497862	0.0429402241	0.000532071	-0.00154145	0.00968706	-0.000832513	0.000512037	-0.00060116
0.038434377	0.0740014901	-0.0731565134	0.0034228718	-0.0432829123	-0.0596105429	-0.0100089933	0.019070026	-0.07083715900000001	-0.052868694	0.0456118188	0.000566828	-0.00455628	0.023341499999999998	-0.00055675	0.00044938599999999997	-0.0005049669999999999
0.07267959400000001	-0.0498546712	0.1069929319	0.0012508917	0.001107221	0.011202268799999998	-0.0372664213	0.0182899231	-0.0715663568	-0.0510396705	0.0482099028	0.000914232	-0.0116628	-0.00416257	-0.00125635	0.000425213	-0.0004743080000000001
0.075435217	0.0227539892	-0.0834811063	-0.0216940532	0.0451611917	-0.0142965255	-0.045844404500000005	0.0175079777	-0.07226671650000001	-0.0491643739	0.0507302891	0.011686	-0.000632771	0.010078299999999998	-0.0005722980000000001	0.00035061	-0.00044511199999999995
0.07525303900000001	-0.004051137	0.084905065	0.0122471193	0.059125273	-0.0630460959	-0.0986016518	0.016724268400000002	-0.072937956	-0.0472445043	0.0531689154	-0.00135327	-0.013473700000000005	-0.00212564	-0.00109854	0.0005297559999999999	-0.00048310199999999996
0.06653364100000002	-0.017884250900000002	-0.053199769800000005	-0.0291935326	-0.0052806953	-0.0674476242	0.0184112109	0.0159388744	-0.07357980480000001	-0.0452818024	0.0555218517	0.000919711	0.00177642	0.0194549	-0.0007199610000000001	0.000631888	-0.000550991
0.073642789	0.0034830884	0.0930607003	-0.0079227461	-0.0332977935	-0.0570815543	0.003743311	0.0151518747	-0.0741920043	-0.0432780475	0.0577853059	0.00211049	-0.018308	0.00128326	-0.00117823	0.00043927	-0.000584023
0.06190888	-0.0241728218	-0.0557548772	0.0372944445	-0.0692354068	-0.033336932400000005	-0.044515722300000005	0.0143633485	-0.0747743077	-0.0412350562	0.059955629800000014	0.00143663	-0.00526177	0.0335883	-0.0009124739999999999	0.000433483	-0.000537891
0.05465627	0.0210832371	0.031279902400000004	0.0425122507	0.018492654	0.0652646189	-0.0467970065	0.0135733754	-0.0753264804	-0.0391546809	0.0620293259	0.0018721	-0.0137224	0.00322568	-0.00110241	0.000386247	-0.00060867
0.0616779	-0.0152014886	-0.0483875521	0.060304081900000014	0.1055541476	-0.0560103802	-0.0551976136	0.0127820349	-0.07584830000000001	-0.037038807400000005	0.06400305190000001	0.00575315	0.00824738	0.019500999999999998	-0.000785874	0.00034331	-0.000577108
0.08169948099999999	0.0595416237	0.0470279925	0.0950197149	0.0627242888	-0.0422723113	-0.0434419724	0.0119894067	-0.0763395561	-0.0348893543	0.065873627	-0.00149553	0.000572079	-0.0205247	-0.00115632	0.00036249599999999997	-0.0007224719999999999
0.07450457799999999	-0.0561954526	-0.0695140784	0.032789039900000004	0.0034505917	-0.0370599823	-0.0618980031	0.0111955706	-0.0768000508	-0.03270827	0.0676380363	0.000110797	0.011698600000000005	0.00702148	-0.000635613	0.000423321	-0.000619493
0.06822563699999999	0.06582572190000001	0.0400477633	0.0944532218	-0.0540832657	0.0089798248	0.016277211399999998	0.0104006067	-0.0772295986	-0.0304975321	0.0692934363	-0.00191452	-0.00198529	-0.0147817	-0.00112876	0.00047386199999999997	-0.000548916
0.06679098	-0.0862196825	-0.0373472875	0.0106738825	-0.0196475106	0.0595114883	-0.0548009957	0.0096045951	-0.0776280263	-0.0282591448	0.07083715900000001	0.0018545999999999999	0.010706700000000001	0.00994257	-0.000817443	0.00040730800000000016	-0.000683157
0.05228293	0.0546810406	0.0486862333	-0.0250306433	0.0082993488	0.0523284794	0.0280459135	0.0088076158	-0.07799517339999999	-0.0259951375	0.07226671650000001	-0.00108189	-0.01166	-0.00297332	-0.0009508730000000001	0.000535535	-0.000663537
0.038777668	-0.1086073406	-0.0058973391	-0.0778179243	0.0596237692	0.0459751751	-0.0177806272	0.0080097493	-0.078330892	-0.0237075627	0.07357980480000001	-0.00045380199999999995	0.00293647	0.00473664	-0.00078089	0.000425343	-0.000700225
0.037095728	0.1088612157	0.0004516232	-0.07050125780000001	0.047962572300000006	0.024777331	-0.0341457515	0.0072110759	-0.0786350467	-0.0213984944	0.0747743077	-0.00440067	-0.011786	-0.0029966999999999997	-0.0009221489999999999	0.000495782	-0.0006980619999999999
0.039995253	-0.094862442	0.0246040152	-0.045734465300000006	0.099518245	0.0165199714	-0.0654387803	0.006411676	-0.07890751509999999	-0.019070026	0.07584830000000001	-0.000600127	0.00268506	0.010598	-0.0008294729999999997	0.000483515	-0.0007556979999999999
0.04709892299999999	0.08013991	-0.056748955199999986	-0.0383268591	0.070283525	-0.0965492242	-0.0021351322	0.0056116301	-0.0791481873	-0.016724268400000002	0.0768000508	-0.00181517	-0.007375569999999999	0.0272442	-0.0005676559999999999	0.00042771599999999997	-0.0006897730000000001
0.07916254900000001	-0.047988343	0.05570512440000002	-0.045868079000000006	0.0076157066	-0.0337015177	0.0012176804	0.004811019000000001	-0.07935696639999999	-0.0143633485	0.0776280263	-0.0007783839999999999	-0.018169499999999998	-0.0008443329999999997	-0.00116408	0.00054395	-0.000617565
0.06345937900000001	0.0646585638	-0.060147212	-0.0080919155	-0.0247200196	-0.1070007255	-0.012958598899999998	0.0040099232	-0.0795337681	-0.0119894067	0.078330892	-0.00218483	-0.010729700000000002	0.0215991	-0.000600865	0.000540543	-0.000694337
0.06599722999999999	-0.043544772	0.0722836437	0.0769907712	-0.0559728887	-0.0713337249	-0.0420383948	0.0032084234000000003	-0.0796785214	-0.0096045951	0.07890751509999999	-0.00222886	-0.013824000000000001	-0.00577425	-0.00118648	0.000481414	-0.00062937
0.07848033	0.0268473049	-0.0858867485	0.0505353357	-0.0812662604	-0.08691063119999999	-0.0106059066	0.0024066004	-0.0797911678	-0.0072110759	0.07935696639999999	-0.00436839	0.0037479999999999996	0.0222362	-0.0007802609999999998	0.00052795	-0.000791782
0.08013922700000001	-0.001919447	0.1008037819	0.033735603	-0.047979533	-0.031037147200000007	-0.0291064122	0.001604535	-0.0798716619	-0.004811019000000001	0.0796785214	-0.00187126	-0.0181822	0.000500653	-0.00120892	0.0007479539999999999	-0.000822646
0.07520676700000001	-0.0230558466	-0.06852891480000001	-0.0066087885	-0.0600030017	-0.0096033306	0.030890417000000007	0.0008023078999999999	-0.0799199714	-0.0024066004	0.0798716619	-0.00435293	-0.0046184	0.0260582	-0.000590631	0.000769696	-0.0008546899999999999
0.07670381999999999	0.0391850235	0.0942737647	0.0138613069	-0.0360265117	0.0095221757	0.0144266036	0.0	-0.0799360767	-0.0	0.0799360767	-0.00433607	-0.0219416	-0.00754641	-0.0009688110000000001	0.000686347	-0.000908344
0.05392619	-0.0767375373	-0.06968803280000001	0.017983095600000002	-0.0594853366	0.0879175778	0.06471947480000001	-0.0008023078999999999	-0.0799199714	0.0024066004	0.0798716619	-0.01299	-0.012828899999999999	0.00465615	-0.000667324	0.0008639999999999998	-0.000908344
0.04258676	0.0322858801	0.0350408521	0.0167638968	0.0075674488	0.06669685780000001	0.0826387888	-0.001604535	-0.0798716619	0.004811019000000001	0.0796785214	-0.020799099999999997	-0.0181826	-0.00442576	-0.000978871	0.0007687059999999998	-0.000908344
0.019539599999999997	-0.076160542	-0.045243661	-0.0141141221	-0.0037344218	0.0152550132	0.1111386392	-0.0024066004	-0.0797911678	0.0072110759	0.07935696639999999	-0.017225	-0.0181703	-0.00197236	-0.00104785	0.000826007	-0.00105206
0.01598670999999999	0.0656883711	0.0081847658	0.0117245419	0.0586578822	0.0206041624	0.068399509	-0.0032084234000000003	-0.0796785214	0.0096045951	0.07890751509999999	-0.017576999999999995	-0.0182015	-0.00748182	-0.00092836	0.0007687059999999998	-0.00102697
0.02015024	-0.0950383713	-0.0038863663	0.0165781419	0.0919869806	-0.0012702152	0.1607505809	-0.0040099232	-0.0795337681	0.0119894067	0.078330892	-0.0287945	-0.0182103	-0.00939361	-0.000847787	0.0007687059999999998	-0.00108664
0.031628980000000015	0.07177406389999999	-0.0425597251	0.0190086908	0.0927976683	-0.0611875505	0.0603526324	-0.004811019000000001	-0.07935696639999999	0.0143633485	0.0776280263	-0.0263187	-0.018211900000000003	0.00746357	-0.0008148389999999999	0.0008835699999999998	-0.000988564
0.06440834000000001	-0.0642507514	0.0253264199	0.0403877297	0.0548409345	-0.052479295	0.0993814418	-0.0056116301	-0.0791481873	0.016724268400000002	0.0768000508	-0.0176707	-0.00531079	-0.00560961	-0.00122439	0.0007687059999999998	-0.00105987
0.06071147	0.0391207132	-0.06569258110000001	0.0234058589	-0.0081632864	-0.0842251873	0.050466439	-0.006411676	-0.07890751509999999	0.019070026	0.07584830000000001	-0.023181099999999996	-0.009518500000000001	0.016272499999999995	-0.0008456269999999999	0.0008333919999999999	-0.0009210939999999999
0.05191750999999999	-0.0442708345	0.0632983129	0.1343035379	-0.036738763	-0.0590278288	0.0818302831	-0.0072110759	-0.0786350467	0.0213984944	0.0747743077	-0.0231407	-0.00209254	-0.017932199999999995	-0.000917869	0.0008921939999999998	-0.000994979
0.035349530000000004	-0.0101509941	-0.0786829292	0.08569483859999999	0.000799436	-0.0264801263	0.0614815255	-0.0080097493	-0.078330892	0.0237075627	0.07357980480000001	-0.0173553	-0.00420847	-0.0093145	-0.000756078	0.0007687059999999998	-0.00108631
0.061962229999999986	0.005321966899999999	0.0475653379	0.032074975	0.0314493634	0.0103627264	0.0975875912	-0.0088076158	-0.07799517339999999	0.0259951375	0.07226671650000001	-0.0204304	-0.013246700000000002	-0.028441200000000007	-0.00125462	0.0008230079999999999	-0.00114791
0.06426347	0.0027318993	-0.072269768	0.0044185573	0.050270601	0.0309636993	0.0642284779	-0.0096045951	-0.0776280263	0.0282591448	0.07083715900000001	-0.0231607	0.00195915	-0.00276713	-0.000951557	0.0007687059999999998	-0.00109221
0.04650362	0.0334814805	0.0742081813	0.0128209084	0.0539482601	-0.0461494249	0.0583621745	-0.0104006067	-0.0772295986	0.0304975321	0.0692934363	-0.0187493	-0.00376945	-0.018438200000000002	-0.0012615800000000006	0.000768707	-0.000988383
0.04844428000000001	-0.0404233732	-0.0651390013	-0.0415134248	-0.0417929092	-0.0341556013	0.0226106995	-0.0111955706	-0.0768000508	0.03270827	0.0676380363	-0.0195389	-0.00029136	0.00265879	-0.000866945	0.000768707	-0.00105534
0.05934724000000001	0.0698970459	0.0438705141	0.047564577	-0.077203274	-0.0209162904	0.005370514399999999	-0.0119894067	-0.0763395561	0.0348893543	0.065873627	-0.018826	0.00460124	-0.0172613	-0.00134664	0.00063389	-0.000993419
0.035342908000000006	-0.0711280331	-0.032808972900000004	0.0244196922	-0.0919173208	0.072730435	0.0366374885	-0.0127820349	-0.07584830000000001	0.037038807400000005	0.06400305190000001	-0.013119899999999999	-0.000113018	-0.0209313	-0.0011032	0.000768707	-0.000946625
0.027536232000000008	0.075811605	0.0106326931	-0.0147533726	-0.0051144455	0.0774600355	0.0292523154	-0.0135733754	-0.0753264804	0.0391546809	0.0620293259	-0.0193498	-0.018131900000000003	-0.0209453	-0.00115627	0.000768707	-0.000934226
0.055727281	-0.1048868168	0.0348612562	-0.0311533627	0.0761155521	0.0508037137	0.05797039599999999	-0.0143633485	-0.0747743077	0.0412350562	0.059955629800000014	-0.0151067	-0.00535519	-0.000406679	-0.00103209	0.0006803839999999999	-0.0010850999999999999
0.039347669000000016	0.0668787061	-0.0362818065	-0.0927112535	0.058837807	-0.0450325026	0.0264484094	-0.0151518747	-0.0741920043	0.0432780475	0.0577853059	-0.016272799999999997	-0.008354979999999998	0.013878799999999998	-0.000763687	0.000768707	-0.0010239
0.041836380000000006	-0.0563628346	0.0564993009	-0.0245832733	-0.0428453723	-0.0454206777	0.0594786886	-0.0159388744	-0.07357980480000001	0.0452818024	0.0555218517	-0.0183605	-0.018127200000000003	-0.00664216	-0.000902557	0.000768707	-0.00107414
0.05413181	0.0650616666	-0.058277317	0.0007192130999999999	-0.0977077328	-0.0992801907	-0.0163716775	-0.016724268400000002	-0.072937956	0.0472445043	0.0531689154	-0.0231602	-0.01822	0.0159889	-0.000373972	0.000768707	-0.00107772
0.061550699999999986	-0.0095338225	0.0915972552	0.050979168	-0.0801970353	0.0198322334	-0.0130235856	-0.0175079777	-0.07226671650000001	0.0491643739	0.0507302891	-0.019950799999999998	-0.0181984	-0.027674200000000003	-0.000435709	0.000826397	-0.000904015
0.06943985	0.0010703383	-0.08035016099999999	-0.0203301025	-0.1103450669	0.032819052	-0.032878390800000004	-0.0182899231	-0.0715663568	0.0510396705	0.0482099028	-0.0116941	-0.0144648	0.0174326	-0.000397669	0.000768707	-0.00105514
0.07715620000000001	0.0103243715	0.0829604912	0.0213047017	-0.0106933129	0.0707980531	-0.0123956118	-0.019070026	-0.07083715900000001	0.052868694	0.0456118188	-0.012854399999999998	-0.0181668	-0.0183624	-0.000930477	0.000941387	-0.00107963
0.05451635000000001	-0.0198365033	-0.0818454705	-0.029100069300000007	-0.0345985189	0.1325897309	0.0417787166	-0.0198482077	-0.0700794171	0.0546497862	0.0429402241	-0.016381899999999998	-0.0132672	0.0125588	-0.000666055	0.000920038	-0.00109722
0.04556075	0.049467689	0.0754708147	-0.0117161348	0.012576872	0.1300897084	-0.017136696899999998	-0.0206243899	-0.0692934363	0.05638133240000001	0.0401994245	-0.0231228	-0.0181849	-0.0072146	-0.0008113369999999998	0.000989571	-0.00116498
0.02276652	-0.0397740851	-0.0703454825	-0.0055440187	-0.0131940331	0.0905255515	-0.035403008	-0.0213984944	-0.0684795334	0.0580617626	0.0373938371	-0.023127099999999998	-0.00565108	-0.00722685	-0.0009223390000000002	0.00091363	-0.0011476
0.03399957	0.1037753017	-0.0029716784000000003	-0.0414383738	0.0210522918	0.1018500687	-0.0669720055	-0.0221704431	-0.0676380363	0.0596895534	0.0345279838	-0.0231722	-0.0181582	-0.007209649999999998	-0.0008434019999999999	0.000768707	-0.000942857
0.013596529999999996	-0.0307334217	-0.0154657324	-0.0075414507	-0.0014474966	0.0541356091	-0.015845628100000002	-0.0229401584	-0.0667692842	0.0612632291	0.0316064831	-0.023165400000000003	-0.018127599999999997	-0.00450247	-0.00101486	0.000768707	-0.0009884380000000001
0.009613929999999994	0.0419248221	0.039462972	-0.019680924	0.0155068442	0.112683644	-0.0634221419	-0.0237075627	-0.065873627	0.0627813628	0.0286340436	-0.023187400000000004	-0.0181581	-0.00456425	-0.000932219	0.000688259	-0.0009615340000000002
0.036738860000000005	-0.06679883219999999	-0.0267925261	-0.0310791382	0.0427212765	0.0512488264	0.004602713	-0.0244725786	-0.06495142570000001	0.0642425783	0.0256154559	-0.0172795	-0.014074799999999997	0.00640691	-0.0007459139999999998	0.0006626480000000001	-0.0008579199999999998
0.0319084	0.0668104018	0.045307693200000006	-0.064437126	0.015841509	0.0425513037	-0.022757162200000004	-0.0252351292	-0.06400305190000001	0.06564555080000001	0.0225555848	-0.0210988	-0.0229171	-0.00196764	-0.0007755969999999999	0.000768707	-0.0009396230000000002
0.02526621	-0.0720346582	-0.0230439119	-0.0347496099	0.0394732411	0.0601255867	-0.0430402665	-0.0259951375	-0.0630288878	0.0669890084	0.0194593619	-0.014643799999999997	-0.0181662	0.007670719999999998	-0.0007882479999999999	0.00070666	-0.0009258819999999999
0.015246539999999994	0.0958890146	-0.003964281	-0.0313243186	0.0361376823	0.0164906959	-0.0509322343	-0.026752527	-0.0620293259	0.068271733	0.0163317771	-0.015697799999999998	-0.0224892	0.00585348	-0.0007561919999999999	0.000655878	-0.00100409
0.04296479	-0.08833700109999999	0.0274601314	-0.0451107827	0.0417345524	-0.019159071	-0.0035720822	-0.0275072215	-0.061004769	0.06949256179999999	0.0131778711	-0.0174856	-0.013365299999999998	-0.007239009999999999	-0.000980256	0.0007687059999999998	-0.00104641
0.03237947	0.0916550881	-0.0324918386	-0.0673671214	-0.0131473855	-0.0057930184	-0.06250458769999999	-0.0282591448	-0.059955629800000014	0.0706503878	0.0100027269	-0.0157378	-0.0152066	0.00187191	-0.00068824	0.0007687059999999998	-0.000944837
0.03056883	-0.0613890337	0.0235804236	-0.0506095653	0.0083349811	-0.0200392071	-0.023777826600000003	-0.0290082213	-0.0588823313	0.0717441615	0.0068114617	-0.023180000000000003	-0.018158	-0.00721187	-0.0007682579999999999	0.000847703	-0.000882023
0.03128182	0.061310285599999986	-0.03239726	-0.044821457300000006	0.0264913373	-0.054338211	-0.0705237791	-0.0297543755	-0.0577853059	0.0727728912	0.0036092188	-0.023192700000000004	-0.0181821	0.0142119	-0.000661795	0.000768707	-0.0008929889999999998
0.0529466	-0.0728353239	0.0793016908	-0.0028365576	-0.0033214334	-0.0600167984	0.017043453899999998	-0.0304975321	-0.0566649955	0.0737356442	0.000401159	-0.0154399	-0.0245325	-0.0076447	-0.0008731299999999997	0.000768707	-0.00102139
0.061479499999999986	0.0491376124	-0.0835705402	-0.0905645001	-0.0044886834	-0.0710541168	0.0432254395	-0.0312376164	-0.0555218517	0.0746315476	-0.0028075473	-0.0169009	-0.0241416	0.02598540000000001	-0.0007692829999999997	0.00106192	-0.00114428
0.05885334	-0.007990804399999999	0.0826941901	0.0186461183	-0.0710568582	-0.0381325422	0.0045779872	-0.0319745538	-0.0543563352	0.0754597894	-0.0060117288	-0.0175921	-0.0315557	-0.00163379	-0.0010548100000000002	0.00100922	-0.00101993
0.04852873999999999	0.0289311333	-0.08588367029999999	-0.0021199849	-0.1143513594	-0.0637457933	-0.0105829616	-0.03270827	-0.0531689154	0.0762196185	-0.0092062214	-0.012123299999999998	-0.027581	0.011789	-0.00067846	0.000968021	-0.00111563
0.05556565	0.0276922601	0.1198139962	0.0803076736	-0.059727762699999985	-0.0364535723	-0.023408574900000003	-0.0334386912	-0.051960071	0.07691034599999999	-0.0123858767	-0.014362399999999999	-0.0237166	-0.013646700000000001	-0.000996902	0.000842834	-0.00115253
0.05527135	-0.0230700462	-0.1063578721	0.012154941	-0.0365315472	0.0584373191	-0.043647062	-0.0341657437	-0.0507302891	0.07753134589999999	-0.0155455703	-0.0108135	-0.0181946	0.0107999	-0.0007118819999999999	0.000768707	-0.0010765999999999998
0.07584005	0.0729478663	0.0677759382	0.0406888007	0.0565167755	0.0659732615	-0.0664135003	-0.0348893543	-0.0494800651	0.078082055	-0.0186802098	-0.018793200000000003	-0.0181164	-0.012279300000000005	-0.0012788700000000005	0.000948345	-0.000929167
0.059440420000000015	-0.0408251573	-0.0711175104	-0.0198927169	0.0226569174	0.0489551458	-0.0482012093	-0.035609450099999995	-0.0482099028	0.0785619741	-0.0217847431	-0.0163123	-0.00945427	0.00281439	-0.0008750569999999999	0.000768707	-0.0010097900000000002
0.032604270000000005	0.0856962109	0.045500471	-0.027737112400000003	0.0068433594	0.0052416363	-0.08998368779999999	-0.0363259585	-0.0469203142	0.0789706681	-0.0248541669	-0.0180368	-0.0181639	-0.012459200000000002	-0.0008750569999999999	0.000827158	-0.00108927
0.00871884999999999	-0.08778064470000001	-0.0134736906	-0.008135530699999999	-0.0983051501	-0.0117746975	0.0213093864	-0.037038807400000005	-0.0456118188	0.0793077664	-0.0278835343	-0.020156200000000003	-0.015707099999999998	-0.0114773	-0.00086846	0.0008326360000000001	-0.00114041
0.022732184	0.0977644303	0.0105367871	-0.016082901599999998	-0.0859168424	0.0265071426	-0.0405287015	-0.037747925	-0.0442849438	0.0795729635	-0.030867963	-0.017605900000000004	-0.0182048	0.000653784	-0.000779595	0.0008235089999999999	-0.00115348
0.025532463999999998	-0.1085322228	0.015505608999999997	-0.036881764	-0.0101814149	0.0399198669	0.0268618321	-0.038453239900000005	-0.0429402241	0.0797660189	-0.0338026431	-0.0157385	-0.0146124	-0.00630998	-0.0009635510000000002	0.000768707	-0.00113006
0.05783473	0.0643644661	-0.0364975063	-0.037423296	0.0529413063	0.0111967463	-0.0134377504	-0.0391546809	-0.0415782013	0.0798867576	-0.0366828449	-0.017514499999999995	-0.020931400000000003	0.017757499999999996	-0.000672635	0.000900266	-0.00122103
0.08197669999999997	-0.0622020448	0.0533976887	0.0133163084	0.0719718282	-0.0578050095	0.0073686864	-0.0398521774	-0.0401994245	0.07993507009999999	-0.0395039266	-0.0183617	-0.0133834	-0.0151528	-0.00120043	0.000768707	-0.00106696
0.09404429599999996	0.0473682159	-0.0834989703	-0.0184885884	0.0194182481	-0.1006228118	0.0349352744	-0.0405456591	-0.038804449	0.0799109126	-0.0422613414	-0.020205200000000003	-0.000377204	0.0105935	-0.00045561099999999997	0.0008960339999999998	-0.00126378
0.083069796	-0.0059466085	0.0847479085	0.0745723575	-0.0521219992	-0.0843850767	-0.027118989	-0.0412350562	-0.0373938371	0.0798143071	-0.0449506455	-0.0210444	-0.0180887	-0.0221953	-0.00085251	0.000768707	-0.00137416
0.05701131000000001	-0.0097852527	-0.0795663313	0.0955638438	-0.0429510334	-0.046964901	-0.0183497475	-0.0419202993	-0.0359681572	0.079645341	-0.0475675045	-0.0231385	-0.018134	0.00560076	-0.0005189330000000001	0.000768707	-0.00116622
0.060074160000000015	0.031713823700000005	0.07483238589999999	0.0603738921	-0.0658582207	0.0283035185	-0.0204976219	-0.0426013192	-0.0345279838	0.0794041677	-0.050107701	-0.0186501	-0.0231922	-0.0286686	-0.0008210869999999999	0.000768707	-0.00118923
0.06013025	-0.0387943471	-0.0709603624	0.008945596	-0.0272198222	0.07116465599999999	-0.0523799139	-0.0432780475	-0.0330738971	0.07909100570000001	-0.052567141100000006	-0.0184858	-0.014780100000000001	0.007327099999999999	-0.0007513369999999999	0.00089777	-0.00107688
0.06355830000000001	0.048279393	0.0684788793	0.0219769519	0.0127986255	0.0633466992	-0.0447431489	-0.0439504158	-0.0316064831	0.0787061389	-0.0549418609	-0.0122448	-0.020819099999999997	-0.026148400000000002	-0.0008817	0.000768707	-0.00117351
0.04982439499999999	-0.07932222929999999	-0.0443767367	-0.0370313333	-1.24413e-05	0.0843516978	0.0150282286	-0.044618356500000005	-0.0301263332	0.0782499164	-0.0572280333	-0.00996261	-0.0107334	0.000170405	-0.000969536	0.0008407249999999997	-0.00111061
0.031811095	0.0975663186	0.0172502501	-0.0310887398	0.052559432	0.0715728888	-0.0149514729	-0.0452818024	-0.0286340436	0.0777227516	-0.0594219737	-0.0165755	-0.014507299999999997	-0.009141850000000002	-0.0008543839999999999	0.0007182860000000001	-0.00110596
0.03249942	-0.0900631288	-0.0305686652	0.007836483299999999	0.0454311637	0.0556328981	-0.007260507199999999	-0.0459406864	-0.0271302159	0.0771251226	-0.0615201462	-0.013338	-0.00968949	-0.00918496	-0.00107594	0.000768707	-0.0008899169999999998
0.01530167	0.090337033	-0.0218976175	0.0050068895	0.0486799593	0.0197633116	-0.0240037827	-0.046594942400000006	-0.0256154559	0.07645757110000001	-0.0635191694	-0.0157045	-0.013449299999999999	-0.00917975	-0.000976135	0.000768707	-0.0009735150000000002
0.02461813999999999	-0.0842520836	0.0205836752	0.0025666976	0.0268806908	0.0219459217	-0.0130104251	-0.0472445043	-0.024090374	0.0757207024	-0.06541582139999999	-0.0194649	-0.00508841	-0.009169900000000002	-0.00112967	0.000768707	-0.00106972
0.03963371000000001	0.0769799506	-0.056041891	0.0083805671	0.0507290614	-0.0378361427	-0.0689296133	-0.0478893067	-0.0225555848	0.0749151845	-0.06720704549999999	-0.018684400000000004	-0.00378027	0.00522477	-0.000853604	0.0009040090000000002	-0.00112136
0.05591932	-0.0531309888	0.0630448282	0.0210093868	0.0356301623	-0.0104791646	0.0122343319	-0.0485292848	-0.0210117067	0.0740417477	-0.06888995490000001	-0.0231148	-0.00693399	-0.00920093	-0.00142763	0.000947173	-0.0010603600000000002
0.06212883000000001	0.0377948992	-0.0410432474	-0.0040029027	0.0039503794	-0.0831647643	0.0230625507	-0.0491643739	-0.0194593619	0.07310118389999999	-0.07046183730000001	-0.0191571	-0.0138278	0.00494259	-0.00088745	0.000768707	-0.00103633
0.03989958	-0.0369179963	0.0949997767	0.0088070144	0.0114246167	-0.0440748175	-0.0195066212	-0.0497945101	-0.0178991758	0.0720943458	-0.0719201593	-0.017495199999999995	-0.0212929	-0.00628289	-0.00106377	0.000715904	-0.000874511
0.058744139999999986	0.0074149086	-0.06330852099999999	-0.0363466082	0.0558802383	-0.0549218246	0.0035872118	-0.05041963	-0.0163317771	0.0710221462	-0.0732625707	-0.0181462	-0.0130705	0.0183354	-0.0007004660000000001	0.000598417	-0.0008987689999999998
0.06685012	-0.0220523525	0.08403865599999999	-0.0049814791	0.0097910136	-0.0399808237	-0.0438481962	-0.0510396705	-0.0147577975	0.0698855571	-0.0744869079	-0.019442400000000002	-0.018074299999999998	-0.00789547	-0.00109999	0.000768707	-0.0010153400000000002
0.057538669999999986	-0.0218901598	-0.0729710693	-0.0372029412	0.0249206163	-0.0620702855	-0.0003268964	-0.0516545692	-0.0131778711	0.0686856091	-0.07559119780000001	-0.0187159	-0.018141900000000002	0.0163279	-0.000629298	0.0009105230000000002	-0.000977424
0.04690813	-0.0024456058	0.1000331926	0.0059878625	0.0158399513	-0.0702734651	0.0112350236	-0.0522642642	-0.0115926346	0.06742339	-0.0765736605	-0.0148314	-0.027889799999999996	-0.00675958	-0.0007396389999999999	0.000992979	-0.0009664560000000001
0.05359688	-0.0449917403	-0.06429458240000001	-0.049730275199999986	0.0174895755	-0.0384261018	0.0075455431	-0.052868694	-0.0100027269	0.0661000441	-0.0774327128	-0.0177241	-0.018159799999999997	0.0203278	-0.000523178	0.000935602	-0.0009625580000000001
0.06588792	0.022433989100000003	0.0807216354	0.0487752579	0.0349143434	-0.032807781800000005	0.0066451144	-0.0534677978	-0.0084087885	0.0647167712	-0.07816697	-0.0168565	-0.0157528	-0.008310319999999998	-0.000932845	0.000768707	-0.0010655
0.04240532	-0.0774858339	-0.0760333312	0.0454753732	0.0408993302	-0.0429167101	0.0330381869	-0.0540615151	-0.0068114617	0.0632748254	-0.0787752489	-0.011204899999999999	-0.0181261	0.0153618	-0.0008258989999999997	0.0008750869999999997	-0.00106466
0.022566976000000002	0.0738190668	0.0153339491	0.0356155737	0.079137123	-0.0018694629	-0.0769979658	-0.0546497862	-0.0052113902	0.061775514	-0.079256569	-0.011146399999999999	-0.0181265	-0.000529276	-0.0008484089999999997	0.000768707	-0.00106811
0.036134074	-0.069235785	-0.0425058493	0.06006996570000001	-0.0440975578	-0.0385952701	0.0138743157	-0.0552325519	-0.0036092188	0.0602201963	-0.0796101548	-0.0190307	-0.0143679	-0.010308	-0.0008447039999999999	0.0008893809999999999	-0.00123798
0.017090339999999992	0.0663507213	0.031832186299999995	0.0565068094	-0.0536359322	0.004256024099999999	0.0146468706	-0.0558097533	-0.002005593	0.0586102822	-0.0798354362	-0.014863	-0.013650399999999998	-0.00892886	-0.00092322	0.000768707	-0.00125531
0.01810459	-0.1042195539	-0.0206982725	0.0027245732	-0.0723645962	0.0208681919	0.0426018409	-0.05638133240000001	-0.000401159	0.0569472315	-0.0799320503	-0.018446	-0.00874138	-0.00051509	-0.0009193539999999999	0.000768707	-0.0012352
0.02691357800000001	0.08792829220000001	-0.0045811599	-0.0362375885	-0.0273214135	-0.0037970117	-0.0137754178	-0.0569472315	0.0012034366	0.0552325519	-0.0798998413	-0.0180643	-0.0149428	-0.0004986319999999999	-0.0006993339999999999	0.000768707	-0.00104894
0.040575888	-0.1024276106	0.0233868618	0.0002849097	0.011924795	0.0152337286	0.057298326	-0.0575073938	0.0028075473	0.0534677978	-0.0797388611	-0.00671265	-0.013455100000000001	-0.00707437	-0.001116	0.000768707	-0.00105549
0.05653629999999999	0.051221684	-0.0475701063	-0.08451231470000001	0.0696188106	-0.0011238613	0.0155048232	-0.0580617626	0.0044105266	0.0516545692	-0.0794493692	-0.00669417	-0.018149000000000002	0.0150528	-0.000737812	0.000839494	-0.00120045
0.03188365399999999	-0.0778354113	0.0706740062	0.0504708677	0.1062398957	-0.0241758515	0.0496483664	-0.0586102822	0.0060117288	0.0497945101	-0.0790318321	-0.00668641	-0.018124	-0.000520194	-0.0008918329999999998	0.000768707	-0.0013012
0.064243584	0.0318677359	-0.0940514873	-0.0353406257	0.0835360661	-0.0811108474	0.0077891799	-0.0591528974	0.007610508399999999	0.0478893067	-0.0784869228	-0.0179338	-0.007032300000000001	0.0228969	-0.000705305	0.000768707	-0.00111798
0.07620835	-0.0340065338	0.0921481815	0.113872192	0.0100885497	-0.1261237342	0.0671629184	-0.0596895534	0.0092062214	0.0459406864	-0.0778155195	-0.018308900000000003	-0.0159341	-0.0242518	-0.00105533	0.000768707	-0.00116361
0.06716591	-0.0305635423	-0.1176013618	0.1288433425	-0.0747801214	-0.0691390773	0.023858513	-0.0602201963	0.0107982247	0.0439504158	-0.0770187042	-0.014407	-0.00574597	-0.00174817	-0.000582145	0.000768707	-0.00130187
0.05998376	0.0303946631	0.102939237	0.0767816488	-0.0046379379	-0.0052761877000000006	0.0686550641	-0.0607447724	0.0123858767	0.0419202993	-0.0760977612	-0.016024899999999998	-0.014175700000000001	-0.0306254	-0.0008720389999999999	0.000681253	-0.00125804
0.04703858000000001	-0.0932126726	-0.0655787102	0.0217952856	0.016209342800000002	0.0335023668	0.1003327496	-0.0612632291	0.0139685379	0.0398521774	-0.0750541746	-0.010981999999999999	-0.018058900000000003	-0.00649267	-0.0007928809999999997	0.000569456	-0.0011694000000000001
0.03475233	0.0547962335	0.0624005984	0.0117377553	0.09012055	0.0218928898	0.046375302400000006	-0.061775514	0.0155455703	0.037747925	-0.07388962639999999	-0.015191999999999999	-0.018021400000000003	-0.013168000000000001	-0.00109887	0.000666057	-0.0010954
0.03153526	-0.1089607242	-0.0041224365	0.0109613978	0.1081688091	-0.0937789554	0.0995467782	-0.062281575599999986	0.0171163386	0.035609450099999995	-0.0726059935	-0.008650339999999998	-0.013741499999999999	0.0018581	-0.00106403	0.0006925789999999999	-0.00104301
0.05768838	0.0732985975	0.0030842742	-0.0945675038	0.0511846445	-0.0353740686	0.0592932097	-0.0627813628	0.0186802098	0.0334386912	-0.0712053446	-0.0124662	-0.018157200000000002	-0.00315777	-0.000399449	0.000887917	-0.00101411
0.02114923	-0.09541672710000004	0.0177241302	-0.0097734968	0.0031366588	-0.0786545584	0.0981435916	-0.0632748254	0.0202365536	0.0312376164	-0.06968993700000001	-0.00796727	-0.0181148	-0.00110022	-0.0005747559999999999	0.0008372869999999999	-0.00107918
0.037676500000000016	0.0571718869	-0.0373908845	-0.0716336437	-0.0130039674	-0.074220879	0.0181668313	-0.0637619136	0.0217847431	0.0290082213	-0.0680622132	-0.011256	-0.0181807	0.015093500000000001	-0.000304735	0.000810575	-0.00114501
0.04258842	-0.0490789289	0.0504267621	0.0836514625	-0.0120019749	-0.0701685903	0.0516536582	-0.0642425783	0.0233241543	0.026752527	-0.0663247964	-0.012772	-0.0180981	0.00125783	-0.000755769	0.0007888959999999998	-0.00107464
0.04772382	0.031119593900000006	-0.0880839075	0.0793741281	-0.0312370506	-0.1091711433	-0.0030103414000000003	-0.0647167712	0.0248541669	0.0244725786	-0.0644804868	-0.0147631	-0.0181775	0.015086700000000001	-0.000289347	0.000924473	-0.00110913
0.06378746	0.0167676037	0.076697234	0.0289327022	-0.0676738447	-0.0284387367	-0.0279547805	-0.0651844444	0.0263741644	0.0221704431	-0.0625322567	-0.013393799999999999	-0.0180261	-0.00946951	-0.0008483010000000001	0.0007323160000000001	-0.00110603
0.04389731	0.0104635213	-0.0990560367	0.012722709	-0.05355493150000002	0.0224450119	-0.0725499694	-0.06564555080000001	0.0278835343	0.0198482077	-0.060483246	-0.0153056	-0.013538999999999999	0.017871	-0.0007865589999999999	0.0008135319999999997	-0.00116623
0.05557017500000001	0.0709372471	0.0604044916	0.0274397113	-0.0933895189	0.0651819188	-0.0489711018	-0.0661000441	0.0293816684	0.0175079777	-0.058336757	-0.0194195	-0.024616	-0.000430475	-0.000944689	0.0008753609999999997	-0.0009446330000000001
0.044161275	-0.0173055682	-0.0448230117	-0.017406936499999998	-0.0980743926	0.06785268009999999	-0.0772313392	-0.0665478783	0.030867963	0.0151518747	-0.0560962492	-0.0188545	-0.011500100000000001	0.010415299999999999	-0.0006368519999999999	0.0008881989999999998	-0.00101665
0.0385638	0.0559476558	0.06715827419999999	-0.014784696399999997	-0.0764186209	0.079705569	-0.0488005905	-0.0669890084	0.0323418192	0.0127820349	-0.0537653335	-0.014561700000000004	-0.023837999999999998	-0.00170755	-0.000764355	0.0008690599999999997	-0.0009670869999999999
0.0232258597	-0.0609281382	-0.0449712331	-0.0203034648	-0.0979252667	0.108878388	-0.0117366168	-0.06742339	0.0338026431	0.0104006067	-0.0513477665	-0.018547099999999997	-0.0159513	-4.04903e-05	-0.000757125	0.0009321010000000001	-0.00109055
0.035974409700000015	0.0693793106	0.0350117259	-0.0168076411	-0.0562903387	0.0773774598	-0.0143550793	-0.0678509792	0.0352498461	0.0080097493	-0.0488474444	-0.0192024	-0.0100789	-0.0163924	-0.0007635119999999999	0.00097632	-0.00130184
0.058459699999999996	-0.0937000391	-0.0193077493	-0.0166906919	-0.0459329558	0.08920316869999999	0.037389794	-0.068271733	0.0366828449	0.0056116301	-0.046268397	-0.00913598	-0.00531381	-0.00192801	-0.000987313	0.000836645	-0.00108204
0.04951843000000001	0.1008285178	-0.0523463658	-0.064956032	-0.0161133078	0.0575847687	-0.0504278513	-0.0686856091	0.0381010623	0.0032084234000000003	-0.0436147809	-0.0227498	-0.0101142	0.00454281	-0.00089256	0.00108711	-0.00122949
0.052843710000000016	-0.0481994702	0.022018888	0.0421739389	-0.005293552900000001	0.08559953039999997	-0.0293677804	-0.0690925657	0.0395039266	0.0008023078999999999	-0.0408908726	-0.018093500000000002	-0.0102964	-0.018341999999999997	-0.00114046	0.0008934019999999998	-0.00116869
0.04987644	0.0748088362	-0.08431691919999999	0.0366305414	-0.0029269449	-0.0019577424	-0.0369847388	-0.06949256179999999	0.0408908726	-0.001604535	-0.0381010623	-0.0188509	-0.010677500000000001	-0.00426606	-0.0007379489999999999	0.000703073	-0.00106829
0.07342809	-0.0031325003000000004	0.1029195122	0.0172296129	0.0214215319	0.0397157878	-0.0102076133	-0.0698855571	0.0422613414	-0.0040099232	-0.0352498461	-0.017233900000000003	-0.0149452	-0.0306634	-0.00125978	0.000843653	-0.0012288
0.09055205	-0.05899452400000001	-0.0631595546	-0.0104505765	0.0155340794	0.0413616074	0.048392576900000005	-0.0702715121	0.0436147809	-0.006411676	-0.0323418192	-0.014356899999999999	-0.00638755	0.014832399999999999	-0.0008535719999999999	0.0009736969999999999	-0.00109262
0.05057659000000001	0.0727403942	0.0707084985	-0.1156354404	0.0379709165	0.0403023188	-0.0089003525	-0.0706503878	0.0449506455	-0.0088076158	-0.0293816684	-0.016953299999999998	-0.007358639999999999	-0.018295	-0.0007690889999999999	0.000850996	-0.00102217
0.04736814	-0.0633805947	-0.0088991935	-0.1226695031	0.0654064208	0.0265275821	0.0642793582	-0.0710221462	0.046268397	-0.0111955706	-0.0263741644	-0.022814599999999997	-0.0110184	0.00101153	-0.000868362	0.000985174	-0.00115953
0.038467770000000005	0.0859432747	-0.0360029597	-0.1606144967	0.0624558507	-0.0356634823	-0.033676985699999995	-0.0713867496	0.0475675045	-0.0135733754	-0.0233241543	-0.0205153	-0.0145506	0.0122209	-0.000512795	0.000986805	-0.00123087
0.04604041	-4.928520000000002e-05	0.0605202716	0.0315372671	-0.039250646	-0.0241035792	-0.0487888739	-0.0717441615	0.0488474444	-0.0159388744	-0.0202365536	-0.0199034	-0.0200624	-0.00340856	-0.000896423	0.0009704080000000001	-0.00131659
0.04246826	0.0202952629	-0.0895542035	0.1072241988	-0.0734946382	0.0114490465	-0.058023727699999986	-0.0720943458	0.050107701	-0.0182899231	-0.0171163386	-0.0199361	-0.0180544	0.0122412	-0.000491702	0.0008932929999999998	-0.00133031
0.052604	0.05842134440000001	0.0871317288	0.0411765215	-0.0434566378	0.0731424666	-0.0394322559	-0.0724372672	0.0513477665	-0.0206243899	-0.0139685379	-0.0228047	-0.0180285	-0.012914900000000005	-0.000637897	0.0005836	-0.00129513
0.034266920000000006	-0.0768614621	-0.040587579	-0.032708921	-0.0496246658	0.0664732488	0.0413536618	-0.0727728912	0.052567141100000006	-0.0229401584	-0.0107982247	-0.0129733	-0.012654700000000001	-0.00726903	-0.000668917	0.000801817	-0.00127605
0.026918330000000008	0.0789571933	0.0187355374	-0.0999568353	0.024799054900000003	0.0908275973	-0.0218633888	-0.07310118389999999	0.0537653335	-0.0252351292	-0.007610508399999999	-0.0228179	-0.0180673	-0.00448365	-0.000638016	0.000910671	-0.00131381
0.02577383	-0.08150056139999999	0.0423606787	-0.1005391508	0.0759327134	0.0295606112	0.0468303648	-0.0734221124	0.0549418609	-0.0275072215	-0.0044105266	-0.017363099999999996	-0.013941899999999998	-0.00319937	-0.000834282	0.00085233	-0.00127023
0.05115187	0.0719218787	-0.0469210663	-0.1370441147	0.089541858	-0.015933446599999998	0.0094325134	-0.0737356442	0.0560962492	-0.0297543755	-0.0012034366	-0.015119999999999996	-0.021642599999999998	0.0122528	-0.00042925	0.0009537460000000002	-0.00126156
0.03202266999999999	-0.0310158176	0.0940303194	-0.0553884608	0.0141580886	-0.0772493687	0.0420166814	-0.0740417477	0.0572280333	-0.0319745538	0.002005593	-0.0170175	-0.0269715	0.00451268	-0.00062843	0.000890953	-0.00118241
0.053571051000000015	0.0103462098	-0.07179747709999999	-0.0212073346	-0.0378512561	-0.0900592499	0.0567589583	-0.0743403923	0.058336757	-0.0341657437	0.0052113902	-0.0228537	-0.0180814	0.0009968289999999999	-0.000163199	0.00109132	-0.00114143
0.053666929	0.0427934159	0.0925502597	0.0126086479	-0.0822348783	-0.0095828811	0.0173127845	-0.0746315476	0.0594219737	-0.0363259585	0.0084087885	-0.022839500000000002	-0.022575	-0.0190599	-0.000638867	0.0009991	-0.00112727
0.04277328	-0.047088265199999986	-0.08652602179999999	0.0527667137	-0.0680780812	0.056566415	0.0382832893	-0.0749151845	0.060483246	-0.038453239900000005	0.0115926346	-0.0198163	-0.018036	0.00134583	-0.00047467	0.0010720999999999999	-0.00106836
0.04103898	0.0996474707	0.0159229415	0.0131860987	-0.015440345	0.0981366298	-0.0241764984	-0.07519127440000001	0.0615201462	-0.0405456591	0.0147577975	-0.0228363	-0.018037400000000002	-0.021249599999999997	-0.000534179	0.0009174160000000002	-0.00116261
0.030508399999999995	-0.0925384657	-0.0115840255	0.0682257596	0.0941617662	0.06612447240000001	0.03888484	-0.0754597894	0.0625322567	-0.0426013192	0.0178991758	-0.018908	-0.0180089	-0.0171195	-0.000824125	0.00102411	-0.0011108200000000002
0.08230739999999999	0.0586092714	-0.0643866113	0.0356358001	0.0912511391	-0.0451700412	0.0098230942	-0.0757207024	0.0635191694	-0.044618356500000005	0.0210117067	-0.0175093	-0.0143565	0.012595	-0.00018459599999999998	0.000824683	-0.0012227
0.10052975	0.0058296436	0.0692876828	0.0380324121	0.02897989	-0.0164552444	0.0377457535	-0.0759739873	0.0644804868	-0.046594942400000006	0.024090374	-0.02282	-0.0180083	-0.033667699999999995	-0.00086896	0.00101619	-0.00119248
0.06958304000000001	0.0021367028	-0.0476354667	0.0147609999	0.0602645362	-6.84457e-05	-0.0133477384	-0.0762196185	0.06541582139999999	-0.0485292848	0.0271302159	-0.0158599	-0.0180267	-0.00268801	-0.000541171	0.000804032	-0.00109993
0.05278019	0.0615847196	0.0545257915	-0.0307202053	0.0215503537	0.0551679613	-0.0408944886	-0.07645757110000001	0.0663247964	-0.05041963	0.0301263332	-0.0192412	-0.029113299999999998	-0.019744099999999997	-0.0008825389999999998	0.000881148	-0.00110657
0.08861885	-0.0518245859	-0.019920543	0.0785180992	0.058917202	0.0766768063	-0.0331238623	-0.0766878214	0.06720704549999999	-0.0522642642	0.0330738971	-0.022838900000000002	-0.023575299999999997	0.0243413	-0.00128348	0.00085662	-0.000824084
0.17683198000000006	0.0347775834	-0.07990808519999999	0.103342116	0.0154156122	0.0083067834	-0.0995727121	-0.07691034599999999	0.0680622132	-0.0540615151	0.0359681572	-0.013256899999999999	-0.00121562	-0.022433099999999997	0.000212849	0.00040824599999999997	-0.0008064689999999997
0.09888457	0.0251748109	0.0470191283	-0.0354242839	-0.0528273665	0.08282461769999999	-0.0964735124	-0.0771251226	0.06888995490000001	-0.0558097533	0.038804449	-0.021124599999999997	-0.018043599999999996	-0.00584761	-0.000766645	0.0005218590000000001	-0.00086543
0.05913332999999999	-0.0464552586	-0.0238946708	-0.0051027312	-0.064412156	0.0359499142	0.0033893070000000003	-0.0773321295	0.06968993700000001	-0.0575073938	0.0415782013	-0.00337171	0.00031782	0.00306746	-0.000625881	0.000625644	-0.00090296
0.03998022	0.0625016686	0.0138761325	-0.1417122619	-0.0993581146	0.0096833634	-0.0499282326	-0.07753134589999999	0.07046183730000001	-0.0591528974	0.0442849438	-0.00856624	-0.008174779999999998	0.014159	-0.000461198	0.0007495209999999997	-0.000887489
0.033100990000000004	-0.01961127	0.0520622864	-0.0568746606	-0.0986236083	0.0393863123	-0.06357236150000001	-0.0777227516	0.0712053446	-0.0607447724	0.0469203142	-0.0111653	-0.00648741	0.00656224	-0.000848518	0.000773516	-0.0009005299999999998
0.06650493	0.0243535465	-0.0403174584	-0.0519750992	-0.047726463	-0.0004866461	-0.0573219142	-0.0779063275	0.0719201593	-0.062281575599999986	0.0494800651	-0.0110752	-0.00427459	0.0214791	-0.000167508	0.000941199	-0.0010375400000000002
0.11962344	-0.0201066996	0.07101179	0.0428434751	-0.0685710226	-0.0188440001	0.0127805204	-0.078082055	0.0726059935	-0.0637619136	0.051960071	-0.019586700000000002	-0.018013399999999995	-0.00592053	-0.0011967900000000005	0.0007620129999999998	-0.0008465379999999998
0.06927446999999999	-0.0067785031	-0.0802883843	0.0035612009000000008	-0.0548322595	0.014777664	-0.05823898690000001	-0.0782499164	0.0732625707	-0.0651844444	0.0543563352	-0.00953921	-0.013367799999999999	0.019397400000000002	-0.000645297	0.0007764689999999999	-0.0008658579999999997
0.07767173	0.0563333658	0.0674530113	0.0739453487	-0.0371523566	0.0338554868	-0.0409571274	-0.0784098948	0.07388962639999999	-0.0665478783	0.0566649955	-0.0160204	-0.00436661	-0.0249243	-0.000816155	0.0007879719999999997	-0.00104085
0.02561151000000001	-0.0635513129	-0.08097462450000001	0.016298409	-0.0214704372	0.0722089582	-0.0287699142	-0.0785619741	0.0744869079	-0.0678509792	0.0588823313	-0.0140596	-0.0020855	-0.015957599999999995	-0.0008538819999999999	0.00091812	-0.000960667
0.03257605	0.0872872209	0.0579987434	-0.0374472812	0.0115839639	0.0343194719	-0.0083536433	-0.0787061389	0.0750541746	-0.0690925657	0.061004769	-0.019628200000000002	-0.014269200000000001	-0.0144102	-0.0008076459999999998	0.000837595	-0.0008219010000000001
0.0310401	-0.1052855119	0.0029074162	-0.08738289960000001	0.0365723007	0.05861327280000001	0.054336934100000005	-0.0788423748	0.07559119780000001	-0.0702715121	0.0630288878	-0.0195966	-0.014569899999999997	-0.00391595	-0.00105341	0.0009223419999999999	-0.000748141
0.045422590000000006	0.0743925426	-0.022133269700000003	-0.072937242	0.0580915047	0.0039476037	0.0247868957	-0.0789706681	0.0760977612	-0.0713867496	0.06495142570000001	-0.0195737	-0.0180592	0.008192339999999998	-0.000695074	0.00103716	-0.0008710289999999999
0.05133919300000001	-0.0986518822	0.0192524116	0.0613458354	0.0970504754	0.0018467248	-0.0003875801	-0.07909100570000001	0.0765736605	-0.0724372672	0.0667692842	-0.00625852	-0.018044	0.000353377	-0.0009653989999999999	0.000806112	-0.000769005
0.070313923	0.0683064645	-0.0741804089	0.021017582200000003	0.0812763479	-0.0980501932	-0.013015619	-0.0792033756	0.0770187042	-0.0734221124	0.0684795334	-0.011096600000000002	-0.00138828	0.0248005	-0.000657805	0.000701172	-0.000843931
0.08013686999999999	-0.046616294800000006	0.0964162301	0.0140922899	-0.0043634108	-0.0872014089	-0.0128461064	-0.0793077664	0.0774327128	-0.0743403923	0.0700794171	-0.0133542	-0.0106031	-0.010967200000000002	-0.0011460900000000002	0.000802854	-0.000911899
0.08013365	0.0041575973	-0.08361589629999999	0.0233514777	-0.0809399614	-0.1123952868	0.0300022581	-0.0794041677	0.0778155195	-0.07519127440000001	0.0715663568	-0.0144168	-0.010412799999999998	0.0164167	-0.00045824	0.00100039	-0.00105645
0.06291065	0.0145456444	0.0691030682	0.0505716124	-0.076612599	-0.0595871283	-0.047737796	-0.0794925697	0.07816697	-0.0759739873	0.072937956	-0.017150400000000003	-0.0179755	-0.020278599999999997	-0.000648426	0.000946424	-0.0009822210000000001
0.035979999999999984	-0.016494389499999998	-0.0619329336	0.0007749205000000001	-0.0567421056	-0.0237122622	0.0370187036	-0.0795729635	0.0784869228	-0.0766878214	0.0741920043	-0.019572	-0.0180072	-0.002623	-0.00041655800000000003	0.000999435	-0.000949678
0.032863649999999994	-0.0035716420000000007	0.1140217221	0.007706442900000002	-0.0385595761	-0.0320478512	0.0576519408	-0.079645341	0.0787752489	-0.0773321295	0.0753264804	-0.0195638	-0.017999200000000003	-0.012902200000000004	-0.000724997	0.000995171	-0.00108834
0.07444827999999999	-0.08144868549999999	-0.0588016205	-0.0533397253	-0.0418039469	-0.007807934399999998	0.0811439894	-0.079709695	0.0790318321	-0.0779063275	0.0763395561	-0.007459389999999998	-0.00672037	0.00591099	-0.000436317	0.000900335	-0.0008268189999999999
0.05903711	0.0890192935	0.0248616078	-0.1085746809	0.002233264	0.0027729566	-0.0456948987	-0.0797660189	0.079256569	-0.0784098948	0.0772295986	-0.019595400000000002	-0.0180137	-0.00265133	-0.0006503769999999999	0.000985123	-0.00106888
0.017302849999999998	-0.0832990715	-0.0382450112	0.0302340061	0.06722779599999999	0.0618577601	0.0050616297	-0.0798143071	0.0794493692	-0.0788423748	0.07799517339999999	-0.019542700000000003	-0.021958000000000002	-0.00267818	-0.0008571969999999998	0.0009378230000000001	-0.00108034
0.05046713	0.0691944877	-0.0782403371	0.077857174	0.0796308584	-0.005291241800000001	-0.0558101723	-0.0798545546	0.0796101548	-0.0792033756	0.0786350467	-0.0195757	-0.0180076	0.0147566	-0.00046769300000000004	0.000797278	-0.00102941
0.060540699999999996	-0.0628232766	0.0248481958	0.1738498613	0.1238546858	-0.0467131154	0.0362851403	-0.0798867576	0.0797388611	-0.0794925697	0.0791481873	-0.0195494	-0.012714	-0.0157877	-0.0009426489999999999	0.0007930039999999999	-0.0010437100000000002
0.05581750000000001	-0.0136226175	-0.0697623633	0.08530411	0.0817856196	-0.1365885757	0.0450562226	-0.0799109126	0.0798354362	-0.079709695	0.0795337681	-0.019533099999999998	0.00188832	-0.00652897	-0.00043160800000000015	0.000920626	-0.00104357
0.05473617000000002	0.0498552239	0.1041872072	-0.0404009346	0.0028445738000000003	-0.0778543538	0.0317656005	-0.0799270173	0.0798998413	-0.0798545546	0.0797911678	-0.01952	-0.00995147	-0.018336599999999998	-0.0008860149999999998	0.000990742	-0.00114056
0.046204065699999984	-0.098102039	0.0165664915	-0.019034589	0.0157097504	-0.05709665	0.0883882627	-0.07993507009999999	0.0799320503	-0.0799270173	0.0799199714	-0.0178245	4.4675699999999996e-05	-0.00443498	-0.0006145969999999999	0.00104358	-0.0010525999999999999
