0.0	-0.0738469971	0.0582952923	-0.0191593259	0.06229331690000001	-0.0055119101	-0.0487025496	0.07993507009999999	0.0799320503	0.0799270173	0.0799199714	0.0177398	-0.00015826499999999996	0.0106146	-0.00181013	-0.00025836	0.000639963
0.031036545000000006	-0.0757965845	0.0002092616	0.0350362002	0.0575952317	-0.0044335445	-0.0326080138	0.0799270173	0.0798998413	0.0798545546	0.0797911678	0.014909700000000001	0.00898968	0.0174382	-0.00174855	-0.00021578	0.000499425
0.03752182	-0.0767241612	-0.0775599231	-0.0209919226	0.046005010599999986	-0.0284624579	-0.0542006324	0.0799109126	0.0798354362	0.079709695	0.0795337681	0.015272399999999997	-0.008103839999999998	0.0167931	-0.00142386	-0.000276604	0.000496529
0.05022225	-0.0770371245	0.0551237806	-0.0714954195	0.049574780599999986	-0.0434601562	-0.06980907410000001	0.0798867576	0.0797388611	0.0794925697	0.0791481873	0.011466	-0.00573334	-0.0011913500000000005	-0.00103274	-0.000353232	0.000443059
0.04329422	-0.07463537740000001	0.0592739804	0.0356950088	0.0539737471	0.054116204	-0.0666384813	0.0798545546	0.0796101548	0.0792033756	0.0786350467	0.0168258	-0.007390309999999998	-0.0162464	-0.00115385	-0.0004067	0.0006929289999999999
0.07379355000000001	-0.0540081331	-0.0500051563	0.0410319677	0.041013155	-0.0035188239	-0.0453981727	0.0798143071	0.0794493692	0.0788423748	0.07799517339999999	0.014283400000000003	-0.00173286	0.012937899999999999	-0.000977393	-0.0006303880000000001	0.000364886
0.036493429999999986	-0.0435244944	-0.0419173784	-0.017821211599999998	0.0028086082000000003	-0.012424582	-0.0566736131	0.0797660189	0.079256569	0.0784098948	0.0772295986	0.017840499999999995	-0.00587834	0.019970500000000002	-0.00106285	-0.0004067	0.0004909059999999999
0.08169505999999999	-0.0498145061	0.06916414259999999	-0.0613272859	0.06424180019999999	-0.0208534391	-0.0837631263	0.079709695	0.0790318321	0.0779063275	0.0763395561	0.0129947	-0.0357461	-0.0020247	-0.0007660739999999999	-0.000460594	0.000639962
0.06393080000000001	-0.0407087002	0.049398688	0.0377444042	0.0051436758	-0.017287846000000003	-0.0391617305	0.079645341	0.0787752489	0.0773321295	0.0753264804	0.012356	-0.0150965	0.020097200000000003	-0.000680092	-0.000327945	0.00044818099999999997
0.03836051000000002	-0.0456555952	-0.0509450172	0.0438820364	0.0264178374	0.0026023335	-0.0812157215	0.0795729635	0.0784869228	0.0766878214	0.0741920043	0.00697434	-0.0183455	0.021331400000000004	-0.0009543339999999999	-0.000322215	0.00015824
0.058845529999999986	-0.0399824015	-0.0244756785	-0.0407398401	-0.0034153923	-0.0614545515	-0.07519452389999999	0.0794925697	0.07816697	0.0759739873	0.072937956	0.00956172	-0.0401657	0.012266599999999999	-0.00049167	-0.000290214	0.00017103799999999998
0.06720185	-0.0483658017	0.0471955692	-0.0663567643	0.0048797231	-0.0431226751	-0.0268627754	0.0794041677	0.0778155195	0.07519127440000001	0.0715663568	0.00497491	-0.030983499999999997	0.00382256	-0.0007074830000000001	-0.000665609	0.000479606
0.04473504	-0.041989283200000005	0.0297459932	0.0130594673	0.0263309005	-0.0352252482	-0.0206185467	0.0793077664	0.0774327128	0.0743403923	0.0700794171	0.012743700000000002	-0.015566	0.00339296	-0.0007962769999999999	-0.000492376	0.000639962
0.03974828	-0.0221968379	-0.0244762457	0.06811754889999999	0.0351945338	-0.00660115	0.016083046299999997	0.0792033756	0.0770187042	0.0734221124	0.0684795334	0.0150369	-0.00285406	0.010805500000000001	-0.000734198	-0.000381956	0.000465849
0.032783440000000004	-0.0348072611	-0.0615938359	-0.0268750736	0.0538732577	-0.025300149900000003	-0.0217938964	0.07909100570000001	0.0765736605	0.0724372672	0.0667692842	0.0153566	-0.0189303	0.0109433	-0.000580417	-0.0005085469999999999	0.000421227
0.044544899999999985	0.0011311306	-0.0399572327	-0.0425048647	-0.052572588	-0.0105847828	0.0055960466000000006	0.0789706681	0.0760977612	0.0713867496	0.06495142570000001	0.0151839	0.0129406	0.0117574	-0.00037030099999999996	-0.0005085469999999999	0.000444855
0.04630286	-0.0101501968	0.0191233145	-0.0695212378	-0.0098358117	-0.0456032618	-0.0255027344	0.0788423748	0.07559119780000001	0.0702715121	0.0630288878	0.019081400000000002	-0.0054518	0.00398894	-0.0005701419999999999	-0.00054236	0.0005360909999999999
0.08347184	0.002995908	0.0660602415	0.029301939300000007	-0.0529760588	0.0012109797	-0.0106242815	0.0787061389	0.0750541746	0.0690925657	0.061004769	0.00748815	0.012972200000000001	-0.00752085	-0.000255214	-0.00017759700000000001	0.0006952960000000001
0.035763335	0.0082061365	0.0083789777	0.08416783859999999	-0.0617102107	0.0229032458	-0.0388881328	0.0785619741	0.0744869079	0.0678509792	0.0588823313	0.010092299999999998	0.0181914	-0.013592700000000004	-8.540729999999997e-05	-0.000389819	0.000639962
0.090336165	0.0416870191	-0.0367108149	0.0618583036	-0.1450286891	0.0313003891	-0.0357082808	0.0784098948	0.07388962639999999	0.0665478783	0.0566649955	0.0113195	-0.00754173	-0.011130899999999999	-0.0008809019999999998	-0.00032592900000000003	0.000281066
0.120905888	0.0126312995	-0.0504259325	0.0084339723	-0.06908416049999999	0.0631871689	0.0077639601	0.0782499164	0.0732625707	0.0651844444	0.0543563352	0.00018460200000000002	-0.0119954	-0.00284068	0.000550203	-0.000242633	-0.000145075
0.072154228	0.0316284955	-0.0434977136	-0.0226733482	-0.1047075635	-0.0142842258	0.024152604900000003	0.078082055	0.0726059935	0.0637619136	0.051960071	0.00277508	0.0103402	-0.00957162	3.72054e-05	-0.000340651	5.3853599999999995e-05
0.0514767779	0.0049770177	-0.0063380469	-0.0696420053	-0.0213914099	-0.017588256899999998	0.0561014166	0.0779063275	0.0719201593	0.062281575599999986	0.0494800651	1.0752100000000003e-05	-0.00197527	-0.017490400000000003	0.000228011	-0.000125199	0.00021716
0.0635114654	0.0250763088	0.0412089189	-0.0418213135	-0.0545523143	-0.0273460759	0.0639177291	0.0777227516	0.0712053446	0.0607447724	0.0469203142	1.70375e-05	0.009712620000000005	-0.0315974	-9.44678e-05	-0.00045222199999999995	0.000321864
0.04984888449	0.0225659518	0.0490945303	0.0152227637	-0.0517601483	0.0208289511	0.0508542914	0.07753134589999999	0.07046183730000001	0.0591528974	0.0442849438	2.4230099999999998e-06	0.016927900000000003	-0.0228757	0.000168293	-0.00016674299999999999	0.000192158
0.029567796989999996	0.023001959300000003	0.0117477513	0.0747417371	-0.0585747872	0.0194509939	0.0205433761	0.0773321295	0.06968993700000001	0.0575073938	0.0415782013	0.00203787	0.017797	-0.0326455	0.00037098599999999996	-0.000266693	0.000156932
0.04145018240000002	0.0461918045	-0.0704793249	0.050313969400000005	-0.06907161440000001	0.0143656538	0.07653302070000001	0.0771251226	0.06888995490000001	0.0558097533	0.038804449	-1.00624e-05	0.0340923	-0.0228525	0.000191171	-0.00029124099999999997	0.000218848
0.042514276	0.0309994205	-0.0353200938	-0.0235801109	-0.044045548600000005	0.0232714971	0.0547004771	0.07691034599999999	0.0680622132	0.0540615151	0.0359681572	-8.888840000000001e-05	0.0474764	-0.020661099999999998	-0.000218653	-0.00016674299999999999	0.000221725
0.0862983284	0.0463003244	-3.69002e-05	-0.061037219800000014	-0.08553868740000001	-0.0062923012	0.0435295978	0.0766878214	0.06720704549999999	0.0522642642	0.0330738971	0.00445589	0.06681720000000001	-0.03011	-0.000635602	-0.0005727530000000001	0.0004580430000000001
0.03321687559999999	0.0438109573	0.05924812910000001	0.024233459900000004	-0.0544200835	0.026312667	0.0270824003	0.07645757110000001	0.0663247964	0.05041963	0.0301263332	-8.93356e-05	0.0668161	-0.042305699999999995	-0.000635602	-0.000425174	0.000639961
0.041625395600000004	0.0324177669	-0.0316892847	0.0715852032	-0.0238521733	-0.0002626523	0.0423071952	0.0762196185	0.06541582139999999	0.0485292848	0.0271302159	0.00591966	0.0668346	-0.029919599999999998	-0.0008072389999999999	-0.000396355	0.000376181
0.03597872000000001	0.0304276014	-0.06236538940000001	-0.0001204335	-0.0240183221	0.0270792208	0.1126642873	0.0759739873	0.0644804868	0.046594942400000006	0.024090374	0.00518984	0.08106089999999999	-0.0227364	-0.00100251	-0.00046762	0.000365929
0.10356811	0.0229473674	-0.0031833184	-0.0884627903	0.012688301599999998	0.08926084990000001	0.0752212513	0.0757207024	0.0635191694	0.044618356500000005	0.0210117067	0.00767385	0.0608744	-0.0652744	-0.0005341380000000001	-0.0007092660000000001	0.000308755
0.0691688	0.0127650425	0.0346205245	-0.0369516823	0.0277006917	0.0426973569	0.1500946598	0.0754597894	0.0625322567	0.0426013192	0.0178991758	0.0147084	0.07809529999999999	-0.0553544	-0.00119506	-0.0007092660000000001	0.0003477
0.0583111	0.00014732040000000002	0.0227095961	0.0327857547	0.0661224982	0.077279864	0.1052313256	0.07519127440000001	0.0615201462	0.0405456591	0.0147577975	0.0178415	0.06681110000000001	-0.059863699999999985	-0.000635602	-0.000562452	0.00042911800000000003
0.06522850000000001	0.0308288496	-0.043310049100000005	0.0640349296	-0.0168803842	0.0738722917	0.08258454230000001	0.0749151845	0.060483246	0.038453239900000005	0.0115926346	0.0102687	0.08469589999999999	-0.0443268	-0.0009486669999999999	-0.000488323	0.00033163199999999994
0.05544414999999999	0.0397131605	-0.0443739443	-0.020882875	-0.0264961753	0.0595178994	0.0321603256	0.0746315476	0.0594219737	0.0363259585	0.0084087885	0.0226785	0.08021749999999997	-0.0434704	-0.000446914	-0.0007092660000000001	0.000362927
0.06222315	0.0347579951	0.0531133805	-0.0409323641	-0.0244747475	0.0010981606	-0.0093174143	0.0743403923	0.058336757	0.0341657437	0.0052113902	0.0182195	0.0921108	-0.06459	-0.00021678599999999998	-0.000493924	0.000412482
0.04579865	0.0334607526	0.1067085419	0.0296335196	0.0341785365	0.0250660194	-0.0442196628	0.0740417477	0.0572280333	0.0319745538	0.002005593	0.0174523	0.07439329999999998	-0.05595309999999999	-0.00036668800000000016	-0.000359361	0.000501558
0.02706475	0.029389446	0.0226977345	0.0917647526	0.05924258230000001	0.0110991541	-0.0479646483	0.0737356442	0.0560962492	0.0297543755	-0.0012034366	0.016965200000000003	0.07217429999999997	-0.0643184	-0.00027824400000000003	-0.0005651380000000001	0.000527204
0.06753634	0.0429247665	-0.0516088945	0.0446650556	0.0266455021	-0.0038941553	-0.0284027213	0.0734221124	0.0549418609	0.0275072215	-0.0044105266	0.00972661	0.06674570000000002	-0.0417082	-0.000522241	-0.00062701	0.00018789400000000005
0.04882464	0.038513302	-0.0232333453	-0.0397751404	0.0214891507	0.0004051732	-0.0008226125	0.07310118389999999	0.0537653335	0.0252351292	-0.007610508399999999	0.014674000000000001	0.066706	-0.0595876	-0.00032919199999999996	-0.0007092660000000001	0.000431752
0.025469799999999997	0.02882621	0.0457731574	-0.0654592578	0.0371262491	-0.0309588265	0.048934644000000006	0.0727728912	0.052567141100000006	0.0229401584	-0.0107982247	0.012257299999999999	0.06976460000000001	-0.0691454	-0.000510122	-0.0007092660000000001	0.000403948
0.02206841	0.0254588457	0.07167282629999999	0.0133940796	0.0877711384	-0.0292402222	0.0413837237	0.0724372672	0.0513477665	0.0206243899	-0.0139685379	0.00486474	0.0667075	-0.0700355	-0.000327527	-0.0007092660000000001	0.000435926
0.03041076	0.017252906999999998	-0.031873351	0.0582847181	0.06798534690000001	-0.0225944429	0.0515865536	0.0720943458	0.050107701	0.0182899231	-0.0171163386	0.014367	0.0733743	-0.0698193	-0.00040913699999999996	-0.000618076	0.000328216
0.05716369	0.0223304503	-0.070985594	-0.0151447732	0.0999003684	-0.0127456142	0.04626857980000002	0.0717441615	0.0488474444	0.0159388744	-0.0202365536	0.00681141	0.0618686	-0.058452599999999987	1.0169e-05	-0.000610225	0.000220659
0.04717854	0.04667512150000002	-0.0287626654	-0.071402786	0.051030171	-0.0072035765	0.0885919124	0.0713867496	0.0475675045	0.0135733754	-0.0233241543	0.0110091	0.0719669	-0.0628475	-0.00033400300000000003	-0.000536267	0.000372282
0.04796613499999999	0.0424729807	0.0447882562	-0.053755707400000005	0.0717945254	0.0112626951	0.0693080138	0.0710221462	0.046268397	0.0111955706	-0.0263741644	0.00695791	0.0666825	-0.0761671	-7.85351e-05	-0.000770987	0.000356251
0.040161025	0.04785643480000002	0.0298324783	0.0481830866	0.0027561628	0.0588039918	0.0731330176	0.0706503878	0.0449506455	0.0088076158	-0.0293816684	0.00892978	0.0666571	-0.08237619999999997	0.000150803	-0.000644941	0.00063996
0.07151679	0.06481615269999999	-0.0304934425	0.072568555	-0.0612944213	0.088540694	0.0297331528	0.0702715121	0.0436147809	0.006411676	-0.0323418192	0.00573204	0.0586769	-0.0702898	0.000508206	-0.0007614710000000001	0.000148844
0.07688679999999999	0.0921418126	-0.0600360295	0.0112279101	-0.1087242251	0.0537683611	-0.0128021117	0.0698855571	0.0422613414	0.0040099232	-0.0352498461	0.00685304	0.0825619	-0.0512559	0.000221227	-0.000393664	0.000150996
0.09200324999999998	0.08646867470000001	0.0700742688	-0.0310347016	-0.0978064193	-0.0323524481	-0.0365397524	0.06949256179999999	0.0408908726	0.001604535	-0.0381010623	0.00819634	0.0666586	-0.0430913	-0.000568998	-0.0007092660000000001	0.00037701
0.119116891	0.067180245	0.059222417	0.0646501046	-0.066205935	-0.0074519701	-0.0642080496	0.0690925657	0.0395039266	-0.0008023078999999999	-0.0408908726	-0.000240256	0.0554592	-0.025740199999999998	-0.00168143	-0.00058859	-3.24779e-05
0.067151201	0.01168622	-0.0503924791	0.024326539700000004	0.003296133	-0.0266496938	-0.0743810576	0.0686856091	0.0381010623	-0.0032084234000000003	-0.0436147809	0.00666564	0.034968400000000004	-0.025763400000000002	-0.00144778	-0.0007092660000000001	-0.00047277800000000003
0.12012907799999994	0.0162869359	-0.0250542039	-0.06498465839999999	0.0067503054	-0.0586266006	-0.0116766824	0.068271733	0.0366828449	-0.0056116301	-0.046268397	-0.00027178799999999997	0.018647	-0.0460119	-0.000403097	-0.000355202	-0.00033909
0.052374252999999996	0.0140542456	0.0387526199	-0.05894644440000001	0.0786633823	-0.0791171592	0.0201746217	0.0678509792	0.0352498461	-0.0080097493	-0.0488474444	0.00684991	0.0211263	-0.06140950000000001	-0.00032972199999999996	-0.0005227280000000001	-3.24779e-05
0.042810042999999985	0.0279907001	0.027546346	0.0299602019	0.0786866767	-0.0604963891	0.0494426286	0.06742339	0.0338026431	-0.0104006067	-0.0513477665	-0.000229583	0.0406723	-0.0552379	-0.00029628799999999997	-0.000355903	-3.24779e-05
0.049894704000000005	0.0317035342	-0.0739571018	0.0424679625	0.0630069774	0.0018599082	-0.0004614658	0.0669890084	0.0323418192	-0.0127820349	-0.0537653335	-0.000302482	0.044880800000000005	-0.0554982	-0.0005325	-0.0007092660000000001	-0.000349963
0.042386905	0.0263199462	-0.0688259014	-0.0330059805	0.013234025	-0.027983263	0.0228415554	0.0665478783	0.030867963	-0.0151518747	-0.0560962492	-0.000309337	0.035762999999999996	-0.0599572	-0.000410805	-0.00038534800000000004	-0.000480415
0.06489458999999999	0.0207856098	0.0057102404	-0.0842035651	0.0207790491	-0.0351417784	-0.0020930101	0.0661000441	0.0293816684	-0.0175079777	-0.058336757	-0.000321627	0.0442577	-0.06817100000000001	-0.000956221	-0.0007092660000000001	-0.000386273
0.08176232899999998	0.0078609448	0.0577541822	-0.012120661299999998	0.0527392972	-0.0359774406	0.0147272457	0.06564555080000001	0.0278835343	-0.0198482077	-0.060483246	-0.000217903	0.0374824	-0.07634019999999997	-0.00043345199999999997	-0.000251548	-3.24779e-05
0.042469285999999995	0.0274172862	0.0095553911	0.0793228282	-0.0199311397	0.0281315443	-0.038828693	0.0651844444	0.0263741644	-0.0221704431	-0.0625322567	-0.000261634	0.036815	-0.07632569999999997	-0.000103855	-0.00054727	-0.00024203200000000002
0.063002849	0.0344997423	-0.0595695663	0.0391938248	-0.0396584294	0.0052246304	-0.0123972012	0.0647167712	0.0248541669	-0.0244725786	-0.0644804868	-0.000284033	0.0403967	-0.0523298	-0.00047989699999999996	-0.0007482549999999998	-0.00037306199999999996
0.064517438	0.0376470261	-0.0153260144	-0.0517012479	-0.0646358247	-0.024634287	0.0006269852	0.0642425783	0.0233241543	-0.026752527	-0.0663247964	-0.00028852099999999997	0.0186179	-0.044858499999999996	-0.000167362	-0.0005171469999999999	-0.00021144799999999999
0.024322456	0.0289997821	0.0754414583	-0.0247934816	-0.0487229147	-0.0511495235	-0.0440672281	0.0637619136	0.0217847431	-0.0290082213	-0.0680622132	0.00294662	0.00761943	-0.0427241	-3.85871e-05	-0.000513027	-0.000185254
0.057608328	0.042464264800000005	0.0310390702	0.0531877532	-0.0376045014	-0.0294827729	-0.0287987563	0.0632748254	0.0202365536	-0.0312376164	-0.06968993700000001	-0.00033389300000000004	0.0329227	-0.0494594	-0.00017173200000000002	-0.00023654900000000001	-0.000221416
0.026263285000000008	0.0145834293	-0.0312021196	0.06446775910000001	-0.0131016222	-0.0220169227	-0.0318186943	0.0627813628	0.0186802098	-0.0334386912	-0.0712053446	-0.000432378	0.018540900000000003	-0.0480333	-0.000216721	-0.000246535	-0.000373579
0.065978342	0.0201361419	-0.0759042728	0.0012235718	-0.0179340909	-0.0313300538	-0.0089078063	0.062281575599999986	0.0171163386	-0.035609450099999995	-0.0726059935	-0.00602197	0.0349532	-0.0349537	-0.000541544	-0.000496536	-0.00033046599999999996
0.088535017	-0.0095915757	-0.0046881284	-0.0846909156	0.0160008628	-0.0455406438	-0.0222570484	0.061775514	0.0155455703	-0.037747925	-0.07388962639999999	-0.000395258	0.0163671	-0.0718905	-0.000345252	-0.0004431080000000001	-3.24779e-05
0.047411369	0.0018310409	0.07393905490000001	-0.013328834	-0.0062930307	-0.0332966505	0.0040347529	0.0612632291	0.0139685379	-0.0398521774	-0.0750541746	-0.000382539	0.042805199999999995	-0.06914889999999999	-0.000593113	-0.00032659	-3.24779e-05
0.065150258	-0.0222709357	-0.0006695411999999999	0.0479123505	0.0634144646	-0.0039462463	-0.0609183142	0.0607447724	0.0123858767	-0.0419202993	-0.0760977612	-0.00042889699999999997	0.0277325	-0.0778407	-6.37771e-05	-0.0004431080000000001	-0.000213412
0.05293893	-0.0161762466	-0.0667619987	0.0290503337	0.0235912386	-0.0110597231	0.016812991399999998	0.0602201963	0.0107982247	-0.0439504158	-0.0770187042	-0.00046988199999999997	0.0432376	-0.06269809999999999	-0.000256724	-0.000347319	-0.00036968099999999996
0.05510783699999999	-0.0080023131	-0.0497574423	-0.0557543305	0.0223399534	-0.0448272856	-0.0122557441	0.0596895534	0.0092062214	-0.0459406864	-0.0778155195	-0.00038344	0.0235974	-0.0700086	-9.19992e-05	-0.000287833	-3.24779e-05
0.033710400000000015	0.002215825	0.0532837147	-0.043263558499999986	-0.0055218983	-0.028766346600000006	-0.0071488492000000015	0.0591528974	0.007610508399999999	-0.0478893067	-0.0784869228	-0.00653773	0.034002199999999996	-0.069579	0.000150307	-0.000379961	-3.24779e-05
0.023416435	-0.0266596304	0.0657218782	0.0377323401	0.0276762159	0.0383427165	-0.0340810436	0.0586102822	0.0060117288	-0.0497945101	-0.0790318321	-0.00040017	0.0296678	-0.0722569	5.81735e-05	-0.0004931590000000001	-3.24779e-05
0.022779919999999995	-0.0189942598	-0.036842891	0.0479424843	0.0199836245	0.0246098562	-0.0396939115	0.0580617626	0.0044105266	-0.0516545692	-0.0794493692	-0.00311406	0.028325599999999996	-0.06988939999999999	0.00014402100000000004	-0.000443109	-0.00022370700000000002
0.041748343	-0.0226381562	-0.0699778751	-0.0180150213	0.028555821	0.0170970363	-0.0217855435	0.0575073938	0.0028075473	-0.0534677978	-0.0797388611	-0.00047601699999999997	0.0272879	-0.0515576	0.00014402100000000004	-0.000682373	-0.000379259
0.07496081299999999	-0.0425011971	0.0205784463	-0.0781545611	0.0227805286	-0.0164431935	-0.0364156774	0.0569472315	0.0012034366	-0.0552325519	-0.0798998413	-0.000425454	0.011975399999999999	-0.08237709999999998	0.00030126700000000003	-0.000443109	-0.00020020400000000002
0.028402502000000007	-0.0510528506	0.07955476389999999	-0.0265856107	0.05013358	0.0023812195	0.0046334001	0.05638133240000001	-0.000401159	-0.0569472315	-0.0799320503	-0.000395257	0.021711900000000003	-0.0855572	0.000159879	-0.000443109	-3.24779e-05
0.034870490000000004	-0.0468381716	0.0239070415	0.038605371	0.0514979959	0.0260259555	-0.0143609096	0.0558097533	-0.002005593	-0.0586102822	-0.0798354362	-0.000366092	0.0184759	-0.0921556	0.00044874199999999997	-0.000318955	5.46436e-05
0.03830754000000002	-0.0560199294	-0.0461400345	0.0380871277	0.0603376599	0.0589023905	-0.025555939500000003	0.0552325519	-0.0036092188	-0.0602201963	-0.0796101548	-0.000395257	0.0288221	-0.08530509999999998	0.000238384	-0.000443109	-3.24779e-05
0.027879047999999997	-0.0497459379	-0.0493258731	-0.0258914163	0.0481648584	0.0243071057	-0.0442660654	0.0546497862	-0.0052113902	-0.061775514	-0.079256569	-0.0029418000000000005	0.0262362	-0.075599	3.01799e-05	-0.00039050300000000016	-3.24779e-05
0.027984041499999997	-0.0322750629	0.0145201509	-0.0666743505	-0.012563546399999998	-0.004990830999999999	-0.0354918591	0.0540615151	-0.0068114617	-0.0632748254	-0.0787752489	-0.000358555	0.0312029	-0.0644996	-7.71723e-06	-0.00033360199999999995	5.94179e-05
0.019515057	-0.0441909037	0.0797576083	0.0210223639	0.0471529962	0.0103086952	-0.0534167371	0.0534677978	-0.0084087885	-0.0647167712	-0.07816697	-0.00038769900000000003	0.029794900000000006	-0.07535499999999999	9.44623e-06	-0.000368993	-3.24779e-05
0.02576577050000001	-0.05725631110000001	-0.030370959	0.0681431018	0.035424412	0.0552397218	-0.0371520012	0.052868694	-0.0100027269	-0.0661000441	-0.0774327128	-0.000395258	0.0319508	-0.06628719999999999	-0.000207128	-0.000443109	-3.24779e-05
0.028096562999999998	-0.0681316503	-0.07922209969999999	-0.0240200651	0.1007563943	-0.0024458709	-0.0214975371	0.0522642642	-0.0115926346	-0.06742339	-0.0765736605	0.00331345	0.018558500000000002	-0.0684188	-0.000215739	-0.000443109	-0.00020114599999999997
0.05158076400000002	-0.0706177032	0.012275102	-0.0824987596	0.0748686542	-0.0037081834	0.0036771872	0.0516545692	-0.0131778711	-0.0686856091	-0.07559119780000001	-0.000375414	0.0336529	-0.076549	2.5674000000000002e-05	-0.000443109	5.0787e-05
0.046789637	-0.08985422480000001	0.0676141737	-0.0536892585	0.0982406484	0.0291284506	-0.0201788185	0.0510396705	-0.0147577975	-0.0698855571	-0.0744869079	-0.000387551	0.018531799999999998	-0.0912187	2.5674000000000002e-05	-0.000685992	0.00014763799999999998
0.06563179599999999	-0.0652837343	0.0559753636	0.0333658955	0.0485635075	0.0313188211	0.0213764918	0.05041963	-0.0163317771	-0.0710221462	-0.0732625707	-0.000326305	0.048154	-0.0847288	2.5674000000000002e-05	-0.000123729	0.00012073200000000001
0.04739554750000001	-0.06929436809999999	-0.0383075704	0.0535428435	0.0347002423	0.0683210404	-0.006931470699999999	0.0497945101	-0.0178991758	-0.0720943458	-0.0719201593	-0.000390741	0.0293406	-0.0816153	8.71639e-05	-0.000443109	-6.482330000000003e-06
0.0646298605	-0.05837635450000001	-0.0629484864	-0.0112980265	0.0023669058	0.041775337200000005	-0.00659178	0.0491643739	-0.0194593619	-0.07310118389999999	-0.07046183730000001	-0.000382949	0.040176199999999995	-0.0584582	0.00030303	-7.52628e-05	-3.5357399999999995e-05
0.072755208	-0.0668367497	-0.0092523125	-0.0804939798	0.010912932	0.0177774901	-0.0451530668	0.0485292848	-0.0210117067	-0.0740417477	-0.06888995490000001	-0.000365596	0.018639	-0.07082150000000001	2.59608e-05	-0.000443109	9.64743e-05
0.023069879	-0.0788732493	0.0915504972	-0.0583031597	0.0374860877	0.0135341724	-0.0512556118	0.0478893067	-0.0225555848	-0.0749151845	-0.06720704549999999	-0.00534425	0.0186227	-0.0757694	0.00025649799999999997	-0.000443109	6.4471e-05
0.038076387	-0.0719098611	0.0619489372	0.0627091488	0.0769081549	0.0367853915	-0.0688851803	0.0472445043	-0.024090374	-0.0757207024	-0.06541582139999999	-0.000384878	0.0159879	-0.0800173	-4.69674e-05	-0.000305663	-1.93039e-05
0.030513205	-0.08995397349999999	-0.0562292733	0.044169455700000006	0.092049777	0.0014602341	-0.0451291787	0.046594942400000006	-0.0256154559	-0.07645757110000001	-0.0635191694	-0.0004769280000000001	0.0186458	-0.07094260000000001	-4.69674e-05	-0.000443109	-0.000255629
0.093708899	-0.0637571551	-0.0616179105	-0.0385638367	0.0291802785	-0.0119989068	-0.0386222142	0.0459406864	-0.0271302159	-0.0771251226	-0.0615201462	-0.000379324	0.0186954	-0.102107	0.0006683580000000001	-8.99554e-05	-7.61621e-05
0.21751095	0.0758890017	0.0131006804	0.05432783150000002	-0.4469183424	-0.1566145018	0.008513094	0.0452818024	-0.0286340436	-0.0777227516	-0.0594219737	-0.000281659	0.0114777	0.00024621	-0.0007605189999999998	-0.00037684400000000004	-0.000517244
0.088648811	0.0291868454	0.0177451954	-0.0319334791	-0.2487863652	-0.0454489181	0.0197660797	0.044618356500000005	-0.0301263332	-0.0782499164	-0.0572280333	-0.00529486	0.0187696	-0.0297983	-0.000550061	-0.000809789	-0.000234663
0.08624010999999998	1.97549e-05	0.0518802759	0.0045121025	-0.14272768789999998	-0.0288121201	0.1020295724	0.0439504158	-0.0316064831	-0.0787061389	-0.0549418609	-0.00930067	0.043491800000000004	-0.0526575	-0.00041221199999999996	-0.00038487199999999997	-0.00010437100000000001
0.015090179999999991	-0.0189276657	0.052325730300000005	0.0480057224	-0.0798138866	0.0123789266	0.0538883292	0.0432780475	-0.0330738971	-0.07909100570000001	-0.052567141100000006	-0.0112861	0.0425167	-0.059541599999999986	-0.000365539	-0.00044311	-0.00010437100000000001
0.036094239999999986	-0.0188449283	-0.039121033	0.0659186041	-0.0426879264	0.0086445605	0.0240560972	0.0426013192	-0.0345279838	-0.0794041677	-0.050107701	-0.00924216	0.0403104	-0.065702	-4.4918e-05	-0.000250059	-0.00010437100000000001
0.0728809109	-0.032842484500000005	-0.05857589150000001	-0.010491875	-0.0532051913	0.0259103804	0.010848245	0.0419202993	-0.0359681572	-0.079645341	-0.0475675045	-5.5649099999999995e-05	0.018769799999999996	-0.0584003	0.000377961	-0.000246678	-0.00037515300000000003
0.05716727089999999	-0.0326135159	-0.0128100027	-0.07287777299999999	-0.0463087153	-0.0274389521	0.0057323705	0.0412350562	-0.0373938371	-0.0798143071	-0.0449506455	-0.00636872	0.021546400000000004	-0.08027389999999998	0.0006109430000000001	-0.000266994	-0.00010437100000000001
0.0572568379	-0.0426586468	0.0734768117	-0.0300293319	-0.0293536921	0.0055182663	-0.0010471506	0.0405456591	-0.038804449	-0.0799109126	-0.0422613414	-2.84771e-05	0.018865700000000003	-0.0765503	-3.77879e-05	-0.000266994	0.000137144
0.0282075301	-0.0462720758	0.0195895903	0.0560544897	-0.0162510128	-0.0005121090000000001	0.0216565294	0.0398521774	-0.0401994245	-0.07993507009999999	-0.0395039266	-1.0842e-05	0.015622200000000001	-0.0766281	0.000443592	-0.000266994	0.00012115200000000001
0.036669118199999996	-0.0192640427	-0.0723757107	0.0407044276	-0.043606734	0.06371127530000001	-0.0067707329000000005	0.0391546809	-0.0415782013	-0.0798867576	-0.0366828449	-4.541520000000001e-05	0.018809400000000004	-0.0644559	0.00030617700000000003	-0.000401879	-3.20509e-05
0.0189064298	-0.0107478418	-0.0150187002	-0.048133242400000005	-0.07781011809999999	0.0311879607	0.0019893316	0.038453239900000005	-0.0429402241	-0.0797660189	-0.0338026431	-0.00232415	0.018849	-0.0603419	0.000252817	-0.000356912	0.00011910399999999999
0.0569030039	-0.0189725658	0.0721859685	-0.0027398817	-0.0459756572	0.0134726798	-0.0164609272	0.037747925	-0.0442849438	-0.0795729635	-0.030867963	-2.15311e-05	0.0320275	-0.073046	-0.000143018	-0.000241428	5.60673e-05
0.0318283511	-0.0261031894	-0.0128531338	0.0945141511	-0.0315840144	-0.006278606700000001	0.0024634236	0.037038807400000005	-0.0456118188	-0.0793077664	-0.0278835343	0.00225197	0.0315823	-0.0667804	-6.67409e-05	-0.000535022	-3.0942600000000004e-05
0.0423500575	-0.015887353400000002	-0.0748611338	-0.0077570789	-0.07790194519999999	-0.0268043014	0.028089955	0.0363259585	-0.0469203142	-0.0789706681	-0.0248541669	-8.562249999999998e-05	0.0397129	-0.0634614	0.000231217	-0.000357122	-0.00012634200000000002
0.0444634875	-0.0186401869	0.0443646662	-0.06488859999999999	-0.036633131	-0.042446878499999986	0.0419150208	0.035609450099999995	-0.0482099028	-0.0785619741	-0.0217847431	0.00580903	0.018731099999999997	-0.07237359999999997	0.000247733	-0.000357122	3.06387e-05
0.0251072826	-0.0127528566	0.0741112218	0.031452007000000004	-0.0184775329	0.0125685135	0.007524915999999999	0.0348893543	-0.0494800651	-0.078082055	-0.0186802098	-1.28176e-05	0.0187332	-0.0792554	0.000156712	-0.000357122	-0.00012637100000000001
0.0228612923	-0.0111229626	-0.0273364283	0.0814322055	-0.0453435609	0.0234209289	0.034502272	0.0341657437	-0.0507302891	-0.07753134589999999	-0.0155455703	2.0824699999999997e-05	0.018755200000000003	-0.0781235	0.00037382199999999995	-0.000567535	-0.000120419
0.049565625209999985	-0.0021757526	-0.08358790519999999	-0.0157726333	-0.0549271781	0.0020812655	0.0276050533	0.0334386912	-0.051960071	-0.07691034599999999	-0.0123858767	-5.600509999999998e-06	0.011773700000000002	-0.051360300000000005	0.000323009	-0.000357122	-0.000175083
0.03253743516	-0.0029070458000000003	0.0280151129	-0.076024857	-0.0613623719	-0.0221889842	0.0358795351	0.03270827	-0.0531689154	-0.0762196185	-0.0092062214	3.31365e-06	0.012968200000000001	-0.060465599999999994	0.0005070680000000001	-0.0004511	-8.54558e-06
0.04640970735000001	-0.0120078401	0.0706065212	0.0349865692	-0.030594121600000006	0.0021416637	0.017373812199999998	0.0319745538	-0.0543563352	-0.0754597894	-0.0060117288	0.00269081	0.00393193	-0.0673305	9.21502e-05	-0.000357122	-5.607060000000001e-05
0.0769594311	-0.0112738122	-0.043751	0.0597398432	-0.0033977813	0.0370922908	-0.0097266528	0.0312376164	-0.0555218517	-0.0746315476	-0.0028075473	2.55339e-05	-0.00956035	-0.080137	0.0008090009999999997	-0.000561422	-9.482730000000004e-05
0.07911418310000001	0.0037944925	-0.0623271189	0.0205614641	-1.11075e-05	0.0382612402	0.021068299900000004	0.0304975321	-0.0566649955	-0.0737356442	0.000401159	-3.91392e-05	0.0282096	-0.0770507	0.000314999	-0.000439051	5.26649e-05
0.029890941600000005	-0.0031194070000000003	-0.0295040702	-0.0515596303	0.0062508303	0.016890091399999998	0.0046448194	0.0297543755	-0.0577853059	-0.0727728912	0.0036092188	-7.85158e-05	0.017925299999999998	-0.07676770000000001	9.04027e-05	-0.000357122	-2.649510000000001e-05
0.041897019199999996	0.0088303996	0.032897129500000004	-0.060944552	-0.024453621600000003	0.0313766973	0.0195999115	0.0290082213	-0.0588823313	-0.0717441615	0.0068114617	-0.00387568	0.0333527	-0.08951100000000001	9.04027e-05	-0.000357122	0.00017208799999999998
0.035896890500000014	0.0092058782	0.0661125369	0.05899239410000001	-0.0312453172	0.026069667400000003	-0.0100110088	0.0282591448	-0.059955629800000014	-0.0706503878	0.0100027269	-0.00568497	0.032212	-0.0967373	0.000434239	-0.000357122	1.5122899999999996e-06
0.0607560445	0.022221504500000003	-0.0558038465	0.068056634	-0.0169434482	0.0221682976	0.0018869722	0.0275072215	-0.061004769	-0.06949256179999999	0.0131778711	-0.00662062	0.0539852	-0.07670449999999998	0.00012790299999999998	-0.000357122	-5.24396e-05
0.05318570500000002	0.0110839535	-0.0249841565	-0.0624346209	-0.0134082677	-0.0078493464	-0.0016423516	0.026752527	-0.0620293259	-0.068271733	0.0163317771	-0.00951589	0.0397703	-0.0882388	4.4493500000000004e-05	-0.0006327080000000001	7.938959999999997e-05
0.049245697000000005	0.014319155900000003	0.0602680424	-0.053380679900000005	-0.0037145997	-0.0041375482	0.0415590831	0.0259951375	-0.0630288878	-0.0669890084	0.0194593619	-0.00011815299999999999	0.050924300000000006	-0.09931469999999999	7.341669999999997e-05	-0.000357122	3.15376e-05
0.038619337000000004	0.0036231241	0.0378020967	0.0661895226	0.0412446511	0.0032765485	0.0142363366	0.0252351292	-0.06400305190000001	-0.06564555080000001	0.0225555848	-0.00529676	0.039150599999999994	-0.111937	0.000193232	-0.000357122	-2.9541700000000002e-05
0.05066314499999999	0.0149363681	-0.061839392	0.041366063	0.0246001955	0.0289666605	0.0158647127	0.0244725786	-0.06495142570000001	-0.0642425783	0.0256154559	-0.00587757	0.063024	-0.0891268	0.000158894	-0.000357122	-6.31784e-05
0.06189696329999999	0.0094699906	-0.0515298717	-0.06293469559999999	0.052614869800000005	0.011913428	-0.0184429481	0.0237075627	-0.065873627	-0.0627813628	0.0286340436	-9.16017e-05	0.0376017	-0.100793	0.000418874	-0.000357122	5.72915e-05
0.0436561658	0.0310054554	0.0365962594	-0.0677887177	0.0379295078	-0.0219516543	0.0226982121	0.0229401584	-0.0667692842	-0.0612632291	0.0316064831	-8.85909e-05	0.0597011	-0.0992909	5.55787e-05	-0.000357122	9.502930000000001e-05
0.0420074941	0.0281754386	0.0503282739	0.0412230398	0.0495290184	-0.0163569722	0.036535297	0.0221704431	-0.0676380363	-0.0596895534	0.0345279838	-0.000106275	0.0458272	-0.111852	-4.10135e-05	-0.00025195400000000003	-1.4306700000000001e-05
0.06015043499999999	0.0669054645	-0.053860542	0.06342340269999999	-0.0031773699	-0.0090055521	0.0020469722	0.0213984944	-0.0684795334	-0.0580617626	0.0373938371	-0.008640299999999998	0.0632384	-0.101207	-1.70186e-05	-0.000132322	-0.00034188400000000004
0.061443089999999985	0.0502935685	-0.0582884371	-0.0439714983	0.0283199526	-0.003789684	-0.040548066	0.0206243899	-0.0692934363	-0.05638133240000001	0.0401994245	-0.00748709	0.034569699999999995	-0.108134	4.8055e-05	-0.000357122	-0.000137874
0.028523210000000007	0.0639978935	0.0348793399	-0.0579063985	0.0212051899	-0.0250625219	0.0020966212	0.0198482077	-0.0700794171	-0.0546497862	0.0429402241	-0.00424048	0.0457765	-0.108395	0.000219322	-0.000454661	-0.00013050400000000004
0.01913055000000001	0.0487725898	0.0773172344	0.0069279577	0.051710057699999985	-0.008446324100000001	-0.0144251865	0.019070026	-0.07083715900000001	-0.052868694	0.0456118188	-0.000121495	0.045763	-0.105178	0.00024197200000000002	-0.000357122	-1.50717e-05
0.023069797999999992	0.0733672155	-0.0075291592000000015	0.0808373364	0.0519491489	0.0295815254	0.0065409076000000005	0.0182899231	-0.0715663568	-0.0510396705	0.0482099028	-0.000125638	0.0622137	-0.102327	0.000313639	-0.000357122	-1.8683800000000002e-05
0.070124226	0.0768602331	-0.08615171699999999	0.01450064	0.0367468281	-0.028330133700000006	-0.0244796526	0.0175079777	-0.07226671650000001	-0.0491643739	0.0507302891	-0.00021785400000000002	0.0539788	-0.0820322	-0.000212074	-0.000282903	-0.000248798
0.036871937999999986	0.0884198752	0.0240423571	-0.059831157300000014	-0.0170509132	-0.0782860715	-0.0014530941	0.016724268400000002	-0.072937956	-0.0472445043	0.0531689154	-0.000172641	0.06174320000000001	-0.08904400000000001	3.14935e-05	-0.000357122	-0.000125574
0.02415318	0.07864445490000001	0.0857141352	0.033344272700000004	0.0800438987	-0.0789177738	-0.0295460625	0.0159388744	-0.07357980480000001	-0.0452818024	0.0555218517	-0.000160386	0.0457908	-0.0889926	-0.00012436	-0.000357122	-0.000118685
0.014052406000000002	0.09016844	-0.0478474276	0.0704293373	0.055482887300000006	-0.0607254629	-0.0145283603	0.0151518747	-0.0741920043	-0.0432780475	0.0577853059	-0.000104765	0.0457649	-0.0890307	-2.91475e-05	-0.0002638	-2.8563800000000013e-05
0.032823375	0.08829087460000001	-0.0872663224	-0.0357933728	0.0811275912	-0.046173115	-0.018008278	0.0143633485	-0.0747743077	-0.0412350562	0.059955629800000014	-0.000127405	0.034347699999999995	-0.08563379999999997	0.000185578	-0.000357122	-8.024899999999997e-05
0.0226053508	0.0990826484	0.0472439239	-0.0614967859	0.0412475548	-0.079035364	-0.0247298999	0.0135733754	-0.0753264804	-0.0391546809	0.0620293259	-8.77542e-05	0.036338699999999995	-0.0891037	0.000185578	-0.0005042590000000001	0.00011471
0.0422511788	0.0817150079	0.0465463175	0.0323477709	0.1168050664	-0.0436273361	-0.0360728309	0.0127820349	-0.07584830000000001	-0.037038807400000005	0.06400305190000001	-0.000134483	0.024422299999999997	-0.102594	0.00024275400000000005	-0.000450349	-0.000110159
0.037867337999999987	0.1014256046	-0.0466368718	0.0469588285	0.1140100749	-0.0377331341	-0.041110982	0.0119894067	-0.0763395561	-0.0348893543	0.065873627	-0.000133495	0.0338541	-0.0924393	0.000390349	-0.000259183	-0.000136995
0.04593689599999999	0.0903115006	-0.0676179706	-0.0667260595	0.1207401375	-0.0122011935	-0.0668656848	0.0111955706	-0.0768000508	-0.03270827	0.0676380363	-0.000128394	0.0208108	-0.100799	5.9089099999999996e-05	-0.000357122	-7.561800000000001e-05
0.049903271	0.1257074863	0.050793467	-0.0737327445	0.0600126593	-0.116824436	-0.0745775068	0.0104006067	-0.0772295986	-0.0304975321	0.0692934363	-0.00407715	0.0367211	-0.08910379999999997	0.000185578	-0.00045845	6.35454e-05
0.04443281400000002	0.1176257478	0.0295029504	0.074581438	0.1245235677	-0.0552822638	-0.0348661516	0.0096045951	-0.0776280263	-0.0282591448	0.07083715900000001	-0.000122486	0.0273203	-0.10356300000000004	0.000282008	-0.000357122	-7.10596e-05
0.02540944500000001	0.1473211708	-0.0774841731	0.0288943764	0.042667822300000005	-0.06066324400000001	-0.0426877343	0.0088076158	-0.07799517339999999	-0.0259951375	0.07226671650000001	-0.000110871	0.027425400000000003	-0.0890979	0.000185578	-0.000249391	-8.345120000000001e-05
0.055611031	0.1463370765	-0.0203423228	-0.0952926854	0.0388252083	-0.0282592183	0.0259994123	0.0080097493	-0.078330892	-0.0237075627	0.07357980480000001	0.0042929	0.0143625	-0.08916019999999998	0.000418362	-0.00052844	0.000166357
0.06265855409999999	0.1851075856	0.0407461117	-0.002615074	-0.0244671703	-0.023661953500000003	0.0115371117	0.0072110759	-0.0786350467	-0.0213984944	0.0747743077	-1.26391e-05	0.0342075	-0.07582989999999999	0.0007209449999999999	-0.000444403	4.9422700000000004e-05
0.04885971028999999	0.155824586	-0.0540481801	0.0695441184	0.0277227827	0.0110492298	-0.005274515600000001	0.006411676	-0.07890751509999999	-0.019070026	0.07584830000000001	-7.5563100000000015e-06	0.0416491	-0.08918249999999997	0.00037575	-0.00061533	4.33615e-06
0.029998769190000007	0.1573900941	-0.0422417	-0.062081317300000015	-0.0360185598	-0.0244679053	-0.0179240124	0.0056116301	-0.0791481873	-0.016724268400000002	0.0768000508	-7.4758e-05	0.0346024	-0.08916309999999998	0.000451775	-0.000295634	-5.72522e-05
0.07224635448999997	0.1049255355	0.1114351173	-0.0083338477	0.0124065782	0.106190034	-0.0041679321000000005	0.004811019000000001	-0.07935696639999999	-0.0143633485	0.0776280263	-5.16351e-06	0.030254000000000007	-0.11136199999999999	0.0006217000000000001	-0.0005943119999999999	0.000386734
0.10680221351	0.0238441927	0.005205147	0.0689434872	0.0077105581000000015	0.1211307867	0.0466553717	0.0040099232	-0.0795337681	-0.0119894067	0.078330892	0.018176400000000002	0.0131708	-0.130373	0.00166046	-0.000606081	0.000386734
0.09385700000000001	0.0442129952	-0.0623278699	0.0047978795	0.0664125183	0.1039615587	0.0585243807	0.0032084234000000003	-0.0796785214	-0.0096045951	0.07890751509999999	0.015334299999999999	0.0279827	-0.108135	0.000875522	-0.00041216099999999997	0.000286292
0.034716800000000006	0.0291769325	0.018368251	-0.106917748	0.0488942005	0.0573186273	0.0645610982	0.0024066004	-0.0797911678	-0.0072110759	0.07935696639999999	0.0198312	0.0334962	-0.10815799999999999	0.00113216	-0.00035512	0.000466281
0.03874555	-0.0059515687	0.1242866736	0.0059471111	0.0318175147	0.08929685720000001	0.11515029	0.001604535	-0.0798716619	-0.004811019000000001	0.0796785214	0.0220369	0.0391761	-0.122679	0.000904891	-0.000284998	0.000495669
0.06458055	-0.1109421653	-0.0250076037	0.0718589992	-0.0386967483	0.1545669547	0.0873765019	0.0008023078999999999	-0.0799199714	-0.0024066004	0.0798716619	0.0372754	0.0234593	-0.12413099999999999	0.00108239	-0.000564149	0.0006824839999999999
0.08457790499999998	-0.0461247708	-0.0629559937	0.0229881782	0.0017597456	0.163926244	0.004616441	0.0	-0.0799360767	-0.0	0.0799360767	0.027267000000000003	0.0494894	-0.135765	0.00101124	-8.20519e-05	0.000497623
0.06200057	-0.0291399137	-0.0278559565	-0.1205072723	0.06493567110000001	0.0447677353	0.0286518448	-0.0008023078999999999	-0.0799199714	0.0024066004	0.0798716619	0.0222562	0.0392067	-0.11313	0.000647996	-7.474350000000001e-05	0.000386734
0.03517801	-0.048704414800000005	0.1199674261	-0.007801604300000002	0.0190012167	0.0902038451	0.0394437179	-0.001604535	-0.0798716619	0.004811019000000001	0.0796785214	0.025673900000000003	0.0427764	-0.115183	0.000983934	-5.6360299999999996e-05	0.000555165
0.067220885	-0.1126268014	0.0463564893	0.1073389472	-0.0127324373	0.121895182	0.0679086623	-0.0024066004	-0.0797911678	0.0072110759	0.07935696639999999	0.031532	0.04603019999999999	-0.15041500000000002	0.00111352	-0.000356464	0.000583015
0.04645565	-0.1874791273	-0.0835415865	0.0012433498	-0.06697418	0.08026183070000001	0.090441734	-0.0032084234000000003	-0.0796785214	0.0096045951	0.07890751509999999	0.034756800000000004	0.032821800000000005	-0.138037	0.0008956189999999998	-0.000228457	0.000589996
0.098072255	-0.1983200219	-0.0121990202	-0.0811967661	-0.109539914	-0.0148403246	0.0504460794	-0.0040099232	-0.0795337681	0.0119894067	0.078330892	0.041597300000000004	0.0392352	-0.179306	0.000425961	-3.03899e-05	0.000386734
0.07224004999999999	-0.1635180475	0.0691629955	-0.0357176738	-0.0224896505	-0.0625206726	0.0272304096	-0.004811019000000001	-0.07935696639999999	0.0143633485	0.0776280263	0.0384702	0.0170657	-0.151694	0.000614519	8.35311e-05	0.000470884
0.02387023999999999	-0.1585885858	0.0659931277	0.0793724241	-0.0353817416	-0.0335750585	0.04262699	-0.0056116301	-0.0791481873	0.016724268400000002	0.0768000508	0.044523400000000005	0.014853899999999996	-0.14303900000000005	0.000586211	5.64363e-05	0.000554486
0.039344675	-0.1380874792	-0.0786310533	0.0370261824	-0.0234823676	-0.051837268	-0.0213191691	-0.006411676	-0.07890751509999999	0.019070026	0.07584830000000001	0.0414824	0.017616099999999996	-0.121762	0.0007589139999999999	6.65778e-05	0.000492041
0.020455075000000003	-0.1093389259	-0.046783614800000005	-0.024347554	-0.0159086056	0.0180500142	-0.0349077581	-0.0072110759	-0.0786350467	0.0213984944	0.0747743077	0.0415409	0.0240959	-0.124626	0.000595146	4.53933e-05	0.000528144
0.028243069849999983	-0.1147376288	0.0234868623	-0.0895429935	0.0017178138	-0.0497906275	-0.017802403999999997	-0.0080097493	-0.078330892	0.0237075627	0.07357980480000001	0.041535199999999994	0.0103688	-0.11865099999999999	0.000561574	-8.970969999999998e-07	0.000618987
0.043795804850000015	-0.097250313	0.0982515371	-0.0022639561	-0.0249361032	-0.0326276604	-0.0138203621	-0.0088076158	-0.07799517339999999	0.0259951375	0.07226671650000001	0.0499115	0.014902200000000003	-0.116004	0.0009333439999999999	0.000101736	0.000709366
0.037612775	-0.1256770887	0.0205870995	0.0729800823	-0.0103957441	-0.0673098637	0.0359917134	-0.0096045951	-0.0776280263	0.0282591448	0.07083715900000001	0.041515699999999996	0.022513599999999998	-0.11476199999999999	0.000864843	8.559649999999999e-05	0.000386735
0.02753744999999999	-0.1016321967	-0.0952175308	0.0299796357	-0.0320159229	-0.0073494377	0.001701504	-0.0104006067	-0.0772295986	0.0304975321	0.0692934363	0.0415429	0.0192915	-0.11784800000000001	0.0006719419999999999	2.4744499999999997e-05	0.000216445
0.049332085	-0.0406008508	-0.0499558437	-0.0088558316	-0.0196183712	0.0546713885	-0.0568548793	-0.0111955706	-0.0768000508	0.03270827	0.0676380363	0.0252831	0.012712600000000001	-0.100841	0.000664819	3.70592e-05	0.000386735
0.03577653	-0.0621722257	-0.0279505149	-0.0983281913	-0.0275471359	-0.0164686733	0.0025714226	-0.0119894067	-0.0763395561	0.0348893543	0.065873627	0.0322203	0.009790030000000005	-0.11161800000000001	0.000751371	-0.000179184	0.000386735
0.06328847	-0.0957822412	0.0602838127	-0.0493970884	-0.0225829449	-0.0233440918	-0.0006979661	-0.0127820349	-0.07584830000000001	0.037038807400000005	0.06400305190000001	0.0390476	0.0287473	-0.12416300000000001	0.000738299	-1.1666e-05	0.000705323
0.0384876	-0.1203819544	0.0701696832	0.0430462544	-0.0307840311	-0.0720949545	0.00035891160000000005	-0.0135733754	-0.0753264804	0.0391546809	0.0620293259	0.0378514	0.027384699999999998	-0.132126	0.0009752739999999999	0.000122402	0.00051705
0.03510180000000001	-0.1016904634	0.0095474652	0.095096296	-0.0236779021	-0.07343967629999999	-0.0105502295	-0.0143633485	-0.0747743077	0.0412350562	0.059955629800000014	0.0415753	0.0318573	-0.13391199999999998	0.000891449	-0.000165844	0.000386735
0.08334319999999999	-0.089126535	-0.0680579747	0.0384460586	-0.0383825338	-0.017060395	-0.0233887402	-0.0151518747	-0.0741920043	0.0432780475	0.0577853059	0.0512759	0.026052	-0.114871	0.00046079599999999997	-0.000531625	0.000566227
0.03952085	-0.0684485629	-0.07051360429999999	-0.0250718707	-0.0478262139	-0.0009007642	-0.0147854416	-0.0159388744	-0.07357980480000001	0.0452818024	0.0555218517	0.0416565	0.0280918	-0.111874	0.00014299500000000004	-0.000531625	0.000386735
0.06489805	-0.1092125694	-0.0174094102	-0.0954005489	-0.0654577095	-0.0431421097	-0.0140700592	-0.016724268400000002	-0.072937956	0.0472445043	0.0531689154	0.049775099999999996	0.0196419	-0.120933	0.000579907	-0.000357547	0.0005611559999999999
0.0646275	-0.1198983725	0.0270713086	-0.0652895381	-0.0406536536	-0.0239986369	0.0365815197	-0.0175079777	-0.07226671650000001	0.0491643739	0.0507302891	0.0416705	0.0398695	-0.14541800000000002	0.0007257509999999997	-0.000368538	0.000481785
0.0525759	-0.1117950234	0.077140714	0.0432415912	-0.031228184	-0.1032194602	0.0056853605	-0.0182899231	-0.0715663568	0.0510396705	0.0482099028	0.045750099999999995	0.029112400000000007	-0.146059	0.000426345	-0.000192532	0.000215233
0.04052715	-0.1166231614	-0.0053652503	0.08612752650000001	-0.0361871623	-0.0678360581	0.0125059728	-0.019070026	-0.07083715900000001	0.052868694	0.0456118188	0.0416007	0.0363259	-0.142071	0.0008249159999999998	-0.00025483200000000003	0.000257887
0.05809565500000001	-0.1121670537	-0.07300333610000001	0.029791747200000007	-0.02400873	-0.0986846462	-0.0360800922	-0.0198482077	-0.0700794171	0.0546497862	0.0429402241	0.0415091	0.0273142	-0.13384000000000001	0.000395075	-9.37924e-05	3.35405e-05
0.05489916099999999	-0.0932567555	-0.07082190690000001	-0.0301070395	-0.0263241243	-0.0278122242	-0.0057057336	-0.0206243899	-0.0692934363	0.05638133240000001	0.0401994245	0.0415142	0.020365900000000003	-0.11348499999999999	0.0008005739999999998	-8.39098e-06	-2.73743e-05
0.09633755599999999	-0.0494568115	0.0249760123	-0.0740236188	0.0033259354	-0.0376038121	0.0091458494	-0.0213984944	-0.0684795334	0.0580617626	0.0373938371	0.0416858	0.0187824	-0.133384	1.68022e-05	-0.0004601	0.000230814
0.05677384000000001	-0.05019806	0.07329895089999999	-0.0150223709	0.0196214332	-0.0327165819	0.007909341700000001	-0.0221704431	-0.0676380363	0.0596895534	0.0345279838	0.041788099999999995	0.035198900000000005	-0.12431500000000001	0.00020878400000000005	-0.00020307099999999998	0.000405524
0.05525530000000002	-0.0015966025	0.0112252974	0.1038818535	0.0125852002	0.0197823763	-0.0033207663	-0.0229401584	-0.0667692842	0.0612632291	0.0316064831	0.041724300000000006	0.024590900000000002	-0.146366	0.00017733200000000002	-0.000388029	0.000171284
0.05438246499999999	-0.0151875614	-0.1044349834	0.0034127195	0.0287957147	0.031834423	0.0435715667	-0.0237075627	-0.065873627	0.0627813628	0.0286340436	0.0416785	0.0423756	-0.128893	-2.5043299999999998e-05	-0.000531626	0.00013567700000000004
0.139675215	0.0427302846	-0.048828033	-0.0707138407	-0.04746091980000002	0.06842477570000001	0.0372515218	-0.0244725786	-0.06495142570000001	0.0642425783	0.0256154559	0.038125	0.0249055	-0.179855	0.00105629	-0.000593674	0.00034608800000000004
0.133508	0.1345368851	0.0130925225	-0.0402485083	-0.1319492816	0.1192773046	0.0062294599	-0.0252351292	-0.06400305190000001	0.06564555080000001	0.0225555848	0.039198500000000004	0.0427588	-0.114809	0.000367259	-0.0006881360000000001	0.000138877
0.102992805	0.0768004545	0.0318156708	-0.0474405104	-0.1235307608	0.103349181	-0.0407325195	-0.0259951375	-0.0630288878	0.0669890084	0.0194593619	0.0321298	0.019856	-0.15242999999999998	4.3821899999999995e-05	-0.00033914800000000005	0.00010329600000000001
0.090463405	0.0921515898	0.08745615470000001	0.0312865165	-0.0786043542	0.0429332276	-0.0170772994	-0.026752527	-0.0620293259	0.068271733	0.0163317771	0.033034100000000004	0.05997	-0.137007	0.00039829599999999997	-0.000422324	0.00034608800000000004
0.02369169	0.0698774618	0.0327225369	0.1294139787	-0.0360417644	0.0302952905	-0.0621154427	-0.0275072215	-0.061004769	0.06949256179999999	0.0131778711	0.033814300000000005	0.061221199999999996	-0.136826	-3.12898e-05	-0.000422324	0.00034608800000000004
0.041124844999999986	0.0817078529	-0.0473887458	0.0413829836	-0.0296216926	0.0375197605	-0.0772847988	-0.0282591448	-0.059955629800000014	0.0706503878	0.0100027269	0.0296203	0.0642812	-0.12345999999999999	6.64941e-05	-0.000285707	0.000170392
0.076197235	0.0953146472	0.0349925651	-0.0683784013	-0.018160955	-0.0017577688	-0.1222585767	-0.0290082213	-0.0588823313	0.0717441615	0.0068114617	0.034414	0.0325509	-0.132961	9.52298e-05	-0.000422324	0.0006084840000000001
0.04693886000000001	0.1007482679	0.0994105861	0.0093121363	0.0154191206	-0.0449034804	-0.0578599785	-0.0297543755	-0.0577853059	0.0727728912	0.0036092188	0.031323000000000004	0.0380806	-0.137075	0.000612809	-0.000422324	0.00044198
0.04884333999999999	0.0591548298	-0.000203468	0.0864453865	0.033229789100000004	-0.0378855713	-0.0453068999	-0.0304975321	-0.0566649955	0.0737356442	0.000401159	0.0346609	0.00140496	-0.137087	0.000612809	-0.000502788	0.00034608800000000004
0.04633054	0.07756353769999999	-0.0924315444	0.0418083935	0.0225960815	-0.0100531049	-0.0264276861	-0.0312376164	-0.0555218517	0.0746315476	-0.0028075473	0.030683600000000002	0.0187118	-0.11803399999999999	0.000667595	-0.00056787	0.00034608800000000004
0.029069030000000006	0.0640133351	-0.0542189458	-0.084896797	0.0145409346	-0.028984439	-0.0347902487	-0.0319745538	-0.0543563352	0.0754597894	-0.0060117288	0.0318029	0.00665407	-0.119174	0.0006105419999999999	-0.00032988300000000005	0.00034608800000000004
0.03258723	0.0934214813	0.0837471905	-0.0324371818	-0.007682501899999999	0.0079999559	-0.0174207134	-0.03270827	-0.0531689154	0.0762196185	-0.0092062214	0.0366651	0.0157235	-0.115132	0.000818198	-0.00041449900000000003	0.00034608800000000004
0.04820325000000001	0.0595971363	0.0546279295	0.090634986	0.0070276883	0.005503066700000001	-0.0259032953	-0.0334386912	-0.051960071	0.07691034599999999	-0.0123858767	0.039150199999999996	0.0172679	-0.124421	0.00028407	-0.000578066	0.00034608800000000004
0.0755679	0.0693078569	-0.0812056585	0.0612220269	-0.0147371946	0.015727828899999997	-0.0303917588	-0.0341657437	-0.0507302891	0.07753134589999999	-0.0155455703	0.035754	0.00361043	-0.10925499999999999	0.00083044	-0.000526501	7.705840000000001e-05
0.04280115	0.0481995801	-0.0361842536	-0.0708656012	-0.0152001333	0.0157765024	-0.0320228069	-0.0348893543	-0.0494800651	0.078082055	-0.0186802098	0.0342272	0.0102209	-0.120056	0.000459941	-0.00048725900000000003	0.000144575
0.06123135	0.0793866575	0.0972083831	-0.054450655300000005	0.006099244100000001	0.0027099606	-0.0136520044	-0.035609450099999995	-0.0482099028	0.0785619741	-0.0217847431	0.0395363	0.0237915	-0.13114800000000001	0.000490667	-0.000843254	0.00038304699999999997
0.06782007	0.0620114228	0.0400726885	0.0762536674	0.010777421200000002	-0.0176320414	-0.0315502381	-0.0363259585	-0.0469203142	0.0789706681	-0.0248541669	0.0397163	0.00577588	-0.136977	0.000129143	-0.000408741	0.000303175
0.042602119999999966	0.0416285184	-0.0616857556	0.06832638469999999	-0.0091129174	0.0573953779	0.029366516800000006	-0.037038807400000005	-0.0456118188	0.0793077664	-0.0278835343	0.041791800000000004	0.0112505	-0.133664	0.0007418929999999997	-0.000430771	0.000303175
0.07525549	0.0381018889	-0.08753086310000001	-0.0425396117	-0.0274462916	0.0415430437	-0.0263694565	-0.037747925	-0.0442849438	0.0795729635	-0.030867963	0.0417079	-0.00415727	-0.11256300000000001	0.000251227	-0.000397325	5.4030600000000004e-05
0.05495415000000002	0.06416824389999999	0.0477476792	-0.0690806059	-0.0267768323	0.0192525454	-0.0351356086	-0.038453239900000005	-0.0429402241	0.0797660189	-0.0338026431	0.035646199999999996	0.01128	-0.11865	0.00044427400000000004	-0.000751302	5.369100000000001e-05
0.07739854999999997	0.0433806545	0.07877162780000001	0.0903310634	0.0158927972	-0.0204655411	-0.0526373601	-0.0391546809	-0.0415782013	0.0798867576	-0.0366828449	0.0461351	0.0177257	-0.13694	-0.00011708600000000001	-0.000843254	0.00024385799999999998
0.063524835	0.068546697	-0.0606675564	0.0631942351	0.0040124955	0.0027553031	-0.0933239115	-0.0398521774	-0.0401994245	0.07993507009999999	-0.0395039266	0.0348751	0.00603148	-0.127721	-0.00031497700000000003	-0.000701892	-4.39213e-05
0.029204114999999992	0.0390379985	-0.0772560264	-0.0617355602	0.0361807732	-0.029025726600000006	-0.0640704705	-0.0405456591	-0.038804449	0.0799109126	-0.0422613414	0.0395341	-0.00430407	-0.127394	-0.000422567	-0.0007000719999999999	0.00012432
0.04588403499999999	0.0372594142	0.0243353757	-0.0980180005	0.0100341876	-0.0304504383	-0.0502897158	-0.0412350562	-0.0373938371	0.0798143071	-0.0449506455	0.041722800000000004	-0.004191899999999999	-0.13251400000000002	9.255549999999999e-05	-0.000519054	5.119720000000001e-05
0.043692343000000015	0.0082497378	0.0854384159	-0.0003357724	0.0559297293	-0.0833761597	-0.016359732	-0.0419202993	-0.0359681572	0.079645341	-0.0475675045	0.0417463	-0.0007241719999999999	-0.146156	-6.303899999999999e-05	-0.000395444	0.000303175
0.048630253	0.008040814399999999	-0.0132558296	0.0707666299	0.0346130703	-0.025285509900000003	-0.0114884804	-0.0426013192	-0.0345279838	0.0794041677	-0.050107701	0.0459608	-0.00654021	-0.136947	0.00018838400000000002	-0.000454615	2.5954699999999997e-05
0.04971069	-0.014322366299999997	-0.1050600933	-0.0088258097	0.0467253046	-0.0160460579	-0.0033993771000000003	-0.0432780475	-0.0330738971	0.07909100570000001	-0.052567141100000006	0.0475338	-0.000487555	-0.14233099999999999	-0.000392049	-0.000445187	-0.000118205
0.04571474	-0.0009481013	-0.0068379566	-0.0936550231	0.0051937959	-0.0174948979	-0.0172133696	-0.0439504158	-0.0316064831	0.0787061389	-0.0549418609	0.0450809	-0.00331996	-0.147653	0.000110024	-0.00034782599999999997	-1.54903e-05
0.07488955499999997	-0.0007607642999999999	0.0693248442	-0.0309301121	0.0502493498	-0.0314767084	-0.0490116106	-0.044618356500000005	-0.0301263332	0.0782499164	-0.0572280333	0.0417226	-0.0067057	-0.156577	-0.000573346	-0.0004638380000000001	0.00036955800000000003
0.02323559999999999	0.0119838301	0.0608282012	0.0556215274	0.0152643002	0.0070741469999999985	-0.0157970197	-0.0452818024	-0.0286340436	0.0777227516	-0.0594219737	0.0417474	-0.0016474	-0.154726	-0.000324512	-0.000541034	0.00036955800000000003
0.07321056	0.0063793124	-0.040140442	0.071200942	0.0109334344	-0.0204941423	-0.0660973633	-0.0459406864	-0.0271302159	0.0771251226	-0.0615201462	0.0509234	-0.00449096	-0.164127	-0.0008197739999999999	-0.000843254	0.00013124
0.09932395	0.0400827876	-0.0729568704	0.0135689092	-0.0143608064	0.0165449674	-0.1029658076	-0.046594942400000006	-0.0256154559	0.07645757110000001	-0.0635191694	0.0416517	-0.00616057	-0.126156	-0.00040411300000000016	-0.000476171	-9.42488e-05
0.057226170000000014	0.016396127	-0.0460935045	-0.0787102487	0.0088823849	0.0074346939	-0.0882688791	-0.0472445043	-0.024090374	0.0757207024	-0.06541582139999999	0.04575030000000002	-0.014745500000000003	-0.140565	-0.000580664	-0.0004902519999999999	0.000317792
0.03655589	0.0198859897	0.0806840963	-0.0366931301	-0.0155515418	-0.0255072165	-0.0378137233	-0.0478893067	-0.0225555848	0.0749151845	-0.06720704549999999	0.050955099999999996	-0.00566551	-0.149143	-0.0005843269999999999	-0.00072041	0.00027775099999999996
0.07033318999999998	-0.003996722800000001	0.0831829663	0.074551082	0.0591985595	-0.0235725464	-0.018305585	-0.0485292848	-0.0210117067	0.0740417477	-0.06888995490000001	0.0536326	0.00134248	-0.17378	-0.000874726	-0.00101473	0.000413246
0.0456796	-0.0092887826	-0.0731163514	0.0508607323	0.0414209339	-0.0118408076	0.0160728511	-0.0491643739	-0.0194593619	0.07310118389999999	-0.07046183730000001	0.048663	-0.00663937	-0.161974	-0.00074947	-0.000843254	0.000291535
0.029072189	-0.0173369469	-0.07161183410000001	-0.0650492506	0.0543960349	-0.0327300661	0.008980269	-0.0497945101	-0.0178991758	0.0720943458	-0.0719201593	0.0606342	-0.000201381	-0.171073	-0.000729755	-0.0008548189999999999	0.000291535
0.028872141000000007	-0.032609670800000004	-0.0086300444	-0.108491446	0.0308695865	-0.04144058	0.0475580485	-0.05041963	-0.0163317771	0.0710221462	-0.0732625707	0.0542951	0.00710066	-0.17101	-0.0007511809999999999	-0.000668721	0.00038737099999999996
0.05921308960000001	-0.0235527238	0.061949151	0.0204652801	0.0641316316	-0.0262713235	0.0981734208	-0.0510396705	-0.0147577975	0.0698855571	-0.0744869079	0.0574696	-6.53296e-05	-0.18145	-0.00144785	-0.0007337949999999998	0.000380462
0.06570050960000001	-0.0083684448	-0.0349270114	0.0890187608	0.034398447799999995	0.0106855396	0.1076974961	-0.0516545692	-0.0131778711	0.0686856091	-0.07559119780000001	0.0561039	0.00948978	-0.170928	-0.000927858	-0.00045756	0.000291535
0.04734602499999999	0.0108416731	-0.08783032060000001	-0.0347978904	0.016541443200000002	0.037092866	0.1028964291	-0.0522642642	-0.0115926346	0.06742339	-0.0765736605	0.053494900000000005	0.0149586	-0.163863	-0.00105671	-0.0006406130000000001	-4.0624099999999996e-05
0.053712355	0.0249518832	0.0341166735	-0.0920072803	-0.0133811301	0.0616297746	0.0949713682	-0.052868694	-0.0100027269	0.0661000441	-0.0774327128	0.052847000000000005	0.0179604	-0.17488199999999998	-0.000623129	-0.000655746	0.000291535
0.057600749999999985	0.0035500878	0.0864453783	0.06439321769999999	0.027516721	0.0410267598	0.06852697	-0.0534677978	-0.0084087885	0.0647167712	-0.07816697	0.0520828	0.0238355	-0.196499	-0.000968173	-0.000413901	0.000291535
0.06333575	-0.0015502139999999998	-0.0335131286	0.0593476954	0.0275280648	0.0181603341	0.1156015042	-0.0540615151	-0.0068114617	0.0632748254	-0.0787752489	0.06262480000000001	0.038836300000000004	-0.182921	-0.00140145	-0.00036287900000000003	0.000291535
0.0204772	0.0016357526	-0.0626051303	-0.0311416704	0.0083662951	0.0609177455	0.074835891	-0.0546497862	-0.0052113902	0.061775514	-0.079256569	0.060679099999999986	0.0296577	-0.182999	-0.00136236	-0.00042221	0.000204458
0.03199444999999999	0.0084868689	0.0231080413	-0.0882658668	-0.0426687085	0.0298678349	0.0319251345	-0.0552325519	-0.0036092188	0.0602201963	-0.0796101548	0.054193399999999996	0.0290485	-0.180539	-0.00108772	-0.000509284	0.000291535
0.05705624999999999	0.0111283725	0.103861319	0.0437612292	0.0209359715	0.021081735	0.0997503684	-0.0558097533	-0.002005593	0.0586102822	-0.0798354362	0.052880399999999994	0.0494861	-0.18263	-0.00166388	-0.000421151	0.000291535
0.03600924999999998	0.0014384207999999998	-0.0401296972	0.0882497395	0.052830196	0.0024369782	0.0941514447	-0.05638133240000001	-0.000401159	0.0569472315	-0.0799320503	0.058534400000000014	0.050013	-0.168182	-0.00152147	-0.000491303	0.00038658
0.0392575	-0.0044747056	-0.08608204720000001	-0.0168062979	0.0509010927	0.0261633701	0.1119974386	-0.0569472315	0.0012034366	0.0552325519	-0.0798998413	0.053685800000000006	0.042047900000000006	-0.170713	-0.00187763	-0.0005183540000000001	0.000291535
0.040106699999999995	0.0128939999	0.0107036932	-0.1023088088	0.0125481165	0.0435928664	0.0909259302	-0.0575073938	0.0028075473	0.0534677978	-0.0797388611	0.05903020000000001	0.0447532	-0.182698	-0.00151758	-0.000559744	0.000291535
0.028220200000000008	0.0136528504	0.1053868794	-0.0022307803	0.0441608263	0.0536372591	0.118904236	-0.0580617626	0.0044105266	0.0516545692	-0.0794493692	0.061692399999999994	0.044269699999999995	-0.184865	-0.00156568	-0.000671995	0.0005893340000000001
0.03032104999999998	0.0079567501	-0.0023490694	0.08531335609999999	0.0092973905	0.0445674255	0.1096147831	-0.0586102822	0.0060117288	0.0497945101	-0.0790318321	0.06262619999999999	0.056170000000000005	-0.185744	-0.00170674	-0.00069396	0.0004202
0.026059199999999984	-0.0054142701	-0.08008575820000001	-0.0179774511	0.0222685376	0.0452365953	0.1027060395	-0.0591528974	0.007610508399999999	0.0478893067	-0.0784869228	0.0673722	0.057343700000000004	-0.18258	-0.00167603	-0.00046319199999999997	0.000342168
0.0400488	-0.0100569498	-0.0091776374	-0.1144022671	0.0122414003	0.047075503600000006	0.0937061967	-0.0596895534	0.0092062214	0.0459406864	-0.0778155195	0.0652918	0.052432400000000004	-0.188176	-0.00192645	-0.000640904	0.00046325800000000003
0.022748499999999987	-0.007385503199999998	0.0877475793	-0.0199709244	0.014351661399999997	0.0230772105	0.1199794911	-0.0602201963	0.0107982247	0.0439504158	-0.0770187042	0.0674758	0.054583800000000016	-0.196512	-0.00203779	-0.000603321	0.000515877
0.025016999999999998	-0.0051545263	0.0441972292	0.0745027612	0.0375616578	0.0208472308	0.1003317778	-0.0607447724	0.0123858767	0.0419202993	-0.0760977612	0.0674785	0.056308900000000016	-0.18654600000000002	-0.00208334	-0.000422306	0.000475978
0.036082800000000005	0.0043415983	-0.046844814500000005	0.0690489017	0.0235186308	0.0266210944	0.07455846990000001	-0.0612632291	0.0139685379	0.0398521774	-0.0750541746	0.0673464	0.06453009999999999	-0.182172	-0.00228034	-0.000507974	0.000291536
0.021555449999999983	-0.0121552984	-0.0380008081	-0.0664323109	-0.0020295413000000003	0.0218475515	0.0501951077	-0.061775514	0.0155455703	0.037747925	-0.07388962639999999	0.0674042	0.0627331	-0.18468800000000002	-0.00237982	-0.00062818	0.00041554300000000004
0.06330415	-0.0222635413	0.0943719001	-0.036249508	-0.0340332522	0.0073539902	0.0674605258	-0.062281575599999986	0.0171163386	0.035609450099999995	-0.0726059935	0.06751549999999999	0.06402200000000001	-0.192406	-0.00288695	-0.000114829	0.000478781
0.08815290000000002	-0.0415884145	0.0427898643	0.0796303301	-0.0053122596	-0.080590809	0.0527749803	-0.0627813628	0.0186802098	0.0334386912	-0.0712053446	0.0674514	0.10044199999999999	-0.22618899999999997	-0.0028355999999999998	-0.00023395	0.000291536
0.09012709999999996	-0.0128264284	-0.07389401599999999	0.034613627200000004	0.0317813593	0.0029086494	0.0279962131	-0.0632748254	0.0202365536	0.0312376164	-0.06968993700000001	0.0673996	0.063372	-0.234562	-0.00236271	-0.000528067	0.000417175
0.06864344999999998	0.0140026614	-0.0428961164	-0.1068810975	0.0567161935	0.0191672557	-0.0125819799	-0.0637619136	0.0217847431	0.0290082213	-0.0680622132	0.07372779999999997	0.0489282	-0.218054	-0.0026904	-0.000635505	0.0006093159999999999
0.0277683	-0.0080826243	0.0561341422	-0.0684821667	0.0367948991	0.051162186	0.0802280089	-0.0642425783	0.0233241543	0.026752527	-0.0663247964	0.0675588	0.0423647	-0.222998	-0.00268173	-0.000537552	0.000704529
0.05564745000000002	-0.014769931399999997	0.034801007	0.066645608	0.0156585745	-0.0112442741	0.0824510103	-0.0647167712	0.0248541669	0.0244725786	-0.0644804868	0.0675582	0.0643842	-0.205925	-0.00279058	-0.000436941	0.0005829030000000001
0.040688449999999966	-0.0271201739	-0.0938080803	0.0077762210999999986	-0.0031497423	0.0143496818	0.0844165812	-0.0651844444	0.0263741644	0.0221704431	-0.0625322567	0.0712004	0.0645395	-0.204996	-0.00320393	-0.00016401599999999998	0.000615867
0.040642949999999976	-0.019001545	0.0083920014	-0.08131277690000001	-0.0166675191	-0.0261867652	-0.0126759091	-0.06564555080000001	0.0278835343	0.0198482077	-0.060483246	0.06777369999999999	0.07266639999999999	-0.215383	-0.0032933	-0.00026452400000000003	0.0008000359999999997
0.03938635000000003	-0.0204003507	0.0839656142	0.0226143999	-0.0018500325	-0.0133262431	-0.0410297925	-0.0661000441	0.0293816684	0.0175079777	-0.058336757	0.06785369999999999	0.06966389999999999	-0.22392199999999998	-0.00304831	-0.00043795	0.000936917
0.029060850000000013	-0.0309342271	-0.0030574194	0.0713847915	-0.008516483100000001	-0.0821119977	-0.0688627078	-0.0665478783	0.030867963	0.0151518747	-0.0560962492	0.06584119999999999	0.07252769999999999	-0.21935700000000002	-0.00265995	-0.00043795	0.0009328860000000001
0.03299519999999998	-0.032590912400000005	-0.08726745039999999	-0.0320348039	-0.0001959333	-0.0438843937	-0.060757696500000014	-0.0669890084	0.0323418192	0.0127820349	-0.0537653335	0.06780890000000002	0.0671723	-0.217928	-0.00301703	-0.000418244	0.00082481
0.04624714999999996	-0.026599812	0.0346816506	-0.0732846347	-0.0069725949	-0.0688378237	-0.0683450251	-0.06742339	0.0338026431	0.0104006067	-0.0513477665	0.0725486	0.0705966	-0.22254200000000002	-0.0026866999999999998	-0.000201922	0.0009475410000000001
0.03197024999999998	-0.0158476438	0.0768740047	0.0438516097	0.0227612109	-0.048850172699999986	-0.055579215	-0.0678509792	0.0352498461	0.0080097493	-0.0488474444	0.07934199999999997	0.0641348	-0.22914299999999999	-0.00269347	-0.00028943400000000003	0.00109554
0.07589748000000003	-0.0292804535	-0.0302427706	0.0735515638	0.0100244325	-0.08875801300000001	-0.0877667142	-0.068271733	0.0366828449	0.0056116301	-0.046268397	0.0680608	0.0619555	-0.202154	-0.00317652	-9.279440000000001e-05	0.00106627
0.03790097	-0.028546713	-0.0981772001	-0.0465571521	-0.0066188349	0.0113368161	-0.0635784403	-0.0686856091	0.0381010623	0.0032084234000000003	-0.0436147809	0.07303989999999999	0.052462199999999994	-0.20199	-0.00289159	-9.78678e-05	0.000890982
0.04967539	-0.0215649302	0.0252960964	-0.0620434741	-0.0392097727	-0.0323011339	-0.1260697522	-0.0690925657	0.0395039266	0.0008023078999999999	-0.0408908726	0.0680183	0.07257439999999997	-0.202704	-0.00328768	-3.611e-05	0.000909686
0.043326979999999966	-0.0189044577	0.0700491479	0.0425559584	-0.0099306495	-0.0465587769	-0.0736211838	-0.06949256179999999	0.0408908726	-0.001604535	-0.0381010623	0.0679455	0.058789199999999986	-0.21991	-0.00310792	2.13446e-05	0.0009177310000000001
0.050836905	-0.0176991445	-0.0500593326	0.058511759800000014	-0.017748763600000002	-0.0927640899	-0.08030869709999999	-0.0698855571	0.0422613414	-0.0040099232	-0.0352498461	0.07472049999999998	0.0704955	-0.20720999999999998	-0.00279908	2.60927e-05	0.000838207
0.02758535	-0.0221479515	-0.0871674392	-0.0330216034	-0.0055415547	-0.028742906	-0.08610042150000001	-0.0702715121	0.0436147809	-0.006411676	-0.0323418192	0.0677175	0.0683383	-0.205066	-0.00298819	6.52737e-05	0.000740875
0.032984015	-0.0094773001	0.0631436313	-0.047863841100000006	-0.0237464255	-0.0257331436	-0.0837299722	-0.0706503878	0.0449506455	-0.0088076158	-0.0293816684	0.0771705	0.07046760000000002	-0.202921	-0.00295507	0.00016948099999999994	0.000988682
0.05244004999999999	-0.0196460786	0.0602161585	0.0761610202	-0.0186544758	-0.0422887193	-0.0890922954	-0.0710221462	0.046268397	-0.0111955706	-0.0263741644	0.0753177	0.07649939999999998	-0.198727	-0.00342802	0.000414166	0.000899088
0.030934339999999994	-0.0114275381	-0.0651878563	0.0259533339	-0.0353451744	-0.0324908361	-0.08343814620000001	-0.0713867496	0.0475675045	-0.0135733754	-0.0233241543	0.07337159999999998	0.0762811	-0.191824	-0.00346576	2.97912e-05	0.0008838639999999998
0.05559348850000001	-0.0243450246	-0.0463872213	-0.0668194554	-0.055323646	-0.0203169201	-0.0937547717	-0.0717441615	0.0488474444	-0.0159388744	-0.0202365536	0.07504569999999999	0.058126599999999994	-0.20117100000000002	-0.00299235	-5.911569999999997e-06	0.0008646189999999997
0.035521441499999994	-0.024206727400000003	0.0584426782	-0.0310413032	-0.0362598415	-0.0393229324	-0.0834554006	-0.0720943458	0.050107701	-0.0182899231	-0.0171163386	0.06781480000000001	0.06978730000000001	-0.194295	-0.00306021	-4.67784e-05	0.000950969
0.05906121999999999	-0.0097896888	0.052361376900000006	0.0817914917	-0.06382941889999999	-0.025726206600000003	-0.0408515546	-0.0724372672	0.0513477665	-0.0206243899	-0.0139685379	0.0678817	0.09143960000000001	-0.214716	-0.00305446	0.000212633	0.0008777099999999998
0.08729944999999997	-0.0021943629	-0.0462796128	0.0732754175	-0.0657801217	-0.06917485400000001	-0.0660037646	-0.0727728912	0.052567141100000006	-0.0229401584	-0.0107982247	0.06781420000000002	0.0955924	-0.173663	-0.0037306999999999996	0.000212633	0.000713427
0.04557444999999999	-0.0264813634	-0.0582902324	-0.0443597749	-0.0519050386	-0.0127176704	-0.1051773646	-0.07310118389999999	0.0537653335	-0.0252351292	-0.007610508399999999	0.06786389999999999	0.0885065	-0.18895	-0.00374042	-0.000152414	0.0008016969999999997
0.057960049999999985	-0.0125973153	0.0613045505	-0.0207052922	-0.0097760774	0.0108895653	-0.1134895757	-0.0734221124	0.0549418609	-0.0275072215	-0.0044105266	0.0753665	0.09455419999999999	-0.20343699999999998	-0.00359347	0.00010290700000000001	0.0009978810000000002
0.028027149999999976	-0.0241130331	0.0276206758	0.0888805743	-0.0020944157	-0.0153881476	-0.0895369095	-0.0737356442	0.0560962492	-0.0297543755	-0.0012034366	0.07522199999999997	0.09879919999999999	-0.207552	-0.00347765	-4.698e-06	0.000830853
0.02575524999999999	-0.0060039193000000005	-0.0882632624	-3.44795e-05	0.000192977	0.0494106227	-0.1197282173	-0.0740417477	0.0572280333	-0.0319745538	0.002005593	0.0677118	0.09224650000000001	-0.206652	-0.00349086	-0.000106137	0.0007296549999999997
0.051033080000000015	-0.0088990881	-0.0330267748	-0.0788644125	-0.0526535148	0.1303574187	-0.0934309768	-0.0743403923	0.058336757	-0.0341657437	0.0052113902	0.06786289999999999	0.0860745	-0.193082	-0.00324949	2.1942600000000002e-05	0.000983005
0.060659470000000014	-0.0180461844	0.0715331961	-0.0216170207	-0.0812871459	0.0418331779	-0.0370635751	-0.0746315476	0.0594219737	-0.0363259585	0.0084087885	0.07062880000000002	0.0987444	-0.209115	-0.00360372	0.00022737099999999998	0.00100716
0.06139155	-0.0089150111	0.050690182	0.089742831	-0.0719762382	0.0592646108	-0.0321266563	-0.0749151845	0.060483246	-0.038453239900000005	0.0115926346	0.06800439999999999	0.104848	-0.186091	-0.0038313	0.000475538	0.000890116
0.04373055000000002	0.001730422	-0.0821088273	0.0625712681	-0.08611338660000001	0.0286636405	-0.0216509816	-0.07519127440000001	0.0615201462	-0.0405456591	0.0147577975	0.0746044	0.0989449	-0.18377000000000002	-0.0034966000000000003	0.00028147299999999997	0.0008407519999999997
0.07174979999999999	-0.0083101706	-0.0425935527	-0.0427307667	-0.1074544987	0.0457787803	-0.0384716312	-0.0754597894	0.0625322567	-0.0426013192	0.0178991758	0.0678578	0.11650700000000005	-0.192688	-0.00399774	0.000439009	0.000728966
0.05929320000000005	0.0119216802	0.0621706139	-0.0161074865	-0.08212421730000001	0.0272339197	-0.0733311784	-0.0757207024	0.0635191694	-0.044618356500000005	0.0210117067	0.0682767	0.127564	-0.196272	-0.00459191	0.000411846	0.0009922989999999999
0.06661525000000001	-0.0003494855	0.0537461833	0.0476062193	-0.0307740388	-0.0354502843	-0.001956986	-0.0759739873	0.0644804868	-0.046594942400000006	0.024090374	0.0679053	0.12122899999999999	-0.19284	-0.00384432	0.000251859	0.000770339
0.037825099999999987	0.0015864678	-0.0599377019	0.06877225599999999	-0.0211254011	-0.0633546059	-0.0030064363	-0.0762196185	0.06541582139999999	-0.0485292848	0.0271302159	0.06782080000000001	0.114598	-0.200969	-0.00351904	0.000186775	0.0008395869999999999
0.05276909999999997	-0.0077839259	-0.0525601584	-0.0257078873	-0.0318894748	-0.07456150019999999	-0.00084371	-0.07645757110000001	0.0663247964	-0.05041963	0.0301263332	0.06777230000000001	0.13017200000000004	-0.201292	-0.00408186	0.00015698	0.00069573
0.14321300000000006	0.0337009995	0.0540659551	-0.0691979633	-0.0190247132	0.3660362897	-0.1404325825	-0.0766878214	0.06720704549999999	-0.0522642642	0.0330738971	0.07315499999999997	0.0361121	-0.216196	-0.00420942	-0.0001816	0.000806918
0.13257422000000002	0.0247954436	0.0610442563	-0.0077547615	-0.1077952666	0.17875994609999998	-0.0507555845	-0.07691034599999999	0.0680622132	-0.0540615151	0.0359681572	0.06364550000000001	0.06703510000000001	-0.202011	-0.00327058	-3.09976e-05	0.000337226
0.12849433	0.0111216206	0.013971355800000002	-0.0054869446	-0.1121108743	-0.08277841679999999	0.1292915526	-0.0771251226	0.06888995490000001	-0.0558097533	0.038804449	0.061389699999999985	0.11233	-0.20550300000000002	-0.00425443	0.000104696	0.0007667149999999997
0.08525885000000002	0.0038454457	0.047418034000000005	0.0409501183	-0.0708288411	-0.054559727800000006	0.0748068076	-0.0773321295	0.06968993700000001	-0.0575073938	0.0415782013	0.0570891	0.13228499999999999	-0.18638	-0.00468727	0.000320062	0.000577316
0.06532150000000009	0.0057799748	-0.043987725	0.0574355855	-0.018199994	-0.1320221551	0.056200062300000006	-0.07753134589999999	0.07046183730000001	-0.0591528974	0.0442849438	0.0678721	0.132234	-0.19905599999999998	-0.00422791	0.00045415099999999997	0.000820097
0.07177685000000009	0.0034720501	-0.08120736099999999	-0.016921701	0.0242979873	-0.091326548	0.0078292854	-0.0777227516	0.0712053446	-0.0607447724	0.0469203142	0.0678221	0.139138	-0.173193	-0.00460269	0.000147176	0.000722655
0.057031209999999985	-0.0041069062	0.0076209743	-0.0724364307	0.0039166567	-0.047763202000000005	0.003158028	-0.0779063275	0.0719201593	-0.062281575599999986	0.0494800651	0.06397130000000001	0.12984600000000002	-0.195365	-0.0047877	4.16218e-05	0.0008664189999999999
0.020650709999999985	7.2313e-05	0.0518135445	0.0301159818	0.0415133556	-0.0039359513	0.0009091988	-0.078082055	0.0726059935	-0.0637619136	0.051960071	0.0655607	0.132241	-0.198154	-0.00464977	0.000119486	0.000804667
0.02658595000000001	-0.0126632752	-0.0435417495	0.0573131346	0.072668122	-0.0190418667	0.0348216888	-0.0782499164	0.0732625707	-0.0651844444	0.0543563352	0.0679913	0.132266	-0.20520500000000005	-0.00476077	0.000336388	0.0007909819999999998
0.04142950000000002	-0.0057463553	-0.0626706683	-0.0358961007	0.0317817966	0.0356452884	0.0250938104	-0.0784098948	0.07388962639999999	-0.0665478783	0.0566649955	0.06791160000000003	0.140746	-0.192859	-0.00448171	0.00022762	0.0007683339999999999
0.06341290000000001	0.0010128553	-0.001853817	-0.08664213429999999	0.0152039897	0.0598665256	0.08679580529999999	-0.0785619741	0.0744869079	-0.0678509792	0.0588823313	0.06820010000000001	0.139071	-0.20575	-0.00501852	0.000475756	0.0009545560000000001
0.026545100000000026	0.0055139657	0.0752477107	0.006074445	0.0086800122	0.0903461858	0.0395215251	-0.0787061389	0.0750541746	-0.0690925657	0.061004769	0.0682317	0.15523800000000001	-0.202751	-0.00493754	0.00042357699999999996	0.0009683469999999999
0.02290065	0.0046487419	0.0103580489	0.0793474191	0.0136523892	0.0927744485	0.0009913618	-0.0788423748	0.07559119780000001	-0.0702715121	0.0630288878	0.06825039999999999	0.155792	-0.20040999999999998	-0.00510783	0.000623714	0.000939035
0.028712799999999983	-0.0004289284	-0.0318298492	-0.0473417583	0.0043804243	0.14993291890000002	-0.0892329424	-0.0789706681	0.0760977612	-0.0713867496	0.06495142570000001	0.0679965	0.156717	-0.195155	-0.00493754	0.000522849	0.000764612
0.03745774999999997	0.003557070300000001	0.0834367349	-0.0391037346	0.0319772631	0.1164509476	-0.0949317373	-0.07909100570000001	0.0765736605	-0.0724372672	0.0667692842	0.0681594	0.154798	-0.20311300000000002	-0.00461747	0.000447148	0.000917198
0.030827099999999955	-0.0170320648	0.0505437979	0.0581887793	0.06878811900000001	0.0975263093	-0.1047420902	-0.0792033756	0.0770187042	-0.0734221124	0.0684795334	0.07234509999999998	0.148674	-0.190124	-0.00463554	0.000355026	0.0008768219999999998
0.028879049999999983	-0.0055910906	-0.0503296362	0.010637434	0.07379605809999999	0.0910472665	-0.0943416171	-0.0793077664	0.0774327128	-0.0743403923	0.0700794171	0.0612481	0.138909	-0.185624	-0.00468735	0.000364835	0.0008855439999999998
0.05256569999999999	0.0012524443	-0.0076485802	-0.0731837524	0.0206206454	0.0653676311	0.0016565020999999998	-0.0794041677	0.0778155195	-0.07519127440000001	0.0715663568	0.0636291	0.15596600000000002	-0.17714000000000002	-0.00493754	0.00026279	0.000744905
0.02717125	-0.00630813	0.06614959549999999	-0.0184189787	0.0439619179	0.0549107384	0.0291649534	-0.0794925697	0.07816697	-0.0759739873	0.072937956	0.0626608	0.157125	-0.188699	-0.00493754	0.00034862900000000004	0.000928765
0.04005395000000003	-0.0032531286	0.0238378321	0.0409085177	0.0742624954	-0.013173205	0.0130965022	-0.0795729635	0.0784869228	-0.0766878214	0.0741920043	0.0609888	0.160695	-0.183527	-0.0046589	0.00019334	0.000769895
0.03908830000000001	-0.0093366106	-0.0614021156	-0.0129783879	0.0882269802	0.0696538233	0.0285446937	-0.079645341	0.0787752489	-0.0773321295	0.0753264804	0.061286	0.16078	-0.184479	-0.00520233	0.000145291	0.0006062919999999999
0.06410504999999997	0.0095933529	-0.0170807496	-0.0843801849	-0.0001680151	0.0145923799	0.0893593353	-0.079709695	0.0790318321	-0.0779063275	0.0763395561	0.053026300000000005	0.17828	-0.164325	-0.00500367	0.00023584799999999998	0.0006809019999999999
0.041673189999999985	0.0138938025	0.06677324059999999	-0.0080842098	0.054033160199999986	-0.0188692558	0.0614001026	-0.0797660189	0.079256569	-0.0784098948	0.0772295986	0.052460900000000005	0.178306	-0.180654	-0.00515242	-8.10548e-05	0.000710305
0.031918389999999984	0.0091589834	0.0140805874	0.0448783664	0.0900825528	-0.0467732656	0.0237177045	-0.0798143071	0.0794493692	-0.0788423748	0.07799517339999999	0.055599	0.178305	-0.188402	-0.00505891	0.00010470799999999999	0.000568952
0.043512899999999986	0.0267571055	-0.062994762	0.0219640281	-0.008410942900000001	-0.0826692879	0.1355963644	-0.0798545546	0.0796101548	-0.0792033756	0.0786350467	0.06743099999999999	0.184347	-0.18620899999999999	-0.00493754	0.000220531	0.00033722699999999995
0.07602450000000005	0.055003899	-0.0548019691	0.0047053651	-0.0342814762	-0.1450546541	0.1525331659	-0.0798867576	0.0797388611	-0.0794925697	0.0791481873	0.0603389	0.176846	-0.174091	-0.00558155	0.00047291099999999996	0.000247349
0.04695064999999999	0.0569879072	-0.0534988317	-0.0425227769	0.0019083873	-0.1660739914	0.1515693753	-0.0799109126	0.0798354362	-0.079709695	0.0795337681	0.053773900000000006	0.196958	-0.180142	-0.00553727	0.000310528	0.000325139
0.023773649999999952	0.0497243056	0.0134199697	-0.0062187374	0.042100185	-0.1969883612	0.1133166849	-0.0799270173	0.0798998413	-0.0798545546	0.0797911678	0.052275199999999994	0.191243	-0.180005	-0.00567367	0.00035755	0.000470176
0.03274605500000001	0.0291651254	0.0192725634	0.0337501467	0.0857104256	-0.117474184	0.08815961470000001	-0.07993507009999999	0.0799320503	-0.0799270173	0.0799199714	0.051890599999999995	0.192982	-0.173518	-0.00577417	8.940389999999999e-05	0.000356113
