0.0	-0.004444892	0.0390233398	-0.0382990145	-0.0414385174	0.100552952	-0.0136325098	0.07993507009999999	0.0799320503	0.0799270173	0.0799199714	0.0	-0.0216136	-0.00459696	0.0	-0.0	0.0
0.05283908	-0.0285750804	0.004872308400000001	0.05115198	-0.0484231662	0.0757984489	-0.0598151632	0.0799270173	0.0798998413	0.0798545546	0.0797911678	-0.009979700000000001	-0.00517723	0.0032262000000000002	0.000204402	0.000167595	0.0
0.04524327761	0.0165981946	-0.0492309707	-0.0100710147	-0.0604111346	0.0880322745	-0.0337028562	0.0799109126	0.0798354362	0.079709695	0.0795337681	1.3907699999999999e-05	-0.0199895	-5.65491e-06	0.00019833400000000002	-0.000116425	5.40229e-05
0.02453012642	0.0145089685	0.0422431144	-0.0300526129	-0.0408431125	0.0410576334	-0.074846975	0.0798867576	0.0797388611	0.0794925697	0.0791481873	2.8149899999999996e-05	-0.016183000000000003	-2.11569e-06	0.0	-0.000278185	0.0
0.020821765790000002	-0.0409736207	0.0074506467000000015	0.0753513814	-0.069350459	0.1170378277	-0.1001222126	0.0798545546	0.0796101548	0.0792033756	0.0786350467	0.00693855	-0.016183000000000003	0.0	0.0	-0.0	0.0
0.0450150477	0.0175706012	-0.0360132889	0.001723014	-0.0005908841	0.1417085803	-0.062938138	0.0798143071	0.0794493692	0.0788423748	0.07799517339999999	2.70991e-05	-0.0255401	1.0496800000000001e-05	0.000291388	-0.00015811	-0.000125222
0.060680194100000015	0.0017956053	0.0348093315	-0.022309876800000003	0.0320619427	0.0759190574	-0.0205509573	0.0797660189	0.079256569	0.0784098948	0.0772295986	0.00999292	-0.0161744	0.0158124	6.37846e-05	-0.0	0.0
0.03833926	-0.0326182523	0.0308788405	0.0576243731	-0.0590588327	0.0833398476	-0.1212026554	0.079709695	0.0790318321	0.0779063275	0.0763395561	0.00466999	-0.030189099999999996	0.0	0.0	-0.0	0.0
0.02197385	0.0182198656	-0.0634950495	0.0071918392	-0.0860652499	0.0607909354	-0.058218386	0.079645341	0.0787752489	0.0773321295	0.0753264804	0.00466999	-0.029212099999999998	-0.011990899999999999	-0.00018011900000000001	-0.0	0.0
0.060674915	0.0248195286	0.0064731416	-0.0644075295	-0.0460281262	-0.009129548	0.0309353701	0.0795729635	0.0784869228	0.0766878214	0.0741920043	0.0046582	-0.024313099999999997	-0.00579487	0.000590163	9.286489999999999e-05	0.000128215
0.068115749	-0.0255220686	0.0159714995	0.0446283955	-0.0385254606	0.063872466	-0.0868640852	0.0794925697	0.07816697	0.0759739873	0.072937956	-0.00792583	-0.0161778	1.0244e-05	0.00013496799999999999	0.000341281	0.0
0.038744316	-0.0002204657	-0.0660475979	0.0099581217	-0.0274002594	0.0120977354	0.0025117827	0.0794041677	0.0778155195	0.07519127440000001	0.0715663568	-0.00524145	-0.011585999999999999	0.007665929999999999	0.0	-0.0	0.0
0.049524573626	0.0009775572	0.006202443199999999	-0.0669380627	0.0395896302	-0.0454513089	0.0564326611	0.0793077664	0.0774327128	0.0743403923	0.0700794171	0.00466999	0.00612465	3.96374e-07	0.000284739	-0.0	0.0
0.037223728625999986	-0.032763537	0.0604393385	0.0276450055	0.0267715246	0.0108931578	0.0022212003	0.0792033756	0.0770187042	0.0734221124	0.0684795334	0.00466793	-0.00245076	0.00460983	0.00055425	8.736549999999998e-05	0.00012386
0.051407975	-0.0277876906	-0.0473139955	0.022449284500000003	0.0119078591	-0.0303920756	0.0623374102	0.07909100570000001	0.0765736605	0.0724372672	0.0667692842	0.00464578	0.00610954	0.00917985	6.28834e-05	0.000350027	0.000134942
0.05172046339999999	0.0134566161	-0.0207117442	-0.0756710644	-0.0293601381	-0.0485288697	0.0473847652	0.0789706681	0.0760977612	0.0713867496	0.06495142570000001	0.00465844	-0.00754971	1.88266e-05	0.000561656	0.000364326	0.00019962099999999998
0.0659659266	-0.0474996752	0.0627616191	0.0107014117	0.0249833491	-0.0170087568	0.0536514804	0.0788423748	0.07559119780000001	0.0702715121	0.0630288878	0.00703847	0.00695607	-0.00723324	0.00017350200000000002	-0.0	0.00011554
0.0397088366	-0.0190816503	-0.0518488469	0.0115072241	0.0335482312	-0.0449493547	0.0099337873	0.0787061389	0.0750541746	0.0690925657	0.061004769	0.00466861	0.00596821	1.2216600000000001e-05	9.780180000000001e-05	0.000332195	0.000289758
0.0574827034	0.0102089485	0.0201430299	-0.06958553	0.0362532104	-0.0194186406	0.0278771446	0.0785619741	0.0744869079	0.0678509792	0.0588823313	0.00466986	-0.00284888	0.00427397	0.000524381	1.7399299999999995e-23	0.00016048
0.06858118000000002	-0.0542360909	0.0368113954	0.0482548756	0.051485236100000005	-0.0645387001	0.0087261532	0.0784098948	0.07388962639999999	0.0665478783	0.0566649955	0.00466999	0.00599049	0.016405	-0.000267352	-0.0	0.0
0.05399922619999999	0.0071730577	-0.0648567304	-0.0246839794	0.0052308751	-0.0288502895	0.0432826626	0.0782499164	0.0732625707	0.0651844444	0.0543563352	0.00466237	0.00287622	1.19538e-05	3.3087199999999996e-24	0.00036620699999999996	5.612680000000001e-05
0.0335469438	-0.0006706166000000001	0.0273690267	-0.06674416799999999	0.0431341005	-0.0638673126	0.045132386600000005	0.078082055	0.0726059935	0.0637619136	0.051960071	-0.00403121	0.00660094	0.0	0.0	-0.0	0.0
0.05851619999999999	-0.0327697869	0.0132065304	0.0469243447	-0.016184291	-0.0615912803	0.0181065291	0.0779063275	0.0719201593	0.062281575599999986	0.0494800651	-0.00694589	0.00407098	-0.00974161	-0.000131751	0.000370936	0.000363912
0.06262214999999999	0.0001226895	-0.0502978769	-0.0039464499	0.0198019018	0.0451045862	0.1127840111	0.0777227516	0.0712053446	0.0607447724	0.0469203142	-0.00296498	-0.0133703	0.0	0.0	-0.0	0.000237432
0.07041252828	0.0106651336	0.0144337135	-0.0787692501	0.033889998	-0.0926999917	0.096098836	0.07753134589999999	0.07046183730000001	0.0591528974	0.0442849438	-0.00827477	0.0125498	-9.13828e-06	0.00041601	0.000359199	0.000229171
0.03836599297	-0.038237594900000005	0.0201439791	0.0505802605	0.0663188855	-0.0698064455	0.0130392863	0.0773321295	0.06968993700000001	0.0575073938	0.0415782013	0.00467979	0.00149904	7.1846899999999985e-06	0.000191195	0.000368585	0.000176485
0.051764770310000006	0.0046506012	-0.0656823311	-0.0270920205	0.1119108109	-0.0376099286	0.08277296070000001	0.0771251226	0.06888995490000001	0.0558097533	0.038804449	0.00466854	-0.007627939999999999	0.0210374	5.51705e-05	0.000249759	0.000353561
0.050826185	0.0097252494	0.0363362852	-0.0296904051	-0.0065531535	-0.047543513200000005	-0.009913657	0.07691034599999999	0.0680622132	0.0540615151	0.0359681572	-0.00228416	-0.00763485	-0.0108785	0.00018103099999999998	0.00020678799999999999	0.000283379
0.042219925	-0.0196514893	-0.0199866377	0.06760113820000001	0.0399110006	0.0029197419	-0.07293575990000001	0.0766878214	0.06720704549999999	0.0522642642	0.0330738971	0.0046743	0.00197826	-0.00639742	6.54685e-05	-0.0	0.000384374
0.064504805	0.028103674300000003	-0.0191396599	-0.0444436035	0.0427909633	0.0028214699	0.06733181860000001	0.07645757110000001	0.0663247964	0.05041963	0.0301263332	0.008213669999999998	0.0148252	0.0118663	0.000109248	0.00034819	0.000179248
0.04734666	-0.021462784	0.0526703583	0.034884586	0.0330429963	0.0027638145	-0.0905712186	0.0762196185	0.06541582139999999	0.0485292848	0.0271302159	0.00466093	0.00332532	0.012827200000000002	0.00042732400000000003	8.824719999999997e-05	0.00013060399999999998
0.05027756999999999	-0.0032616544	-0.050179228	0.0366260088	0.0395789196	0.0010371202	0.0605524694	0.0759739873	0.0644804868	0.046594942400000006	0.024090374	0.00465933	0.014820400000000001	0.0210343	0.0	0.000141795	0.0
0.05823963	0.0326820212	0.011136616100000002	-0.0633205812	0.037035826	-0.0942923081	0.0364540583	0.0757207024	0.0635191694	0.044618356500000005	0.0210117067	-0.00800415	0.00283165	0.015556700000000001	0.00042908599999999996	0.000140651	0.00013196600000000002
0.05896817400000001	-0.0387397748	0.0369171127	0.0571849495	0.08915399630000001	-0.0042401939000000005	-0.0120084966	0.0754597894	0.0625322567	0.0426013192	0.0178991758	-0.0008500759999999997	0.008662839999999998	0.0210256	-0.000293301	7.26238e-05	0.0001121
0.026432914	0.0150766112	-0.07474155980000001	0.007108214	0.0830656879	-0.0360085943	0.0035187944	0.07519127440000001	0.0615201462	0.0405456591	0.0147577975	-0.00336309	0.0148131	0.021028799999999997	-0.000122696	-0.0	0.0
0.063422226	0.024029952	0.02802954	-0.0407082547	-0.0019614778	-0.0386042604	-0.0214753296	0.0749151845	0.060483246	0.038453239900000005	0.0115926346	-0.00465511	0.000540144	0.0112642	0.00034204300000000005	0.000138006	0.00015910799999999998
0.07097835599999999	-0.0186683175	-0.0044900895	0.0611514464	0.0252764776	-0.0283410561	-0.0884540364	0.0746315476	0.0594219737	0.0363259585	0.0084087885	0.00466068	0.00701006	0.027411400000000002	-0.000251874	0.00016589	0.0
0.05636809	0.0403250535	-0.0584955741	-0.0377409607	-0.0075545234	-0.08562631949999999	0.0408553721	0.0743403923	0.058336757	0.0341657437	0.0052113902	0.00465878	0.014827600000000003	0.021008900000000004	0.00023369999999999996	0.000313495	0.00020974400000000002
0.03744929	0.0135123572	0.058747179800000014	-0.0361869707	0.0192525436	-0.0098626548	0.0166988409	0.0740417477	0.0572280333	0.0319745538	0.002005593	0.00466918	0.00288054	0.021021400000000003	5.4988400000000004e-05	-0.0	0.00019236400000000002
0.05817814	-0.0211191581	0.0017669666	0.045094624900000005	0.0173593521	-0.0802150599	-0.0496466398	0.0737356442	0.0560962492	0.0297543755	-0.0012034366	0.00466422	0.014799000000000001	0.010397600000000002	-0.000175475	0.000250556	0.000423963
0.052823349999999984	0.0288703865	-0.0483811745	-0.0358913861	-0.0112395462	-0.0453640071	0.1141334976	0.0734221124	0.0549418609	0.0275072215	-0.0044105266	0.00465151	-0.00126029	0.021039	0.000245687	0.00020214700000000001	0.000371335
0.059745665	0.0101262808	0.0858888005	-0.0104008683	0.0014307534	-0.0285059871	0.0541120347	0.07310118389999999	0.0537653335	0.0252351292	-0.007610508399999999	0.00125848	0.00630101	0.00134435	5.5432299999999994e-05	-0.0	0.000181803
0.06983697500000001	-0.0069249435	-0.0190847282	0.0489891302	-0.0082799101	-0.1107550901	-0.0149865258	0.0727728912	0.052567141100000006	0.0229401584	-0.0107982247	-0.00156114	0.017958099999999998	0.021028799999999997	-0.00017885899999999996	0.00047044599999999996	0.000190582
0.05820035	0.043989904	-0.0322249561	-0.0598861061	-0.0263702779	-0.0237099641	0.0303741514	0.0724372672	0.0513477665	0.0206243899	-0.0139685379	0.00466153	0.00981477	0.010930200000000001	0.000257883	0.000393703	0.00035181199999999996
0.04332705	-0.0092882791	0.0578669818	0.01843406	0.0285311856	-0.053558700300000005	-0.0207884805	0.0720943458	0.050107701	0.0182899231	-0.0171163386	0.00155104	0.00980826	0.00846625	-0.000280475	0.00024522	0.000283731
0.02996247	-0.0039101837	-0.0503669616	0.0509546954	-0.0424740179	-0.0629436382	-0.046239427400000005	0.0717441615	0.0488474444	0.0159388744	-0.0202365536	0.00117116	0.00980906	0.00427206	-0.000142916	0.000438274	0.00046087
0.01809869	0.041025167	-0.0039216321	-0.0624546439	-0.0688559288	-0.0016058604	0.0400273345	0.0713867496	0.0475675045	0.0135733754	-0.0233241543	0.00464503	0.00164606	0.00708558	-0.000124524	0.000465839	0.000433861
0.04128145	0.0003045801	0.065785885	0.011178082	-0.0751245164	-0.056722032	0.0123867876	0.0710221462	0.046268397	0.0111955706	-0.0263741644	0.00465798	0.0097955	-0.00405932	-4.2412799999999995e-05	0.00024117	0.000566564
0.025475205	0.0092247675	-0.0488999507	0.0176924699	-0.0182135907	-0.0038135243	0.05809628820000001	0.0706503878	0.0449506455	0.0088076158	-0.0293816684	0.0070244	0.00980273	-0.00147616	4.0000100000000003e-05	0.000486869	0.000484308
0.032593125	0.0377010424	-0.0085064407	-0.048511273	-0.077511018	0.0065187452	0.0357410806	0.0702715121	0.0436147809	0.006411676	-0.0323418192	0.0111253	0.00980689	0.00937925	-0.000218845	0.000525465	0.00042909599999999996
0.05538331000000001	0.0045906854	0.0856730599	0.031398967400000005	-0.0321645161	-0.0032794367	0.0003800154	0.0698855571	0.0422613414	0.0040099232	-0.0352498461	0.00771759	-0.0102498	-0.00449854	-2.98096e-05	0.000365278	0.000417496
0.07170395999999997	-0.0172469028	-0.0207429761	0.0705697824	0.0107899441	0.0205229149	0.0013557316	0.06949256179999999	0.0408908726	0.001604535	-0.0381010623	0.00467315	-0.00668162	0.00988543	-0.000796743	0.000547093	0.000482895
0.03469062	0.0492695285	-0.032671559100000004	-0.042094049800000005	-0.0367982229	-0.0229864028	0.0466162627	0.0690925657	0.0395039266	-0.0008023078999999999	-0.0408908726	0.0115527	-0.00040252	0.010286700000000001	-0.000405524	0.0005365459999999999	0.000462047
0.04420299	0.0129339822	0.06505923549999999	-0.0217970461	-0.0097915124	-0.0624056528	0.0505364218	0.0686856091	0.0381010623	-0.0032084234000000003	-0.0436147809	0.00958083	0.0128637	0.008987	-0.0007477260000000001	0.000378254	0.000514857
0.02973891	-0.0094730212	0.0014691152	0.07336734610000001	0.0035454681	-0.0630326501	0.0218478882	0.068271733	0.0366828449	-0.0056116301	-0.046268397	0.00471477	0.012853700000000001	0.0101916	-0.000578156	0.000663066	0.000496074
0.03431402	0.0221285763	-0.0355563608	-0.0421862465	0.0133607775	0.06301345559999999	0.033439359	0.0678509792	0.0352498461	-0.0080097493	-0.0488474444	0.00469132	0.00965408	0.0231473	-0.000405524	0.000568952	0.000400115
0.045926029999999986	0.0177916662	0.0754655701	-0.0026284977000000003	0.0115949619	-0.0732160281	-0.0504493685	0.06742339	0.0338026431	-0.0104006067	-0.0513477665	-0.00207359	0.0128453	0.017666	-0.000187281	0.000278962	0.000298576
0.01399189	-0.0017833695	-0.0316789713	0.07867272110000001	0.0274577621	0.052430802	0.0039741169	0.0669890084	0.0323418192	-0.0127820349	-0.0537653335	0.0046766	0.012846000000000002	0.014008600000000001	-0.000185535	0.000308153	0.000257841
0.02350759	0.0450774617	-0.0121599383	-0.0468342278	-0.0200583102	0.0702172699	0.0016065992	0.0665478783	0.030867963	-0.0151518747	-0.0560962492	0.00465946	0.012856600000000001	0.0210122	-0.00033948800000000004	0.000268341	0.000393601
0.032752415	-0.0031532071000000004	0.079855157	0.033102512599999995	-0.0024395926	0.08900465279999999	-0.0927599475	0.0661000441	0.0293816684	-0.0175079777	-0.058336757	-0.00267723	0.0128575	0.0157583	-6.830149999999999e-05	0.000305187	0.000298415
0.071283505	-0.0047150636	-0.046156241	0.0704130487	0.0122570803	0.0204129842	0.0119473013	0.06564555080000001	0.0278835343	-0.0198482077	-0.060483246	0.00463044	0.00333159	0.029023700000000006	-0.000617978	0.000510304	0.00036731199999999996
0.05064507000000002	0.0400566576	-0.0203834608	-0.07473145490000001	-0.0280457216	0.0649716301	-0.0261753406	0.0651844444	0.0263741644	-0.0221704431	-0.0625322567	0.00463514	-0.00320041	0.0210236	-9.832260000000004e-05	0.000403715	0.000271391
0.04404095	-0.0154250015	0.06496452	0.0329391379	0.0151166723	0.0714363942	-0.017518105200000002	0.0647167712	0.0248541669	-0.0244725786	-0.0644804868	0.00464338	0.00209383	0.0325337	-0.000405524	0.00019286099999999998	0.00029790299999999997
0.047347784000000004	0.0203934099	-0.0701525964	0.0326813687	-0.0188273099	0.0113036867	-0.0043147444	0.0642425783	0.0233241543	-0.026752527	-0.0663247964	-0.00661846	0.000132536	0.0209946	-0.000320323	0.000504105	0.000353169
0.025019364	0.0422122089	0.0188807819	-0.0725598353	0.0203814463	-0.00017051400000000006	-0.0747703779	0.0637619136	0.0217847431	-0.0290082213	-0.0680622132	-0.00577085	0.00141014	0.021018900000000004	-0.000268397	0.000126248	0.000325555
0.028301251999999992	-0.0002214608	0.0343877162	0.0645494667	-0.0171950069	-0.0405886198	-0.1228390621	0.0632748254	0.0202365536	-0.0312376164	-0.06968993700000001	-0.0009178080000000002	0.0128529	0.0210126	-0.000315006	0.000275445	0.000281378
0.015484742	0.0404741919	-0.0788778158	-0.0099253233	-0.0009862477	0.0454650316	-0.016270598400000003	0.0627813628	0.0186802098	-0.0334386912	-0.0712053446	-0.0022137	0.0128554	0.0210141	-0.000405524	0.000161796	0.000360908
0.02580456	0.0248872973	0.0559982629	-0.0332143792	-0.0088773843	-0.0524796755	0.004635409	0.062281575599999986	0.0171163386	-0.035609450099999995	-0.0726059935	-0.00690006	0.025636000000000003	0.021009299999999998	-0.000405524	0.000205377	0.000483983
0.03570675	0.0143389521	-0.0351875054	0.0775770739	-0.0313954065	0.029929847	0.0110202809	0.061775514	0.0155455703	-0.037747925	-0.07388962639999999	0.00467344	0.012859799999999998	0.0210085	-0.000484406	0.000310015	0.000440378
0.01884389	0.0426154771	-0.0155579856	-0.0579724672	-0.0446564246	0.0307427493	0.0139811587	0.0612632291	0.0139685379	-0.0398521774	-0.0750541746	0.00466555	0.0181373	0.021009599999999996	-0.000405524	0.000395489	0.000333586
0.03181584	0.008467892	0.0841939823	0.030735937	-0.0304613931	-0.0140243723	-0.0316766511	0.0607447724	0.0123858767	-0.0419202993	-0.0760977612	0.00158921	0.012843799999999999	0.012970700000000005	-0.00020952900000000002	0.000298092	0.000348336
0.04117359	-0.0155573379	-0.0294625469	0.0708269359	-0.0421956636	0.0278950792	0.0408561412	0.0602201963	0.0107982247	-0.0439504158	-0.0770187042	0.00104692	0.0128459	0.0210155	-0.000405524	0.000665978	0.00043614300000000016
0.02777765	0.026228149	-0.0338028436	-0.0733066372	-0.043386394800000005	0.0012295834	0.052513757800000005	0.0596895534	0.0092062214	-0.0459406864	-0.0778155195	0.00465757	0.0163667	0.0210138	-0.000544925	0.000528782	0.000572436
0.03159798	-0.0049073639	0.0704856132	0.0106038485	0.01760568	0.0650431038	-0.023818911600000003	0.0591528974	0.007610508399999999	-0.0478893067	-0.0784869228	0.00467159	0.00728069	0.0210203	-0.000405524	0.00034628699999999997	0.000444503
0.05217028	-0.0227626469	-0.0139976069	0.0838511693	0.0003954506	0.0615937805	-0.0604462217	0.0586102822	0.0060117288	-0.0497945101	-0.0790318321	0.007858759999999998	0.012866800000000001	0.027031700000000002	-0.0008831619999999998	0.000472245	0.000588619
0.04811681	0.0683339601	-0.0308119554	-0.0433861401	-0.089722115	0.051932307699999986	-0.0194892588	0.0580617626	0.0044105266	-0.0516545692	-0.0794493692	0.0101626	0.00813788	0.023062299999999997	-0.000306808	0.000526894	0.000699909
0.03196340999999999	0.029065381	0.06414299799999999	0.0005381826	-0.0011734527	0.1039015581	-0.0293568091	0.0575073938	0.0028075473	-0.0534677978	-0.0797388611	0.010539299999999998	0.00616812	0.0210167	-0.000487197	0.000282602	0.000573163
0.05153348	-0.0113944031	-0.0158381805	0.0789728906	0.0075891339	0.010590317	-0.0643944391	0.0569472315	0.0012034366	-0.0552325519	-0.0798998413	0.00469725	0.0229337	0.0263981	-0.000652396	0.000512564	0.000497435
0.054613838	0.0540902775	-0.0461365836	-0.0276844396	-0.0575128223	0.080314726	-0.0257050486	0.05638133240000001	-0.000401159	-0.0569472315	-0.0799320503	0.00042261199999999994	0.013162799999999999	0.0210002	-0.00041653	0.00019931400000000002	0.000651727
0.030065562	0.0286863989	0.0582449468	-0.0264136327	-0.0145226459	0.0701027563	-0.0247303555	0.0558097533	-0.002005593	-0.0586102822	-0.0798354362	-0.0016721	0.0157823	0.014098900000000001	-0.0004946859999999999	-0.0	0.000743258
0.038468323	-0.008066615	0.0156856173	0.0954647008	-0.0902110469	0.0292526713	-0.0828213451	0.0552325519	-0.0036092188	-0.0602201963	-0.0796101548	-0.000167427	0.013146799999999998	0.0210148	-0.000442044	0.000487641	0.00075122
0.017261376999999998	0.0411699512	-0.0572029712	-0.0044656553	0.0200876038	0.1514999352	0.057902537300000015	0.0546497862	-0.0052113902	-0.061775514	-0.079256569	0.0046398	0.013163999999999999	0.0210172	-0.000474553	0.000444819	0.00057786
0.01039722	0.0345037915	0.0395666998	-0.0402652991	-0.0289609503	0.0350264917	-0.0299776812	0.0540615151	-0.0068114617	-0.0632748254	-0.0787752489	0.00465492	0.0131618	0.0210087	-0.000445725	0.000554425	0.000646854
0.02802996000000001	-0.0264858601	0.0419767049	0.0619366318	0.0045549711	0.0725897565	-0.018521554	0.0534677978	-0.0084087885	-0.0647167712	-0.07816697	0.00460961	0.0131691	0.0209972	-0.000815051	0.00040794599999999996	0.000603342
0.05078874999999999	0.0105087803	-0.0772469287	0.0152334662	-0.0049110496	0.007236479	-0.0019867231	0.052868694	-0.0100027269	-0.0661000441	-0.0774327128	-0.00130816	0.00472717	0.0210306	-0.00039031900000000003	0.000513124	0.0008013449999999999
0.034336509999999994	0.0369772934	0.0129898476	-0.0673205477	0.0365367725	0.0767381973	0.0399732795	0.0522642642	-0.0115926346	-0.06742339	-0.0765736605	0.00247816	0.00344873	0.0210361	-0.000245414	0.00022677599999999998	0.0006472730000000001
0.04825201	-0.0448653326	0.0662925756	0.0287745028	0.0169732127	0.0089648944	0.0259771189	0.0516545692	-0.0131778711	-0.0686856091	-0.07559119780000001	0.00464627	0.020849	0.0230732	-0.00060406	5.88434e-05	0.000653625
0.04325712	-0.0360791506	-0.0580624215	0.0197338521	0.0717432101	0.00515188	0.042657698	0.0510396705	-0.0147577975	-0.0698855571	-0.0744869079	0.00470136	0.021644999999999998	0.0280265	-0.000706566	0.0006663089999999999	0.000692708
0.04045967	-0.0217040036	0.0099601055	-0.07666515730000001	0.08970922210000001	0.0526091496	0.0013848803	0.05041963	-0.0163317771	-0.0710221462	-0.0732625707	0.00467014	0.0226658	0.033682199999999995	-0.000523722	0.000286517	0.000580305
0.041718766000000004	-0.0832118163	0.0329186464	0.0491943385	0.0018553984	0.0067849046	-0.0967363865	0.0497945101	-0.0178991758	-0.0720943458	-0.0719201593	0.000499374	0.024088299999999997	0.017809400000000003	-0.00022924	0.000389348	0.000572564
0.061906826	-0.0093432801	-0.0902387773	0.005720404399999999	0.06580116	0.0085698779	0.0206275916	0.0491643739	-0.0194593619	-0.07310118389999999	-0.07046183730000001	0.00465675	0.027417400000000005	0.037523900000000006	-0.000632189	0.00022292599999999997	0.0004478180000000001
0.07214611	0.001911971	0.0122670455	-0.08460780539999999	0.0461873308	-0.0610645312	-0.006191466999999999	0.0485292848	-0.0210117067	-0.0740417477	-0.06888995490000001	-0.00467381	0.0199208	0.013857900000000001	-0.000197596	9.903100000000001e-05	0.00037324699999999995
0.04019402	-0.05635409230000001	0.0273051686	0.0515119487	-0.0298733713	0.0018112014	-0.0488759606	0.0478893067	-0.0225555848	-0.0749151845	-0.06720704549999999	-0.00249219	0.0310279	0.014830700000000004	-0.00044855199999999996	0.000350005	0.000356527
0.0208355	-0.021734676	-0.0855009909	-0.01029994	0.0547130881	-0.0164877449	-0.0013366211	0.0472445043	-0.024090374	-0.0757207024	-0.06541582139999999	-0.00366589	0.031037000000000002	0.0262473	-0.00043059	0.000213765	0.00034600699999999996
0.03996181	0.008786031	0.0396262273	-0.0681357313	-0.0367899035	-0.0861430535	-0.0650963908	0.046594942400000006	-0.0256154559	-0.07645757110000001	-0.0635191694	-0.012513600000000001	0.031024700000000002	0.014143799999999996	-0.00025827799999999997	0.00038336800000000003	0.00038405800000000016
0.02836915	-0.0560351385	-0.005027717100000001	0.0725636961	0.0272673919	-0.004055780399999999	0.023724995	0.0459406864	-0.0271302159	-0.0771251226	-0.0615201462	-0.012499600000000001	0.026773200000000004	0.015432	-0.0006605910000000001	0.00039654400000000003	0.00034323800000000005
0.043815550000000016	0.0249789009	-0.0711644038	-0.0464624832	-0.0728645885	-0.08449533349999999	-0.0198406358	0.0452818024	-0.0286340436	-0.0777227516	-0.0594219737	-0.0038869	0.027750900000000002	0.0271107	-0.000493327	0.00045346599999999997	0.000569981
0.059694930000000014	-0.0268273216	0.0799162165	-0.0504874354	0.0136598834	-0.0251217279	0.0200647665	0.044618356500000005	-0.0301263332	-0.0782499164	-0.0572280333	-0.00632626	0.031024400000000008	0.00929528	-0.000226502	-0.0	0.000573023
0.06668667	-0.0533815951	-0.0397925776	0.0529447938	-0.0477805876	-0.06484363480000001	0.0328567134	0.0439504158	-0.0316064831	-0.0787061389	-0.0549418609	-0.00563961	0.031043599999999998	0.0190812	-0.000682872	0.000508781	0.000414276
0.07531983	0.0276003647	-0.0545234282	-0.0497549843	-0.0105619949	0.0200797606	0.0664876311	0.0432780475	-0.0330738971	-0.07909100570000001	-0.052567141100000006	0.00387752	0.019968400000000004	0.0071202	-0.000188249	0.000306248	0.00057245
0.018741839999999992	0.020543753	0.0272100931	-0.0612741355	-0.0345864909	0.0101385221	0.0079233482	0.0426013192	-0.0345279838	-0.0794041677	-0.050107701	0.00443121	0.0232327	0.0105728	-0.000229073	0.00041171400000000004	0.000489315
0.09176965036	-0.0391204574	0.0683061324	0.0190848161	-0.0163668328	-0.0234721885	0.06201062440000001	0.0419202993	-0.0359681572	-0.079645341	-0.0475675045	-0.0124374	0.0160012	6.2596400000000004e-06	-0.000875991	0.000730398	0.000312857
0.05088550036000001	-0.0238087986	-0.0452874687	0.05677247940000001	-0.0621648511	-0.095442439	0.0473583336	0.0412350562	-0.0373938371	-0.0798143071	-0.0449506455	-0.0151898	0.010357700000000001	0.00960876	-0.000448504	0.000522837	0.00033555099999999996
0.05864173000000001	-0.0259059857	-0.0529873053	-0.0619391864	0.0391591633	0.0342254301	0.18361388760000005	0.0405456591	-0.038804449	-0.0799109126	-0.0422613414	-0.0017114	0.0229888	0.013425399999999999	-5.7726199999999996e-05	0.0005572180000000001	0.000484704
0.08822018999999999	-0.0935871924	0.0277294884	-0.0912422203	0.1048443242	-0.0292199074	0.0960242418	0.0398521774	-0.0401994245	-0.07993507009999999	-0.0395039266	-0.024729400000000002	0.0373444	0.026655900000000003	-0.000170006	0.0009083400000000002	0.000195784
0.04545665	-0.1106548964	0.0457865912	0.0431219828	0.11122047	-0.0038114218	-0.0071130794999999985	0.0391546809	-0.0415782013	-0.0798867576	-0.0366828449	-0.0166356	0.0279865	0.010173999999999999	-0.000246996	0.0008446149999999997	0.00010603799999999999
0.028692699999999995	-0.08657873070000001	-0.1037962784	0.0047343462	0.1480519096	-0.007300990899999998	0.0388655899	0.038453239900000005	-0.0429402241	-0.0797660189	-0.0338026431	-0.01247	0.0281236	0.017403000000000002	-0.00032167700000000003	0.000672917	0.00020287900000000002
0.02963973	-0.0481744863	0.0233715026	-0.1035342872	0.1236600462	-0.0355148601	-0.0285316304	0.037747925	-0.0442849438	-0.0795729635	-0.030867963	-0.0124805	0.020822099999999996	0.015030700000000001	-8.31884e-05	0.00051704	0.000198136
0.02233488	-0.1159583418	0.0405941664	0.0231786401	0.0954237452	-0.0506581984	-0.0367918949	0.037038807400000005	-0.0456118188	-0.0793077664	-0.0278835343	-0.012469599999999999	0.02084	0.014745099999999999	-0.000441602	0.000539475	0.000138575
0.02413134	-0.0530933269	-0.09838416960000004	-0.0470680101	0.0606083902	-0.08787082130000001	-0.0173137431	0.0363259585	-0.0469203142	-0.0789706681	-0.0248541669	-0.019772799999999997	0.020837	0.00872251	-0.000367592	0.000405734	0.000146875
0.02313825	-0.0586153365	0.0287860181	-0.1013733684	0.1269822694	-0.0399989713	0.0015804335	0.035609450099999995	-0.0482099028	-0.0785619741	-0.0217847431	-0.0125168	0.0208483	0.00724316	-0.000370557	0.000208483	0.00023449099999999997
0.03679676	-0.1242324389	0.0059559576	0.0037104081	0.062193263099999986	-0.07412086450000001	0.062237104	0.0348893543	-0.0494800651	-0.078082055	-0.0186802098	-0.0125257	0.0295321	0.0037168	-0.000405181	0.000461751	0.00043815300000000015
0.054571765	-0.0671141617	-0.1086268847	-0.031340755	0.08900923990000001	-0.0503736939	0.0386836073	0.0341657437	-0.0507302891	-0.07753134589999999	-0.0155455703	-0.0124846	0.0229695	0.0257416	-0.000498511	0.000540874	9.17407e-05
0.05022986500000001	-0.0718290645	0.034438405	-0.0708770946	0.0977332926	0.024897366	-0.0001596448	0.0334386912	-0.051960071	-0.07691034599999999	-0.0123858767	-0.0191932	0.014957	0.015108600000000003	-0.000174108	0.000496096	0.000220075
0.031426350000000006	-0.1255798371	-0.0051654018	0.0543456863	0.0585742351	-0.0337030223	-0.0428320205	0.03270827	-0.0531689154	-0.0762196185	-0.0092062214	-0.0124664	0.0140496	0.0179055	-0.000367168	0.0006540469999999999	0.00015118100000000002
0.03856582	-0.0185501129	-0.0610460279	-0.07882490610000001	0.0536886512	0.0110017217	-0.0332713653	0.0319745538	-0.0543563352	-0.0754597894	-0.0060117288	-0.00649838	0.0143567	0.0375479	-0.00039159300000000003	0.000516353	0.00024202799999999998
0.034962770000000004	-0.0478455579	0.0698636594	-0.045014082	0.0692547095	-0.1084800708	-0.0516008589	0.0312376164	-0.0555218517	-0.0746315476	-0.0028075473	-0.012482	0.0240584	0.024349700000000002	-0.000351526	0.000561581	0.000205738
0.035425950000000005	-0.0519400398	-0.0874325113	0.0269615583	0.068205456	-0.0944052427	-0.0469116153	0.0304975321	-0.0566649955	-0.0737356442	0.000401159	-0.007002500000000001	0.027575299999999997	0.0309665	-0.000607157	0.000663162	0.00024478099999999996
0.055457400000000004	0.0004988225	0.0293555456	-0.0687735491	0.0512229298	-0.0582768523	-0.1398867746	0.0297543755	-0.0577853059	-0.0727728912	0.0036092188	-0.0125255	0.0152494	0.0375736	-0.000164687	0.000569588	0.000328765
0.04761665	-0.0170046675	0.0198668909	0.0615799434	-0.0457732118	-0.1346950291	-0.0936342853	0.0290082213	-0.0588823313	-0.0717441615	0.0068114617	-0.0125461	0.013728899999999999	0.0287707	-0.000503273	0.0009015789999999999	0.000403641
0.03770905000000002	0.0649152888	-0.0336529669	-0.0380148489	-0.0173058368	-0.0080378293	-0.0064878161	0.0282591448	-0.059955629800000014	-0.0706503878	0.0100027269	-0.00209364	0.00149111	0.0192465	-0.000579691	0.000929928	0.00040876599999999997
0.05331347	0.0199091831	0.0773540469	0.0266938259	-0.0795831707	-0.077132935	-0.0910024031	0.0275072215	-0.061004769	-0.06949256179999999	0.0131778711	-0.00639862	0.011218899999999999	0.0375355	-0.0006261519999999999	0.000671113	0.000294208
0.04304701	0.08518100890000001	-0.0690135506	0.04858827	-0.14776724019999998	-0.1079855345	-0.0559541475	0.026752527	-0.0620293259	-0.068271733	0.0163317771	-0.0063942	-0.00167894	0.0190858	-0.000664603	0.00080809	0.000352681
0.05135542999999999	0.1101543903	0.0546231881	-0.0461657987	-0.1527583101	0.0211021092	-0.0008366886	0.0259951375	-0.0630288878	-0.0669890084	0.0194593619	-0.00197423	-0.0104359	0.0178712	-0.00122618	0.0009207530000000001	0.00028764299999999997
0.04825033	0.06579690860000001	0.0513379005	0.0590237117	-0.2486670637	-0.0948511525	0.0540435322	0.0252351292	-0.06400305190000001	-0.06564555080000001	0.0225555848	-0.00633335	-0.00833276	0.00438043	-0.000815051	0.0009658580000000002	0.000177931
0.05311818	0.0792885496	-0.0694679333	0.0191232769	-0.162343648	0.0267116743	0.1006076516	0.0244725786	-0.06495142570000001	-0.0642425783	0.0256154559	-0.00173722	-0.00335433	0.011425200000000002	-0.00118895	0.000650304	0.000137407
0.06197854000000001	0.0842745572	-0.0009912855	-0.062805109	-0.1916659929	-0.025757904	0.110116038	0.0237075627	-0.065873627	-0.0627813628	0.0286340436	-0.0142774	0.011208599999999999	0.00477157	-0.0008310779999999999	0.000810003	0.000184272
0.02200582	0.0248694526	0.0920431807	-0.004893802	-0.1245396873	0.0143891826	0.1775076214	0.0229401584	-0.0667692842	-0.0612632291	0.0316064831	-0.0134542	0.0164826	0.0034950000000000003	-0.000891925	0.000616005	0.000222068
0.01911753	0.0080934623	-0.0018543774	0.067996475	-0.1744173913	0.0197323624	0.12542466970000002	0.0221704431	-0.0676380363	-0.0596895534	0.0345279838	-0.0174482	0.020468	0.00399988	-0.000847172	0.0007190930000000001	0.000286892
0.041026370000000006	0.0411500247	-0.0520704586	0.0045185212	-0.0442789056	0.1187022705	0.1595529579	0.0213984944	-0.0684795334	-0.0580617626	0.0373938371	-0.015261000000000004	0.0231692	0.013504599999999999	-0.0010375999999999999	0.000433359	0.000230389
0.04697081	0.0294818056	0.0411120184	-0.048842889	-0.0493441431	0.0888541853	0.0788200266	0.0206243899	-0.0692934363	-0.05638133240000001	0.0401994245	-0.022296400000000004	0.0239872	0.00513139	-0.000623195	0.000615289	0.00021184
0.03719271	-0.0377347041	0.08218684230000001	0.0699402395	-0.0364048938	0.1246697315	0.07189011440000001	0.0198482077	-0.0700794171	-0.0546497862	0.0429402241	-0.0137692	0.0176842	0.0132602	-0.000555492	0.000456998	0.00015316
0.04820799999999999	0.024830939500000003	-0.051994911500000005	0.095326056	0.0048547396000000005	0.0688468248	-0.0101049197	0.019070026	-0.07083715900000001	-0.052868694	0.0456118188	-0.0173209	0.017744299999999998	0.0146662	-0.00120248	0.000667972	0.00015900200000000002
0.06441376	0.13841526980000002	0.0046834142	-0.0352701144	-0.0968793481	0.0969047763	-0.0930041947	0.0182899231	-0.0715663568	-0.0510396705	0.0482099028	-0.0224883	-0.00363316	0.0133409	-0.00054205	0.000623736	0.000185208
0.05287898	0.043796178099999986	0.1051812855	0.061293037	-0.0160889494	0.1011581286	-0.0229518834	0.0175079777	-0.07226671650000001	-0.0491643739	0.0507302891	-0.0162794	0.00962872	0.00701975	-0.000898068	0.00044948199999999996	0.000196677
0.04668016999999999	0.0433949573	-0.0520654238	0.0940564696	-0.0347468624	0.07306394179999999	-0.005571166800000001	0.016724268400000002	-0.072937956	-0.0472445043	0.0531689154	-0.00970491	0.017739599999999998	0.0216763	-0.0009511010000000001	0.000594949	0.000344942
0.04197048	0.0560669313	-0.0252732846	-0.0284549845	-0.0288864213	0.1183975172	-0.0121548218	0.0159388744	-0.07357980480000001	-0.0452818024	0.0555218517	-0.00188013	0.0208325	0.037433600000000004	-0.00123729	0.000586833	0.00035654699999999997
0.07286982000000003	0.0110019221	0.1001896525	0.0324585829	-0.0174014029	0.0668898428	-0.0256611812	0.0151518747	-0.0741920043	-0.0432780475	0.0577853059	-0.0198604	0.0232387	0.0241484	-0.000557525	0.000503175	0.00037708699999999996
0.04301285	0.0159365593	-0.0578087567	0.08352648160000001	-0.0092007523	0.0608869104	-0.0723958665	0.0143633485	-0.0747743077	-0.0412350562	0.059955629800000014	-0.0240176	0.0177642	0.037448800000000004	-0.0008977789999999998	0.000550996	0.00039062699999999994
0.0570901	0.0838535849	-0.0167132267	-0.0658033104	-0.0482116983	0.0583999247	-0.0601885663	0.0135733754	-0.0753264804	-0.0391546809	0.0620293259	-0.016678	0.017715	0.018590799999999998	-0.000449266	0.000391976	0.00039996
0.025256999999999998	0.0167111389	0.090180464	0.050956147	0.0238715543	0.1159159839	-0.0806104627	0.0127820349	-0.07584830000000001	-0.037038807400000005	0.06400305190000001	-0.013484800000000005	0.0177335	0.0167324	-0.000797611	0.00044221099999999997	0.000394802
0.021464700000000003	0.0371900454	-0.06763125219999999	0.0732772403	0.0275173204	0.0280564418	-0.0922208435	0.0119894067	-0.0763395561	-0.0348893543	0.065873627	-0.011801899999999999	0.017743499999999995	0.0221772	-0.000797611	0.000659505	0.0004640480000000001
0.06541248	0.102613066	0.0305308783	-0.0266613289	-0.0205867283	0.0499876167	-0.1476768075	0.0111955706	-0.0768000508	-0.03270827	0.0676380363	-0.0199068	0.00362892	0.0252384	-0.00036010699999999997	0.00043291900000000003	0.00032550200000000003
0.04500448	0.0415784643	0.08173176	0.0675977648	-0.0124251845	0.0616497973	-0.07771282339999999	0.0104006067	-0.0772295986	-0.0304975321	0.0692934363	-0.010798899999999998	0.0118437	0.023716099999999997	-0.000549069	0.000306818	0.000533629
0.027738550000000008	0.0590587423	-0.0641675993	0.0855449123	-0.0156574135	0.0345409123	-0.0749685447	0.0096045951	-0.0776280263	-0.0282591448	0.07083715900000001	-0.016100899999999998	0.017746599999999998	0.0234127	-0.000478605	0.000510433	0.000584155
0.02667395	0.0623155383	0.0212086835	-0.051771864400000006	0.0484845463	0.090742801	0.0027427706	0.0088076158	-0.07799517339999999	-0.0259951375	0.07226671650000001	-0.013842700000000005	0.017728099999999997	0.0238772	-0.0006410830000000001	0.000430704	0.000347707
0.0405469	0.0185252616	0.0772343712	0.0436110537	0.0129474479	-0.0643297801	-0.0317096222	0.0080097493	-0.078330892	-0.0237075627	0.07357980480000001	-0.019893099999999997	0.0245447	0.0144415	-0.000566627	0.00018340099999999997	0.000390832
0.08330245	0.047401185599999986	-0.0759862708	0.0609732251	0.0930509681	0.0360706862	-0.0199034929	0.0072110759	-0.0786350467	-0.0213984944	0.0747743077	-0.019862900000000003	0.020960299999999998	0.0298411	-0.00111452	0.000661769	0.000131328
0.07782614999999997	0.0786528516	0.0074440699	-0.0607500818	0.0147040446	-0.0021285767000000003	-0.0429028809	0.006411676	-0.07890751509999999	-0.019070026	0.07584830000000001	-0.027768	0.0176824	0.015623500000000004	-0.00031564	0.0005434659999999999	0.0
0.05494305000000002	-0.0683287223	0.06771506	0.026057549300000003	0.0379098501	0.0261790961	0.0631116497	0.0056116301	-0.0791481873	-0.016724268400000002	0.0768000508	-0.0283829	0.0266732	0.013344700000000001	-0.000987065	0.00035372	-5.29396e-23
0.07786605	-0.0409959806	-0.092719927	0.0329558634	0.0132385926	-0.111114076	-0.050408393200000005	0.004811019000000001	-0.07935696639999999	-0.0143633485	0.0776280263	-0.0289092	0.0334578	0.03749330000000002	-0.000375425	0.000519719	0.000150492
0.0534345	0.0680364334	-0.008613856500000001	-0.0681051437	-0.0230441927	-0.0690717925	-0.0014133377	0.0040099232	-0.0795337681	-0.0119894067	0.078330892	-0.027779900000000003	0.028423400000000005	0.008186399999999998	-0.000309748	0.0006628280000000001	0.0
0.017310694999999997	0.0104156577	0.0738665169	-0.016784576000000002	0.0393551101	-0.0892014686	0.0479622107	0.0032084234000000003	-0.0796785214	-0.0096045951	0.07890751509999999	-0.0284366	0.028407599999999998	0.00463077	-0.000427432	0.000601587	8.272629999999999e-05
0.022981375	0.0094979761	-0.0364951257	0.0787629771	0.0345338549	-0.1117203369	0.0343159395	0.0024066004	-0.0797911678	-0.0072110759	0.07935696639999999	-0.019791200000000002	0.0283997	0.00672633	-0.000522738	0.000668205	0.0
0.03038089	0.0159607286	-0.0445932881	-0.0615121109	0.0277461598	0.0114742593	0.0270020383	0.001604535	-0.0798716619	-0.004811019000000001	0.0796785214	-0.0264045	0.0360761	0.00630019	-0.000435669	0.000602779	0.000160806
0.027531360000000005	0.0074734973	0.0830390153	0.0218604204	0.08509393369999999	-0.0201337183	-0.0229896167	0.0008023078999999999	-0.0799199714	-0.0024066004	0.0798716619	-0.0249268	0.0284026	0.00478613	-0.000316205	0.000545727	0.0
0.035425175	-0.0205198265	-0.0599564464	0.0812147504	0.08768929880000001	-0.06902855940000001	-0.0281642114	0.0	-0.0799360767	-0.0	0.0799360767	-0.033602	0.0284144	0.008311399999999998	-0.000558302	0.0006962960000000001	7.15921e-05
0.038914905	0.0780462266	-0.031099254500000006	-0.0623739396	-0.026829696200000003	-0.0296550586	-0.0499043799	-0.0008023078999999999	-0.0799199714	0.0024066004	0.0798716619	-0.0326261	0.0177738	0.0104954	-0.000132455	0.000701145	0.0
0.04117320000000002	0.0212166658	0.0783417579	0.0013749976000000002	0.0834540189	-0.0294788357	0.0398707384	-0.001604535	-0.0798716619	0.004811019000000001	0.0796785214	-0.0370013	0.0283887	0.007889199999999999	-0.000357014	0.000454166	-5.29396e-23
0.029589050000000006	0.00975974	-0.031513547999999995	0.0791707352	0.013804516	-0.1677700497	0.0013070834	-0.0024066004	-0.0797911678	0.0072110759	0.07935696639999999	-0.036943000000000004	0.0349698	0.00218385	-0.00043542300000000016	0.0007206429999999998	0.0
0.0473659	0.0764676136	-0.0074471899	-0.0382734823	0.030969471600000006	0.0085973671	-0.0066017343	-0.0032084234000000003	-0.0796785214	0.0096045951	0.07890751509999999	-0.028436400000000008	0.03935569999999999	0.013347	-0.000249055	0.0008993489999999998	-0.000101131
0.033042980000000007	0.0245825024	0.0804677025	0.0096970551	0.0979810088	-0.1084789315	0.0076573852	-0.0040099232	-0.0795337681	0.0119894067	0.078330892	-0.0313439	0.038991000000000005	0.00272952	-0.00043542300000000016	0.0008037819999999997	0.0
0.02569543	0.0089870528	-0.054311288	0.075008998	0.0267526869	-0.0310328533	0.0371696774	-0.004811019000000001	-0.07935696639999999	0.0143633485	0.0776280263	-0.0248917	0.0319452	0.0118541	-0.00043542300000000016	0.0008652389999999999	0.0
0.031699085	0.0352269624	-0.026101048	-0.0571941358	0.08048805889999999	0.0340598038	0.0200826753	-0.0056116301	-0.0791481873	0.016724268400000002	0.0768000508	-0.015857	0.034624699999999994	0.017015599999999995	-0.00043542300000000016	0.0006538080000000001	8.50367e-05
0.030292934999999983	-0.0029666437	0.0753224975	-0.0332302266	0.0513365847	-0.0534593328	0.0094269285	-0.006411676	-0.07890751509999999	0.019070026	0.07584830000000001	-0.0268452	0.036881	0.0127958	-0.000306148	0.0006115469999999999	0.0
0.060376285	-0.07911741	0.0046939668	0.0696121862	-0.0025279713	0.0854329225	0.0833968722	-0.0072110759	-0.0786350467	0.0213984944	0.0747743077	-0.0158177	0.039048900000000004	0.0242083	-0.0008591319999999998	0.0006938080000000001	8.012269999999997e-05
0.07076658499999999	-0.0072509991000000015	-0.0971372244	-0.0309733559	0.0435231468	0.0029445799	0.0025337111	-0.0080097493	-0.078330892	0.0237075627	0.07357980480000001	-0.031664199999999997	0.045750099999999995	0.0215339	-0.00018135900000000002	0.000846802	0.0
0.031043300000000013	-0.0012904776	0.0406228643	-0.0921015848	0.0376943706	0.0482878267	0.0338453999	-0.0088076158	-0.07799517339999999	0.0259951375	0.07226671650000001	-0.0289724	0.0389806	0.0200476	-0.00035052699999999995	0.000890653	-0.000188895
0.05604231	-0.0398382732	0.0641292594	0.0051924702	0.0274562571	-0.0804644771	0.0243983026	-0.0096045951	-0.0776280263	0.0282591448	0.07083715900000001	-0.030690600000000002	0.041772000000000004	-0.00259126	-0.000149245	0.000702953	0.0
0.037255509999999985	-0.0021218633	-0.0711869466	0.0503130535	0.0180626902	-0.0249721135	0.0558214698	-0.0104006067	-0.0772295986	0.0304975321	0.0692934363	-0.0294822	0.0389868	0.0110344	-0.000379336	0.000865587	0.0
0.020027449999999995	-0.0046932606	0.0041786631	-0.0605562241	0.0743952205	0.0566177978	0.019665367	-0.0111955706	-0.0768000508	0.03270827	0.0676380363	-0.0304491	0.038996699999999995	0.0171474	-0.00035658099999999997	0.000796558	-0.00016696900000000002
0.032889700000000015	-0.0272645492	0.06726486820000001	0.0345427274	0.0306208026	-0.032727275	-0.0131550731	-0.0119894067	-0.0763395561	0.0348893543	0.065873627	-0.0327546	0.038970099999999994	0.0135776	-0.000229375	0.000550977	0.0
0.04914985	0.0037246878	-0.0867616897	0.0133082492	0.0763396537	0.0254900569	0.06409677030000001	-0.0127820349	-0.07584830000000001	0.037038807400000005	0.06400305190000001	-0.0327543	0.0389871	0.0321887	-0.00044869699999999996	0.000609631	-0.000332453
0.039074799999999986	-0.0018377027	0.0237284616	-0.0894305033	0.0042282449	-0.0296477752	-0.0045679793	-0.0135733754	-0.0753264804	0.0391546809	0.0620293259	-0.0327514	0.038948199999999995	0.0157306	-0.000179254	0.000513821	-0.000246208
0.029737195	-0.056150575	0.0321958511	0.0572317542	-0.0146805806	-0.0477618374	0.022456412400000004	-0.0143633485	-0.0747743077	0.0412350562	0.059955629800000014	-0.0327181	0.0389298	0.012918299999999999	-7.131909999999999e-05	0.000697142	0.0
0.07615459499999999	0.0172584083	-0.0943711192	-0.0060216341	0.019716138	-0.0156998211	0.010107044	-0.0151518747	-0.0741920043	0.0432780475	0.0577853059	-0.0288364	0.0359176	0.037425400000000004	-0.0009111239999999999	0.0007524089999999999	0.0
0.083010583	0.0261730436	0.0401335469	-0.07870102150000001	0.014938021200000004	-0.067321822	0.0304112876	-0.0159388744	-0.07357980480000001	0.0452818024	0.0555218517	-0.028842900000000005	0.0389359	-0.0007617929999999998	-8.00772e-05	0.0007474839999999998	0.0
0.032444203000000005	-0.027095224900000003	0.0537737536	0.0639591414	-0.0153624728	-0.0086497269	0.1038606587	-0.016724268400000002	-0.072937956	0.0472445043	0.0531689154	-0.0289582	0.031162099999999998	0.00638272	-0.000248138	0.000811875	0.00011576
0.06117063	-0.0222507315	-0.1013170984	-0.0016038182	0.0695310505	0.0318650361	-0.0136332421	-0.0175079777	-0.07226671650000001	0.0491643739	0.0507302891	-0.030243400000000007	0.0225946	0.0252279	-0.000725066	0.000755108	0.0
0.08585254500000003	-0.0049223935	0.0451718234	-0.07686993	0.0228735424	-0.0299087086	-0.0413832525	-0.0182899231	-0.0715663568	0.0510396705	0.0482099028	-0.0327413	0.026195799999999998	-0.00430693	3.22203e-05	0.000635156	-0.000127134
0.06021132	-0.0751746879	0.022880966800000003	0.0844875005	-0.0212378772	0.0782654334	0.0500000204	-0.019070026	-0.07083715900000001	0.052868694	0.0456118188	-0.0286509	0.0343987	0.015321799999999997	-0.000372889	0.00051626	-8.53535e-05
0.030466225	-0.005436614100000001	-0.0788449148	-0.0547474785	0.0204304907	0.007958309	-0.0060957823	-0.0198482077	-0.0700794171	0.0546497862	0.0429402241	-0.0301118	0.033541800000000004	0.017664	-0.00019570900000000002	0.0007698510000000001	0.0
0.07375533	-0.027617207	0.0748254358	-0.0186283108	0.0394391362	0.0221681708	-0.016058526899999998	-0.0206243899	-0.0692934363	0.05638133240000001	0.0401994245	-0.0327824	0.022533400000000002	-0.00598358	0.00039540699999999996	0.000632392	0.0
0.09714907	-0.0210456791	-0.033754246	0.0639152666	0.0256021611	-0.0026142634	-0.0432041754	-0.0213984944	-0.0684795334	0.0580617626	0.0373938371	-0.023241900000000003	0.010253000000000002	0.00659544	-0.000595034	0.0008969339999999998	0.0
0.03000865	-0.0013156597	-0.0593248162	-0.0474076933	0.0041862867	-0.0205550008	-0.0183569865	-0.0221704431	-0.0676380363	0.0596895534	0.0345279838	-0.0275726	0.00558511	0.014584999999999999	-0.00047066699999999997	0.0007608909999999998	0.0
0.036613155	-0.0153293202	0.0679651807	-0.0530635105	-0.0152135668	0.026329957200000004	0.0647669885	-0.0229401584	-0.0667692842	0.0612632291	0.0316064831	-0.0271553	0.0122733	-0.000255515	-0.0002673	0.0008508669999999999	0.0
0.037700425	-0.0887828985	0.0168731658	0.026798529100000003	-0.0623942961	0.0649171487	0.09958157289999996	-0.0237075627	-0.065873627	0.0627813628	0.0286340436	-0.029523400000000005	0.0203973	-0.00498574	-0.000477063	0.0007514069999999999	-0.00014033899999999999
0.038544310000000005	-0.0406901141	-0.1047452838	-0.0326526583	-0.0877374026	0.0521739525	-0.0186961915	-0.0244725786	-0.06495142570000001	0.0642425783	0.0256154559	-0.029510500000000002	0.0263849	0.00364642	-0.00025613	0.000920943	-0.00022810299999999998
0.028658230000000007	-0.0968609537	0.0342306966	-0.0852935802	-0.0181180738	0.1147848559	0.0118787496	-0.0252351292	-0.06400305190000001	0.06564555080000001	0.0225555848	-0.0295418	0.0263865	-0.00424316	-0.000279856	0.000758057	0.0
0.042611259999999984	-0.1103622711	0.0219186884	0.0197076975	-0.1061884197	0.0197509279	-0.0148540038	-0.0259951375	-0.0630288878	0.0669890084	0.0194593619	-0.029464999999999998	0.0394292	-0.00520255	-1.46616e-05	0.00106351	0.0
0.06136891999999999	-0.0731256849	-0.1031241488	-0.0368110075	-0.0031713779	0.1078189677	-0.0212416507	-0.026752527	-0.0620293259	0.068271733	0.0163317771	-0.029533099999999996	0.034999800000000005	0.0116827	-0.00030580799999999997	0.000833572	-0.000278639
0.07227045000000001	-0.08923430980000001	0.0091841113	-0.1285279753	-0.0459063971	0.0322175945	-0.0487546443	-0.0275072215	-0.061004769	0.06949256179999999	0.0131778711	-0.0377259	0.032850800000000006	-0.0165067	0.000161781	0.0007224109999999997	-0.000182604
0.08306194999999998	-0.1641322905	0.0311639955	-0.0125845302	-0.0705243688	0.07952308	0.073585031	-0.0282591448	-0.059955629800000014	0.0706503878	0.0100027269	-0.0295125	0.0399175	-0.0377176	-0.000578055	0.000593489	-0.00011994299999999999
0.08944530999999999	-0.1133527381	-0.1286907133	-0.0662895303	-0.0495770947	0.0751761093	-0.1051917626	-0.0290082213	-0.0588823313	0.0717441615	0.0068114617	-0.038086199999999994	0.0374981	0.00721869	-8.973979999999999e-05	0.000723388	-6.78388e-05
0.06768701999999999	-0.1034584546	0.0578894683	-0.0962885807	-0.063917041	-0.0294597496	-0.07847017690000001	-0.0297543755	-0.0577853059	0.0727728912	0.0036092188	-0.0295312	0.026323700000000002	-0.0109125	0.00042221699999999996	0.000706655	0.0
0.07900915000000001	-0.1642632624	-0.0313275456	0.0393581334	-0.0274962707	0.007553614	-0.0673789793	-0.0304975321	-0.0566649955	0.0737356442	0.000401159	-0.029497199999999998	0.0330761	0.0116959	-0.000339426	0.0009372989999999999	0.0
0.052952215	-0.0936844589	-0.0695037228	-0.1090875039	-0.0958708731	0.0052412946	-0.1068963987	-0.0312376164	-0.0555218517	0.0746315476	-0.0028075473	-0.029511900000000008	0.026388400000000003	-0.00927996	9.515510000000004e-05	0.000866401	0.0
0.055823635	-0.1418147314	0.0539553722	-0.058548816	-0.0595617059	-0.0294904021	-0.0900149598	-0.0319745538	-0.0543563352	0.0754597894	-0.0060117288	-0.0295067	0.0333619	-0.01799	0.0005349080000000001	0.000694706	-0.00019125
0.07558358999999999	-0.1464694117	-0.084340129	0.0075492613	-0.0997303594	-0.0212885988	-0.1246027331	-0.03270827	-0.0531689154	0.0762196185	-0.0092062214	-0.029530599999999997	0.0311475	0.00053184	-0.000265059	0.000799958	0.0
0.06910778999999999	-0.0691767607	-0.0421744201	-0.1361801642	-0.14393506949999998	-0.054668272699999985	-0.1172531299	-0.0334386912	-0.051960071	0.07691034599999999	-0.0123858767	-0.024118	0.0278422	-0.0173219	0.00025211	0.000997834	-0.000135678
0.0335047	-0.0932896373	0.0696885347	-0.0297516135	-0.0233016259	-0.0152347657	0.0233309792	-0.0341657437	-0.0507302891	0.07753134589999999	-0.0155455703	-0.0270296	0.027826299999999998	-0.011810700000000002	0.000375442	0.0007555239999999999	0.0
0.04841715	-0.0854502174	-0.0522320983	0.0483410093	-0.1101496227	-0.1322679322	0.054264045199999986	-0.0348893543	-0.0494800651	0.078082055	-0.0186802098	-0.0269762	0.0279377	-0.0117987	-0.000320399	0.00102449	0.0
0.01996485000000001	-0.0717912829	-0.07252833980000001	-0.079422892	-0.048551335300000005	0.0132375119	0.087025014	-0.035609450099999995	-0.0482099028	0.0785619741	-0.0217847431	-0.027032599999999997	0.0279147	-0.009430899999999999	-0.00015667399999999998	0.000837862	0.0
0.028282620000000005	-0.052850979400000005	0.006647206	-0.0993360113	-0.0488496254	-0.0492175393	-0.007082178900000001	-0.0363259585	-0.0469203142	0.0789706681	-0.0248541669	-0.041667699999999995	0.0278721	-0.00880853	6.3334e-05	0.000877505	0.0
0.02873331	-0.08107785969999999	0.0636122373	0.0144316869	-0.0878439999	0.011693323500000002	0.0271513223	-0.037038807400000005	-0.0456118188	0.0793077664	-0.0278835343	-0.0333839	0.024631200000000002	-0.0139889	4.109520000000001e-05	0.000659179	0.0
0.07533005999999999	-0.0525266145	-0.08301281	0.0195885212	0.0411806587	0.0726136146	0.0439583403	-0.037747925	-0.0442849438	0.0795729635	-0.030867963	-0.0299716	0.0279796	0.0140915	-0.00067088	0.000561375	0.0
0.05864889	0.0037176506	0.0486303823	-0.0387922186	0.0283653155	0.0318162329	-0.095069242	-0.038453239900000005	-0.0429402241	0.0797660189	-0.0338026431	-0.0328545	0.022466	-0.00453287	-4.28876e-05	0.000556807	0.0
0.13694886	0.1089919381	0.0470895967	0.1238725385	-0.0391258921	-0.0348958246	-0.0198765979	-0.0391546809	-0.0415782013	0.0798867576	-0.0366828449	-0.0224834	-0.00299847	0.0115645	-0.00112922	0.000847863	-0.00032293
0.03529035	0.1601644595	-0.0615763016	0.0351264436	-0.002832885	0.0310185254	-0.0489428672	-0.0398521774	-0.0401994245	0.07993507009999999	-0.0395039266	-0.0150959	-0.00896097	0.011589200000000001	-0.00103714	0.00117234	-0.00030117400000000003
0.04293706	0.1381835732	0.0725744295	0.0021637069	0.0081483463	-0.08591802289999999	-0.008888941800000001	-0.0405456591	-0.038804449	0.0799109126	-0.0422613414	-0.0179637	-0.00896943	0.0116181	-0.0007527260000000001	0.00138739	2.1175799999999998e-22
0.02912649	0.076441945	0.0393793898	0.0974837914	-0.0469163059	-0.0002710469	0.025293733	-0.0412350562	-0.0373938371	0.0798143071	-0.0449506455	-0.026752299999999996	-0.00504709	0.00344555	-0.0007527260000000001	0.00122253	-1.0587899999999999e-22
0.08462079	0.0665680176	-0.0385520802	0.0698481261	-0.024912989500000003	-0.0275842098	0.0737342375	-0.0419202993	-0.0359681572	0.079645341	-0.0475675045	-0.0309824	0.0178971	0.0477784	-0.0008585989999999999	0.00106613	0.0
0.04917924999999999	0.1480906018	-0.0395790033	0.0374264439	-0.056060482	-0.0915361473	0.07706068349999999	-0.0426013192	-0.0345279838	0.0794041677	-0.050107701	-0.0319295	0.0205358	0.0136391	-0.000667466	0.00110408	0.0
0.09357205	0.1527580062	0.0740278341	-0.005835331899999999	0.042858001900000005	0.0306801387	0.08433370609999999	-0.0432780475	-0.0330738971	0.07909100570000001	-0.052567141100000006	-0.0395033	0.011837100000000001	-0.011743000000000005	8.2546e-05	0.00121256	-0.000179857
0.11848289999999999	0.077500063	0.1004490428	0.1073030852	0.0482497138	0.0924456235	0.0772290763	-0.0439504158	-0.0316064831	0.0787061389	-0.0549418609	-0.0413076	0.0154532	0.013607	-0.00107581	0.000908814	-0.000472005
0.036075699999999995	0.1206941026	-0.0508469206	0.1153865455	0.0573769776	-0.0067392726	-0.0354859667	-0.044618356500000005	-0.0301263332	0.0782499164	-0.0572280333	-0.0446042	0.00696152	0.013604300000000001	-0.00102217	0.000867713	-8.105159999999998e-05
0.03666711	0.1422979837	0.0400557278	-0.0143806318	0.0559562638	0.044881138	-0.0110956564	-0.0452818024	-0.0286340436	0.0777227516	-0.0594219737	-0.0426516	0.00869131	0.013634799999999999	-0.0007417679999999999	0.0009463910000000001	-0.000381056
0.04674131	0.0990305881	0.07994833650000001	0.1049076426	0.0494033112	-0.0215644791	-0.0714285001	-0.0459406864	-0.0271302159	0.0771251226	-0.0615201462	-0.042038599999999995	0.020524900000000002	0.00664823	-0.000981036	0.000875103	-0.000145449
0.04888237	0.1544500027	-0.0573202485	0.064015935	0.07506936639999999	0.0053251715	-0.048919858	-0.046594942400000006	-0.0256154559	0.07645757110000001	-0.0635191694	-0.042702300000000006	0.0116364	0.0135977	-0.0008729849999999997	0.00108811	-0.000472005
0.02118653	0.1662893989	0.0724110393	0.0058501641	0.0621801972	-0.0088473857	-0.1092157393	-0.0472445043	-0.024090374	0.0757207024	-0.06541582139999999	-0.0407656	-0.00255138	0.013619399999999999	-0.0008729849999999997	0.000987303	-0.000472005
0.033816900000000004	0.094976509	0.0383081728	0.1241417846	-0.0302504108	-0.06877950990000001	0.0115089883	-0.0478893067	-0.0225555848	0.0749151845	-0.06720704549999999	-0.0434117	0.0014145500000000005	0.00154228	-0.00093914	0.000858618	-0.00036429
0.03572016	0.1156700089	-0.06452701400000001	-0.0070222746	0.0599471638	0.0320503409	0.0537505839	-0.0485292848	-0.0210117067	0.0740417477	-0.06888995490000001	-0.0384961	0.00272534	0.0136042	-0.00108953	0.000700083	-0.000324578
0.08774993	0.1039388232	0.071991395	-0.042560189000000005	-0.0004529232	-0.0870048781	0.08365345490000001	-0.0491643739	-0.0194593619	0.07310118389999999	-0.07046183730000001	-0.0487546	0.0121397	-0.009919720000000005	-0.000407645	0.0008742469999999997	-0.000289564
0.05036939000000002	0.0035274391	0.0318781478	0.0936262029	-0.017745554099999998	0.0590106745	0.1065862271	-0.0497945101	-0.0178991758	0.0720943458	-0.0719201593	-0.0427975	0.009891500000000001	-0.00968683	-0.0008729849999999997	0.0006403240000000001	-0.00015020299999999998
0.03552656999999998	0.0387811179	-0.0759393492	0.0090963433	0.03535408	-0.0559299009	0.0500293539	-0.05041963	-0.0163317771	0.0710221462	-0.0732625707	-0.0474088	0.00152144	-0.00570507	-0.000797081	0.000772873	-0.000313019
0.05106386000000001	0.0814006197	0.045449036	-0.0591345202	0.0288205713	-0.052730724900000005	0.0702249881	-0.0510396705	-0.0147577975	0.0698855571	-0.0744869079	-0.0507931	0.00480127	-0.011643899999999999	-0.000227031	0.0009628239999999999	-0.000303802
0.07913823	-0.0032567562	0.07737249139999999	0.0541050681	0.0299768261	0.045332768	0.1280350792	-0.0516545692	-0.0131778711	0.0686856091	-0.07559119780000001	-0.0479149	0.016913499999999998	-0.00313587	-0.0008729839999999999	0.0007337519999999997	-6.603159999999999e-05
0.06040399	0.0344257646	-0.061050739000000014	0.0138540723	0.0709339348	0.000511348	0.0611258318	-0.0522642642	-0.0115926346	0.06742339	-0.0765736605	-0.040896800000000004	0.0235139	-0.00908319	-0.000292329	0.000582036	-0.000150424
0.04075097	0.023370341	0.0715185982	-0.0168530589	0.0989747957	0.0775054835	0.0605804299	-0.052868694	-0.0100027269	0.0661000441	-0.0774327128	-0.0483478	0.018602900000000002	-0.00758627	-0.000434938	0.0008143339999999999	-0.000313358
0.042375720000000006	-0.0319778852	-0.0040146597	0.0923422598	0.0747143261	0.0276525523	-0.0230984697	-0.0534677978	-0.0084087885	0.0647167712	-0.07816697	-0.0441231	0.0259608	0.00751555	-0.000503008	0.0007100230000000001	-0.000171913
0.057008500000000004	0.0610648702	-0.0164070404	-0.0358597494	0.050942378	0.0207135929	-0.0999204179	-0.0540615151	-0.0068114617	0.0632748254	-0.0787752489	-0.05169830000000001	0.010197500000000002	0.0136804	-0.000170058	0.000783292	-0.000315797
0.059265850000000016	0.003066831	0.0757058495	0.0423679541	0.0849124545	-0.0124130606	-0.0225984432	-0.0546497862	-0.0052113902	0.061775514	-0.079256569	-0.0476372	0.019617	0.0112356	-0.000638089	0.000569221	-0.00013109
0.047097945	0.0486362285	-0.08772219960000001	0.0172061828	0.06135714530000001	-0.0804079191	-0.012714695	-0.0552325519	-0.0036092188	0.0602201963	-0.0796101548	-0.0354499	0.0180817	-0.00428272	-0.00035432599999999997	0.000572951	-6.14425e-05
0.03122496	0.0468551842	0.0751033759	-0.0537099855	0.091682134	0.0293466029	-0.0541177274	-0.0558097533	-0.002005593	0.0586102822	-0.0798354362	-0.0415379	0.0160846	-0.00243764	-0.000620187	0.000702255	-9.21731e-05
0.033268285000000015	-0.0248173113	-0.0040890702	0.0758257008	0.0021747305	-0.07057371900000001	0.0163329378	-0.05638133240000001	-0.000401159	0.0569472315	-0.0799320503	-0.0398477	0.0235766	0.013646	-0.000649094	0.0006888939999999999	-0.00020995400000000002
0.047041585	0.0411228525	-0.0378112653	-0.0580099525	0.0429793709	-0.0034997971000000003	-0.0199474175	-0.0569472315	0.0012034366	0.0552325519	-0.0798998413	-0.03884	0.017199599999999995	0.00306608	-0.00035432599999999997	0.000643087	3.1010300000000004e-05
0.034979895000000004	0.0400195217	0.0533259591	0.0683085212	0.0493900766	0.0424016055	-0.0769651635	-0.0575073938	0.0028075473	0.0534677978	-0.0797388611	-0.031096600000000002	0.0166352	0.00551956	-0.00035432599999999997	0.0009276620000000002	-0.000168787
0.07812674999999998	0.1083140576	-0.0665341708	0.0345244992	0.00695175	-0.0252520615	-0.08623019900000001	-0.0580617626	0.0044105266	0.0516545692	-0.0794493692	-0.028812900000000002	-0.00126148	0.0136076	-0.00106155	0.00114783	-9.90124e-05
0.03961894	0.0765031612	0.1054671214	-0.0085264642	0.0325741019	-0.0479913423	-0.0285805914	-0.0586102822	0.0060117288	0.0497945101	-0.0790318321	-0.0345802	0.00445638	0.013661800000000005	-0.00058278	0.00122625	-0.000103414
0.039261549999999985	0.0004008577	-0.013467387	0.0938860355	-0.0171280229	-0.0256848462	0.0275806942	-0.0591528974	0.007610508399999999	0.0478893067	-0.0784869228	-0.0300303	0.00447523	0.013625100000000001	-0.000955299	0.00107883	-0.000276597
0.03317132	0.0694411736	-0.0468283489	-0.0628494703	-0.0488442806	-0.0759996923	-0.024926658	-0.0596895534	0.0092062214	0.0459406864	-0.0778155195	-0.0337463	0.012117200000000002	0.016201499999999997	-0.000699575	0.00118031	-0.000249062
0.058861759999999985	-0.0100638755	0.07115414169999999	-0.0134861088	0.0008845960000000002	0.0152535272	0.0780610735	-0.0602201963	0.0107982247	0.0439504158	-0.0770187042	-0.041260000000000005	0.017737799999999998	0.00284079	-0.00120867	0.00108829	-0.000295282
0.039936285	-0.0414016792	-0.0226743607	0.0635029045	-0.0093172223	-0.0508732855	-0.0214336874	-0.0607447724	0.0123858767	0.0419202993	-0.0760977612	-0.0411033	0.0240317	0.007421289999999999	-0.000833521	0.00109337	-9.740729999999999e-05
0.03666943500000002	0.0117324345	-0.052157994000000006	-0.0612843302	-0.0215492373	0.0462280668	0.0705359948	-0.0612632291	0.0139685379	0.0398521774	-0.0750541746	-0.0374901	0.0189904	0.013576699999999999	-0.00108105	0.000955899	-4.5216800000000004e-05
0.05260956000000002	-0.0034671098	0.06905443	-0.0527546905	0.011593522	-0.0220520013	-0.013371328500000002	-0.061775514	0.0155455703	0.037747925	-0.07388962639999999	-0.0404783	0.0173672	0.007993	-0.000623165	0.0007656389999999999	-0.000245361
0.057999899999999986	-0.0584332545	-0.0326062876	0.0840169051	-0.0196304385	0.0191332951	0.0372737654	-0.062281575599999986	0.0171163386	0.035609450099999995	-0.0726059935	-0.0470146	0.0209709	0.0135648	-0.00115581	0.000981077	-0.00034304
0.02771955	-0.012555641	-0.0381288451	-0.0721223965	-0.0094863855	0.0695153404	0.0297053968	-0.0627813628	0.0186802098	0.0334386912	-0.0712053446	-0.04404419999999999	0.0171767	0.0135839	-0.00101886	0.0008282749999999997	-0.000472005
0.05973275999999999	-0.0392088776	0.0661920562	0.0285189496	0.0332129296	0.0377304444	-0.0275722652	-0.0632748254	0.0202365536	0.0312376164	-0.06968993700000001	-0.0482579	0.00463144	0.013689400000000001	-0.00040718199999999996	0.0006628999999999999	-0.00039169199999999996
0.056627509999999985	-0.056583083	-0.0849963375	0.0311969548	0.0121351949	0.0177681903	-0.0014467292000000002	-0.0637619136	0.0217847431	0.0290082213	-0.0680622132	-0.0360574	0.00781792	0.00752727	-0.0008153439999999999	0.000875993	-0.000472005
0.03842301	0.0075555334	-0.0481164276	-0.0887396266	-0.05652523230000001	-0.0359359322	-0.0599286343	-0.0642425783	0.0233241543	0.026752527	-0.0663247964	-0.0422584	0.0117245	0.0136338	-0.00055926	0.00100548	-0.000530612
0.06438147999999999	-0.0600603737	0.07460413190000001	-0.0468909709	-0.0147616861	0.01657492	0.0536999243	-0.0647167712	0.0248541669	0.0244725786	-0.0644804868	-0.0468481	0.0199946	0.00712192	-0.00113017	0.0008028060000000001	-0.000404
0.02494606	-0.0815672795	-0.0492688987	0.0318569993	-0.0637708868	-0.0540392178	0.001162392	-0.0651844444	0.0263741644	0.0221704431	-0.0625322567	-0.0482413	0.02215	0.00648911	-0.0008416389999999999	0.0008615629999999998	-0.000472005
0.04926258	-0.0032024775	0.0044539378	-0.0828553129	0.0154600337	0.0395108377	0.0132968933	-0.06564555080000001	0.0278835343	0.0198482077	-0.060483246	-0.0519655	0.007795899999999999	-0.00404732	-0.0006966689999999999	0.0011295500000000002	-0.000472005
0.05383842999999999	-0.08681417279999999	0.0461208205	0.0023084069	-0.0256795557	0.0231618622	0.011220821	-0.0661000441	0.0293816684	0.0175079777	-0.058336757	-0.044376599999999995	0.019621700000000002	0.00186236	-0.0007675539999999999	0.0006301540000000001	-0.000472005
0.035037790000000006	-0.022158789900000003	-0.1045683884	0.0005699797	-0.0165398798	-0.0193118351	-0.032506516	-0.0665478783	0.030867963	0.0151518747	-0.0560962492	-0.0432831	0.0140865	0.013658400000000001	-0.000638445	0.0007720449999999997	-0.000410744
0.0233374	-0.040380709300000005	0.023341902400000003	-0.095815616	0.0429263768	0.0322528489	-0.0347773838	-0.0669890084	0.0323418192	0.0127820349	-0.0537653335	-0.0484389	0.0172515	0.00370415	-0.000629049	0.000741455	-0.000472005
0.02143822	-0.0572745904	0.0382409803	0.0444470226	-0.048101743200000005	-0.030148993	-0.05627507	-0.06742339	0.0338026431	0.0104006067	-0.0513477665	-0.0481018	0.00777879	-0.00250971	-0.000612916	0.0008336129999999998	-0.000472005
0.05010434	-0.0192976435	-0.1003404985	0.0226664821	0.0409451102	0.0465142389	-0.0206214641	-0.0678509792	0.0352498461	0.0080097493	-0.0488474444	-0.049682	0.00785182	0.013562200000000005	-0.00120867	0.0008854429999999998	-0.000472005
0.051708980000000015	-0.0372239646	0.0237117266	-0.0894569834	-0.0308049456	0.0390604271	-0.031680854	-0.068271733	0.0366828449	0.0056116301	-0.046268397	-0.054028599999999996	0.00779228	0.00768006	-0.000465225	0.0009704119999999999	-0.000472005
0.056637549	-0.0796577112	0.0399782196	0.0347952387	-0.0048586524	0.0180519761	-0.0239482958	-0.0686856091	0.0381010623	0.0032084234000000003	-0.0436147809	-0.0479648	0.00358663	0.000141511	-0.000969539	0.000698135	-0.000472005
0.036420281	0.0004965731	-0.08885016779999999	-0.0013996135999999998	0.0195213671	-0.0582017663	-0.0091158478	-0.0690925657	0.0395039266	0.0008023078999999999	-0.0408908726	-0.0443132	0.00781327	-0.00345578	-0.0007009960000000001	0.000928487	-0.000472005
0.042883009999999985	-0.0694784292	-0.0016721066	-0.1196996842	-0.0495619377	0.0011030882	-0.017386272	-0.06949256179999999	0.0408908726	-0.001604535	-0.0381010623	-0.0347495	0.0078142	0.013679499999999999	-0.0007403709999999998	0.000733087	-0.000560892
0.06268191000000001	-0.1068361452	0.054186522	-0.0190013516	-0.0987383466	-0.0227735235	-0.0336566153	-0.0698855571	0.0422613414	-0.0040099232	-0.0352498461	-0.0445642	0.0249262	0.00655819	-0.000392075	0.0007744539999999999	-0.000377877
0.05694781	-0.1164102321	-0.0793112008	0.0162154557	0.0305192963	0.0840641666	0.0438147834	-0.0702715121	0.0436147809	-0.006411676	-0.0323418192	-0.034919	0.0296064	0.013658300000000005	-0.000969539	0.000643637	-0.000380042
0.06595	-0.0508286654	-0.0401134438	-0.0904988725	-0.0120877492	0.0261470139	-0.0343292276	-0.0706503878	0.0449506455	-0.0088076158	-0.0293816684	-0.036355	0.0314325	0.0178303	4.0724e-05	0.0007117289999999999	-0.000472005
0.059396060000000014	-0.08820222220000001	0.0365040747	-0.0670902775	-0.0244736932	-0.063536052	-0.0075961326	-0.0710221462	0.046268397	-0.0111955706	-0.0263741644	-0.048617400000000005	0.0239399	0.00377924	-0.000272754	0.000567452	-0.00041796
0.02625449	-0.1005076428	-0.0007211675	0.0078801042	-0.1215272504	-0.0593602652	-0.0016213039000000002	-0.0713867496	0.0475675045	-0.0135733754	-0.0233241543	-0.0495495	0.023980099999999997	-0.0031420000000000003	-0.00046192900000000003	0.000691451	-0.000472005
0.03857979	-0.0061375601	-0.0891978041	-0.0104784012	-0.0410704343	0.0269454439	-0.0376056642	-0.0717441615	0.0488474444	-0.0159388744	-0.0202365536	-0.0472787	0.0240226	0.00292859	-0.0008770339999999997	0.000830028	-0.000522241
0.08712095999999997	-0.0019074895	0.0048864344	-0.0792154152	-0.0236378577	0.027613238	0.0094818667	-0.0720943458	0.050107701	-0.0182899231	-0.0171163386	-0.0550641	0.00551815	-0.00675587	-0.000212279	0.00113797	-0.000472005
0.070296931	-0.0816997708	0.0662244927	0.0462856593	-0.035228726200000005	0.1091248315	0.0743314712	-0.0724372672	0.0513477665	-0.0206243899	-0.0139685379	-0.0390077	0.012368200000000001	-0.0005916890000000001	-0.000760203	0.000861368	-0.000472005
0.039411289	-0.039376101	-0.0977172752	0.0022905091	0.0058714737	0.0009027756	-0.015941748999999998	-0.0727728912	0.052567141100000006	-0.0229401584	-0.0107982247	-0.0390413	0.0123042	0.013633700000000002	-0.000516394	0.000603411	-0.000472005
0.018032099999999995	-0.0186363611	0.048274556100000005	-0.0701472891	0.00041486660000000016	0.030105697200000007	-0.0791704858	-0.07310118389999999	0.0537653335	-0.0252351292	-0.007610508399999999	-0.03906969999999999	0.00910058	0.00718722	-0.00045579800000000004	0.000593385	-0.000375555
0.03868681	-0.0638213421	0.0283006785	0.0675059234	-0.0527254845	-0.0059637912	-0.0283401666	-0.0734221124	0.0549418609	-0.0275072215	-0.0044105266	-0.040016199999999995	0.0055962	0.013587299999999998	-0.000742948	0.0007665019999999999	-0.000472005
0.030623200000000007	0.0225206078	-0.095265301	0.011981131599999998	-0.0270179121	-0.0772955012	-0.0209163894	-0.0737356442	0.0560962492	-0.0297543755	-0.0012034366	-0.0387171	0.0151398	0.0136307	-0.000516394	0.000663485	-0.000406834
0.044849900000000005	0.00727827	0.0113439096	-0.0800029147	-0.0734819187	-0.0529577941	-0.0137126149	-0.0740417477	0.0572280333	-0.0319745538	0.002005593	-0.0419786	0.00955307	0.00220213	-0.000308714	0.0008808769999999999	-0.000340444
0.04312863	-0.0272950952	0.0668172915	-0.0136269251	-0.0251225463	-0.007033797099999999	-0.0002086194	-0.0743403923	0.058336757	-0.0341657437	0.0052113902	-0.0392966	0.00229891	0.0136644	-0.00039410300000000003	0.0007139910000000001	-0.000158115
0.07038849999999999	-0.0366306504	-0.0253475912	0.0690232783	-0.090049441	-0.0610887096	0.06761034190000001	-0.0746315476	0.0594219737	-0.0363259585	0.0084087885	-0.039213599999999994	0.012121	-0.00500726	-0.0007720249999999998	0.00113028	-0.000116091
0.03972546	0.0437831111	-0.0666248793	-0.0339103855	-0.0397773618	0.0451445813	0.0415598985	-0.0749151845	0.060483246	-0.038453239900000005	0.0115926346	-0.0377746	0.00983293	0.00238468	-0.000516394	0.00106771	-0.000370019
0.057545065	0.0113370509	0.0412621085	-0.0667383518	-0.0411529989	-0.0266330353	0.0431850718	-0.07519127440000001	0.0615201462	-0.0405456591	0.0147577975	-0.040939300000000005	0.0170544	-0.00811028	-7.775329999999999e-05	0.0008326319999999999	-0.000310459
0.017279934999999996	-0.0126038489	0.0896042252	0.0415796808	-0.0325752559	-0.0146239666	0.0826063977	-0.0754597894	0.0625322567	-0.0426013192	0.0178991758	-0.037888099999999994	0.0196722	-0.007277729999999999	-0.000183953	0.000872241	-0.00038021800000000004
0.05166702999999999	-0.0314886826	-0.0369385068	0.0698344788	0.0243840745	0.022151559700000004	0.1061734128	-0.0757207024	0.0635191694	-0.044618356500000005	0.0210117067	-0.0377599	0.0197333	0.013625799999999999	-0.000516394	0.000970732	-0.00019966599999999998
0.0377086	0.0401216529	-0.0647796183	-0.0181005494	0.0398148962	0.0204674022	0.0266664088	-0.0759739873	0.0644804868	-0.046594942400000006	0.024090374	-0.047341	0.0196976	0.0136344	-0.00022297099999999998	0.0008897249999999998	-0.00038689999999999997
0.054925765	-0.0135009693	0.0499614455	-0.06895821519999999	0.0587244283	0.0857009545	0.0527641292	-0.0762196185	0.06541582139999999	-0.0485292848	0.0271302159	-0.0488897	0.025215500000000002	0.00172687	-4.22503e-05	0.000561318	-0.000176995
0.028017075	-0.0635907796	0.0747018948	0.0139014022	-0.0047059536	0.0211144642	-0.01506024	-0.07645757110000001	0.0663247964	-0.05041963	0.0301263332	-0.05298680000000002	0.025269299999999998	0.00393281	-0.00017416	0.000555033	-0.000472005
0.02919696	-0.0329780035	-0.0549386783	0.0762908369	-0.0227096222	-0.0382877479	0.009246602	-0.0766878214	0.06720704549999999	-0.0522642642	0.0330738971	-0.038206199999999996	0.0319312	0.007959469999999998	-0.00017340700000000002	0.000628836	-0.000472005
0.04284306	0.0306452902	-0.044444136	-0.0522695435	0.0092391804	0.0401712968	-0.025755121800000003	-0.07691034599999999	0.0680622132	-0.0540615151	0.0359681572	-0.0469946	0.0271627	0.00180141	-0.000310185	0.000833548	-0.00035093300000000005
0.043038805	-0.016717213	0.053507417800000005	-0.0414896242	0.0388259234	-0.0027125784000000003	-0.0344156981	-0.0771251226	0.06888995490000001	-0.0558097533	0.038804449	-0.0481602	0.023891299999999997	-0.0143063	-3.1196100000000004e-05	0.000783727	-0.000472005
0.05385888500000001	-0.0312882909	0.016817137	0.080418993	-0.0007171356	0.0281683764	0.0410109626	-0.0773321295	0.06968993700000001	-0.0575073938	0.0415782013	-0.0440094	0.030091200000000002	-0.00250551	-0.000542344	0.000771847	-0.000360885
0.03961576	0.0157272355	-0.07371406700000001	0.0343212626	0.0514511466	0.0216968236	-0.0682161279	-0.07753134589999999	0.07046183730000001	-0.0591528974	0.0442849438	-0.0422564	0.028557299999999997	0.013693	-0.0002147	0.0007637759999999998	-0.000293993
0.023859705	-0.0065027757	-0.0207372643	-0.0725760892	0.0115263944	0.0037502508	-0.0590950238	-0.0777227516	0.0712053446	-0.0607447724	0.0469203142	-0.038276300000000006	0.023885299999999998	0.0136665	-0.000285537	0.0007713489999999997	-6.87809e-05
0.06998485500000001	0.0010172603	0.070262572	-0.0377426318	0.0169806123	-0.0507270501	0.0270815441	-0.0779063275	0.0719201593	-0.062281575599999986	0.0494800651	-0.0484653	0.0237828	-0.0087488	0.000162627	0.000652976	-0.000247805
0.07972159499999999	0.0704053902	0.0579689184	0.07612842980000001	0.0661497204	0.0006518423	0.0524651618	-0.078082055	0.0726059935	-0.0637619136	0.051960071	-0.0444475	0.0238819	0.0136238	-0.000435867	0.000959077	-8.775809999999999e-05
0.06353773500000001	-0.0165619403	-0.0446509788	0.0592242627	0.0896635699	0.0599134674	0.050576465	-0.0782499164	0.0732625707	-0.0651844444	0.0543563352	-0.047473400000000006	0.035811	-0.00210409	-0.000241185	0.000670395	-0.000261491
0.03583188	0.0206900853	-0.06525815530000001	-0.0109447831	0.0727953688	0.0505337245	-0.0072222113	-0.0784098948	0.07388962639999999	-0.0665478783	0.0566649955	-0.045011300000000004	0.029962700000000002	0.008722139999999998	-0.000159485	0.000712086	-0.000472005
0.03203171	0.0394316662	0.0790164491	-0.024875039	0.1047279164	0.0453409383	-0.0096544584	-0.0785619741	0.0744869079	-0.0678509792	0.0588823313	-0.05678340000000001	0.0238177	0.0136752	-0.000249479	0.000618849	-0.000472005
0.0438576	0.0085199005	0.0268895459	0.1033900882	0.0909464289	0.0272516895	-0.0027877065	-0.0787061389	0.0750541746	-0.0690925657	0.061004769	-0.038263099999999994	0.0314748	0.017500400000000003	-0.000357891	0.000521421	-0.000400745
0.02336954999999999	0.0600555876	-0.0651835632	-0.007640774	0.0710393943	-0.0146406579	-0.0517924661	-0.0788423748	0.07559119780000001	-0.0702715121	0.0630288878	-0.038288499999999996	0.0341	0.029311900000000002	-0.000291883	0.000614606	-0.000381789
0.035770300000000005	0.0458137171	0.0588543178	-0.0199453718	0.0691185834	-0.0094632807	-0.0929024188	-0.0789706681	0.0760977612	-0.0713867496	0.06495142570000001	-0.0382565	0.0238196	0.0136975	-0.00022574599999999998	0.0006551230000000001	-0.000472005
0.036114755	0.0108802862	0.011495332	0.0811634389	-0.0173474913	-0.0782287993	-0.044501945300000005	-0.07909100570000001	0.0765736605	-0.0724372672	0.0667692842	-0.044492699999999996	0.0237998	0.000922795	-0.00015853700000000002	0.000929595	-0.000472005
0.049993985	0.0606537605	-0.0713053206	-0.0033974514000000003	0.025739379	0.0137516005	-0.039696251	-0.0792033756	0.0770187042	-0.0734221124	0.0684795334	-0.0503496	0.0128395	0.00804878	-0.000435867	0.000685909	-0.000472005
0.03442817	0.0567586796	0.0491819766	-0.0468682852	0.0257054213	-0.05898007230000001	-0.0256348355	-0.0793077664	0.0774327128	-0.0743403923	0.0700794171	-0.041386	0.0142438	-0.00369059	-0.00022653	0.0007229899999999999	-0.000472005
0.032076740000000006	0.008212683299999999	0.0488449006	0.0807066553	-0.0366456909	0.039859617400000005	0.079347173	-0.0794041677	0.0778155195	-0.07519127440000001	0.0715663568	-0.0380282	0.0238243	0.00304535	-0.000350661	0.0008469089999999999	-0.000472005
0.02520905	-0.0047881757	-0.0944091143	0.0058167187	0.0728574686	0.0152334242	0.0364008877	-0.0794925697	0.07816697	-0.0759739873	0.072937956	-0.0390347	0.0238348	0.0136755	-0.000435868	0.000660878	-0.000472005
0.05273051139999999	0.023404384500000004	0.04862761	-0.07079972679999999	-0.0016939429999999998	0.0164965791	-0.0278953546	-0.0795729635	0.0784869228	-0.0766878214	0.0741920043	-0.0390129	0.027052299999999998	2.94386e-05	0.000270279	0.000671634	-0.000472005
0.04982074860000001	-0.0481162164	0.0470218546	0.079096043	0.0050709262	0.08180388	0.0378395353	-0.079645341	0.0787752489	-0.0773321295	0.0753264804	-0.0489963	0.0238205	-0.00553361	-0.000284818	0.00068539	-0.00042000800000000003
0.039143075	0.031062009900000007	-0.0961507247	-0.0103799355	-0.0041843774	0.0007588514	-0.109067259	-0.079709695	0.0790318321	-0.0779063275	0.0763395561	-0.0531263	0.0237452	-0.00551732	8.886469999999999e-05	0.0007602660000000001	-0.000669879
0.046874215	0.0245489308	0.0627841873	-0.0505966719	-0.0314759962	0.0029440106	-0.0707741838	-0.0797660189	0.079256569	-0.0784098948	0.0772295986	-0.0474783	0.0176961	-0.0102445	-0.00023003099999999998	0.000668037	-0.000472005
0.03029962	-0.0098438669	0.0077322822	0.0600747788	-0.0793610689	-0.065838096	-0.0441056666	-0.0798143071	0.0794493692	-0.0788423748	0.07799517339999999	-0.0390145	0.0238448	-0.00978048	-0.000435868	0.000675693	-0.00038103599999999996
0.04415322499999999	0.0770764838	-0.0448544441	-0.0310720458	-0.0492778406	0.0014307996	-0.0118503497	-0.0798545546	0.0796101548	-0.0792033756	0.0786350467	-0.0468597	0.0237872	-0.00477747	-3.55057e-05	0.00080931	-0.000472005
0.023989525000000005	0.050213484800000006	0.0743797979	-0.0149516802	-0.0364662062	-0.1394331956	0.0107130545	-0.0798867576	0.0797388611	-0.0794925697	0.0791481873	-0.0479834	0.023799400000000002	-0.0115069	-8.62786e-05	0.000676705	-0.000332899
0.03360193	0.0278305964	-0.004501649	0.0841232165	-0.0652258745	-0.0894581793	0.0660877181	-0.0799109126	0.0798354362	-0.079709695	0.0795337681	-0.0470622	0.0238348	-0.00450694	-0.000435868	0.000700917	-0.000472005
0.012472770000000005	0.0343898433	-0.06331387549999999	-0.0313720711	-0.06528061339999999	0.0385252902	0.06844093650000001	-0.0799270173	0.0798998413	-0.0798545546	0.0797911678	-0.0473996	0.0238348	-0.00145047	-0.000435868	0.0005193390000000001	-0.000472005
0.04858472999999999	0.0158678982	0.05714090440000001	-0.0299223975	-0.0275022309	-0.0064241785	0.0827239111	-0.07993507009999999	0.0799320503	-0.0799270173	0.0799199714	-0.046406199999999995	0.0254941	-0.0153475	0.000141211	0.00046748199999999997	-0.00046024099999999996
