0.0	-0.0219902035	0.0018262221	-0.007450926	0.0203338793	-0.0288205987	0.0100823952	0.07993507009999999	0.0799320503	0.0799270173	0.0799199714	0.0236858	-0.0735225	0.0584307	-0.00120959	-0.00038129699999999995	0.000543644
0.0636809	-0.0106875345	-0.0126558051	-0.0046807913	-0.0068837723	-0.0477151347	-0.0002340237	0.0799270173	0.0798998413	0.0798545546	0.0797911678	0.023657	-0.08614069999999999	0.028692900000000007	-0.000918422	-0.00025739299999999997	0.0005327940000000001
0.05114235	-0.018976105	0.0038137528	0.0010792014	0.0065853985	-0.0329008128	0.0479608462	0.0799109126	0.0798354362	0.079709695	0.0795337681	0.023669	-0.0619322	0.041721499999999995	-0.0007336279999999997	-0.000350463	0.000532793
0.062161250000000015	-0.002598786	0.0043894883	-0.0005820791	-0.027267279900000004	-0.0528455482	0.0103984343	0.0798867576	0.0797388611	0.0794925697	0.0791481873	0.0237174	-0.027964599999999996	0.034511	-0.0005935480000000001	-0.000420123	0.000323838
0.16231474	-0.0177615546	-0.0250673136	0.0044222964	-0.0022684978	-0.0486124855	0.0292049411	0.0798545546	0.0796101548	0.0792033756	0.0786350467	0.0301003	-0.0872049	-0.00152524	-0.00145897	-0.000281394	0.000532793
0.08892048999999999	-0.0137849367	-0.0101462273	0.0029077479	-0.0177849902	-0.0510412589	0.0085625232	0.0798143071	0.0794493692	0.0788423748	0.07799517339999999	0.0236526	-0.0551716	0.0244017	-0.00107893	-0.00031546	0.0006089380000000001
0.11204351	-0.0282384557	-0.0143902636	0.025256284	-0.0160945899	-0.0396478097	0.0179718444	0.0797660189	0.079256569	0.0784098948	0.0772295986	0.0236683	-0.0970055	-0.00730581	-0.000514813	-0.000496977	0.000633032
0.06147255999999999	-0.0037446725	-0.0131163771	0.0024532653	-0.0385658608	-0.035855729100000004	0.0290889707	0.079709695	0.0790318321	0.0779063275	0.0763395561	0.021461400000000002	-0.0732798	0.014163399999999996	-0.0004725280000000001	-0.00028461	0.000606269
0.060920900000000014	-0.017650698700000002	-0.0122787861	0.0178803931	-0.0040547818	-0.030788921	0.046701383099999993	0.079645341	0.0787752489	0.0773321295	0.0753264804	0.0237023	-0.059897800000000015	0.027534100000000002	-0.000694973	-0.000627235	0.000532793
0.04853245	0.0012898732	-0.0188798042	0.0149568175	-0.0381808969	-0.0471351176	0.0339140016	0.0795729635	0.0784869228	0.0766878214	0.0741920043	0.026919099999999998	-0.0501876	0.0130225	-0.000909737	-0.000420123	0.0005327940000000001
0.038027589999999986	-0.019848528	0.0001589613	0.0332310345	-0.0053651161	-0.0216282048	0.0244656011	0.0794925697	0.07816697	0.0759739873	0.072937956	0.023683799999999998	-0.031675	0.00959451	-0.000811071	-0.000420123	0.00037442599999999997
0.06376470000000001	-0.0151076196	-0.0068149525	0.0206591007	-0.028590842	-0.0301619978	0.002676768	0.0794041677	0.0778155195	0.07519127440000001	0.0715663568	0.012199600000000001	-0.0380095	-0.007454739999999999	-0.000359531	-0.000326419	0.000341735
0.05505219000000002	-0.0182084526	0.0068873841	0.0340834002	-0.0232982021	-0.0209725757	0.0293579535	0.0793077664	0.0774327128	0.0743403923	0.0700794171	0.00790962	-0.0289969	-0.02023	-0.000654256	-0.000420123	0.000532793
0.05904925	-0.0022844106	0.0030039071	0.0188883781	-0.0394631996	-0.0291691741	0.0159788951	0.0792033756	0.0770187042	0.0734221124	0.0684795334	0.0128359	-0.0222513	0.00301677	-0.000941533	-0.000420123	0.000337458
0.06471412000000001	-0.019330369	0.0128521779	0.0355918895	-0.0138791959	-0.0169957762	0.0001221902	0.07909100570000001	0.0765736605	0.0724372672	0.0667692842	0.00779412	-0.00944585	-0.00683822	-0.00040721400000000004	-0.000328881	0.000222781
0.06137485	0.00017587790000000002	0.0091609024	0.0302642091	-0.0311366979	-0.0238204063	-0.0013347335999999998	0.0789706681	0.0760977612	0.0713867496	0.06495142570000001	0.00273337	-0.0143059	-0.0129308	1.44073e-05	-0.00013323600000000004	-6.71821e-05
0.07195786600000001	-0.0049581289	0.0226720457	0.0313218582	-0.0013954338	-0.0234583557	0.036547982	0.0788423748	0.07559119780000001	0.0702715121	0.0630288878	-0.00496065	-0.00149821	-0.000328154	-0.000333136	-0.000420123	-0.000209822
0.06655151899999999	0.0082265167	0.0142606143	-0.0015638516	-0.0022490029000000003	-0.0321843071	0.0086696821	0.0787061389	0.0750541746	0.0690925657	0.061004769	-0.00495311	-0.00600478	0.010304899999999999	-0.0008124109999999998	-1.1905899999999999e-05	-6.922699999999999e-05
0.06419685900000001	0.0013623001	0.0244302985	0.0141475946	0.0138198655	-0.0132653232	-0.0007858959	0.0785619741	0.0744869079	0.0678509792	0.0588823313	0.00581644	-0.00539512	-0.000403694	-0.000510251	-0.000284254	0.000198446
0.069436174	0.0133194548	0.0107988084	-0.001528315	0.0125423827	0.0002068744	0.005241341500000001	0.0784098948	0.07388962639999999	0.0665478783	0.0566649955	0.00439824	-0.0228421	0.0102976	-0.00018480900000000005	0.00017935099999999998	0.00020679299999999998
0.0678532548	0.0074767320999999986	0.0190438734	0.017531297	-0.0034585497	-0.009284679	0.0227884848	0.0782499164	0.0732625707	0.0651844444	0.0543563352	-4.8889799999999994e-05	-0.00437496	-0.00612403	6.90564e-05	-3.99727e-05	0.000109635
0.05172018019999999	0.0258187248	0.0032614128000000003	0.0070415526	-0.0048380219	-0.0027902345	0.0215084727	0.078082055	0.0726059935	0.0637619136	0.051960071	-0.00497212	-0.0121539	0.00460286	-0.000146139	8.98083e-05	-0.000111211
0.10386354	0.0095651795	0.0247272508	0.012972318500000002	0.016316470700000002	-0.016299088	0.0117878113	0.0779063275	0.0719201593	0.062281575599999986	0.0494800651	0.00801277	0.00824094	0.019084599999999997	-0.00071995	-0.000420123	-7.491189999999997e-05
0.07273679949999999	0.011217591599999998	0.0088528987	0.0029387592	-0.0072977787	-0.0201083416	-0.0049430153	0.0777227516	0.0712053446	0.0607447724	0.0469203142	0.005369	-0.014296000000000001	0.00375838	-0.000510251	1.09209e-06	-8.85952e-05
0.06935116449999999	0.0059211915	0.0189956195	0.014336013799999997	-0.0005596001	-0.0044923611	-0.0108624269	0.07753134589999999	0.07046183730000001	0.0591528974	0.0442849438	-0.00496785	0.007282600000000002	0.0198205	-0.0006973639999999999	-0.00018800900000000002	-0.000139853
0.08723651500000001	0.0082406324	0.0010574709	0.0063288366	-0.0039580894	0.0120263462	-0.0143542225	0.0773321295	0.06968993700000001	0.0575073938	0.0415782013	-0.00145284	-0.014271700000000003	0.00649336	1.4497300000000001e-05	-1.67481e-05	-4.61739e-05
0.03727548	0.0131537247	0.0168334532	0.0020225885	0.0150762546	0.0058716748	-0.0082790902	0.0771251226	0.06888995490000001	0.0558097533	0.038804449	0.00206225	-0.00598124	0.020247499999999998	-3.89016e-05	3.89247e-05	-0.000171418
0.047470785	0.0203346728	0.0131317586	0.0047071702	0.001265848	0.0090620108	-0.0064741752000000005	0.07691034599999999	0.0680622132	0.0540615151	0.0359681572	-0.00126413	-0.014286000000000004	0.0330801	-0.000246847	-7.293979999999999e-05	-0.000311749
0.059769309999999985	0.0131508983	0.0123605073	0.0009803406	0.0101885529	0.003523684	0.0032232077000000003	0.0766878214	0.06720704549999999	0.0522642642	0.0330738971	-0.00495679	0.00713664	0.03964790000000002	-0.0007638019999999997	-0.000117709	-0.000311749
0.03254087	0.0080191288	0.0130404009	-0.0107055458	-0.0102842285	0.0097093454	-0.0088116234	0.07645757110000001	0.0663247964	0.05041963	0.0301263332	-0.00494554	-0.00482323	0.0265856	-0.000681557	-4.9805e-05	-0.000311749
0.02926253	0.0027315145	-0.001938381	0.0056382573	0.0105105301	0.0200335108	-0.0215714735	0.0762196185	0.06541582139999999	0.0485292848	0.0271302159	0.00441259	-0.007448879999999999	0.026582599999999998	-0.0007950089999999997	-0.000281868	-0.000311749
0.060854259999999986	-0.0027672748	-0.0195876758	-0.0027238783	-0.0018471258	0.0316167863	-0.0269471927	0.0759739873	0.0644804868	0.046594942400000006	0.024090374	0.00859883	-0.0142928	0.013317600000000002	-0.000177819	-0.000264228	-0.000215397
0.04194259	-0.0090015946	0.0202337872	-0.0051662894	0.0089291436	0.0329279631	-0.0131826875	0.0757207024	0.0635191694	0.044618356500000005	0.0210117067	0.00109079	0.00280431	0.00481256	-0.000173285	-0.00033999	-0.000311749
0.05675887900000001	0.0106751197	-0.0018965332	-0.010002494	0.0149902303	0.0377112573	-0.0311087496	0.0754597894	0.0625322567	0.0426013192	0.0178991758	0.0009037860000000001	-0.0233025	-0.0007394549999999998	6.16918e-05	-7.67058e-05	-0.000311749
0.030275018500000007	0.0202354465	0.0012834348	-0.0060451389	0.0253452819	0.0338969068	-0.0103488095	0.07519127440000001	0.0615201462	0.0405456591	0.0147577975	-0.00144536	-0.010817100000000001	0.00458429	-7.610649999999999e-06	5.63263e-05	-0.000311749
0.0341221575	0.0209541447	-0.0091238517	-0.023847509	0.0251814039	0.0373149189	-0.007964324	0.0749151845	0.060483246	0.038453239900000005	0.0115926346	-0.00128792	-0.014302100000000003	0.0159546	-0.000289611	-4.3861499999999987e-05	-0.000311749
0.06166813	0.0281233987	0.0018899103	-0.030544827000000007	0.029118752	0.0135249321	0.000609397	0.0746315476	0.0594219737	0.0363259585	0.0084087885	-0.00495308	0.00448845	0.028911000000000006	-0.000784347	-7.42459e-05	-0.000311749
0.04252282	0.0178303327	-0.0030780265999999995	-0.0234896593	0.0175013527	0.030232867000000007	-0.0096368264	0.0743403923	0.058336757	0.0341657437	0.0052113902	0.00526163	0.00200062	0.016000399999999998	-0.000510251	-1.01483e-05	-0.000311749
0.060328547	-0.0006938428	-0.0031147740000000003	-0.0209683877	0.0078333755	0.0541691778	-0.0192851208	0.0740417477	0.0572280333	0.0319745538	0.002005593	-0.000261992	-0.00317116	0.00807799	-0.000510251	-0.000420123	-0.0007359889999999999
0.07610937799999999	-0.0009781362	-0.0148652786	-0.017768657900000002	0.003785598	0.0584834739	-0.0487463699	0.0737356442	0.0560962492	0.0297543755	-0.0012034366	-0.00495037	-0.0142947	0.0167137	-0.00020076	-0.00012061899999999999	-0.000311749
0.009396535000000004	-0.0157055984	-0.0051339491	-0.0235799626	0.0121247722	0.053802981500000006	-0.0391385065	0.0734221124	0.0549418609	0.0275072215	-0.0044105266	-0.0025445	-0.0143014	0.0166969	-0.000282125	-6.264069999999999e-05	-0.000311749
0.07665286999999997	-0.0115201386	-0.0204621886	-0.0155460026	-0.0068329578	0.0692892172	-0.0560688496	0.07310118389999999	0.0537653335	0.0252351292	-0.007610508399999999	-0.00495147	-0.0431332	0.00502568	0.000361686	-3.1595100000000005e-05	-0.00031175
0.08889883499999998	-0.003240362	-0.009018308	-0.0188531343	0.022744082	0.0699405588	-0.0271393612	0.0727728912	0.052567141100000006	0.0229401584	-0.0107982247	-0.00177837	-0.00948564	-0.010377299999999999	-0.000152472	-0.000103828	-0.000164637
0.04924062999999999	0.0026293801	-0.0248029324	-0.0210460391	0.007114316	0.073416658	-0.0296014386	0.0724372672	0.0513477665	0.0206243899	-0.0139685379	-0.00145709	-0.00771329	-0.014805700000000001	0.000504971	-0.000153644	-0.00031175
0.052362625	-0.007994858399999999	-0.00870476	-0.0252870726	0.0017028302	0.0616300367	-0.0061966763000000005	0.0720943458	0.050107701	0.0182899231	-0.0171163386	0.00203663	-0.00402112	-0.006438600000000001	-6.04229e-05	-6.510520000000001e-05	-0.00022949
0.031623160000000004	-9.68158e-05	-0.0341137237	-0.0151946178	0.0020331795	0.0632973146	-0.0486473044	0.0717441615	0.0488474444	0.0159388744	-0.0202365536	0.0110842	-0.0190011	-0.00863645	-7.830479999999999e-05	-3.81389e-05	-0.00016638299999999998
0.054763516500000005	0.013512767	-0.0096157166	-0.0269446139	0.0157787639	0.0704591133	-0.0261602219	0.0713867496	0.0475675045	0.0135733754	-0.0233241543	-0.00122522	-0.007696729999999999	-0.000289755	-0.0003455	5.35953e-06	-0.00031175
0.05211709850000002	0.0038324349	-0.0177680424	-0.0246997764	0.0218020745	0.0715352969	-0.0642556024	0.0710221462	0.046268397	0.0111955706	-0.0263741644	0.0025185	-0.0077203	-0.017059599999999998	-3.1829200000000004e-05	0.000186195	-0.00017465700000000002
0.027112235	0.016244354	-0.0278416487	-0.0292991755	0.0391339779	0.0681049891	-0.0306380638	0.0706503878	0.0449506455	0.0088076158	-0.0293816684	-0.0015067	-0.0077193	-0.00567309	-5.70094e-05	3.76407e-05	-0.000234913
0.040030599	0.0092336297	-0.0319462204	-0.031584778	0.0037588698	0.076181395	-0.0290008329	0.0702715121	0.0436147809	0.006411676	-0.0323418192	0.000179709	-0.007722899999999999	-0.013666399999999999	0.000195075	-6.59365e-05	-0.00048619699999999995
0.02566777600000001	-0.0005058924	-0.0252298957	-0.0399482881	0.0055508011	0.0685068329	-0.0330412041	0.0698855571	0.0422613414	0.0040099232	-0.0352498461	0.0024318	-0.00771782	-0.00568807	0.000292896	-0.000102314	-0.00031175
0.033890892000000006	-0.0036004772	-0.0309636346	-0.0390337415	0.0231478641	0.06422775139999999	-0.0544317232	0.06949256179999999	0.0408908726	0.001604535	-0.0381010623	0.00344757	-0.000726368	-0.00571065	1.6922199999999995e-05	0.000138934	-0.00031175
0.054015917000000004	-0.0182927542	-0.0276633333	-0.0376147072	0.020265861	0.1008389347	-0.0552655614	0.0690925657	0.0395039266	-0.0008023078999999999	-0.0408908726	0.00305727	-0.0255212	-0.00568335	0.000277244	7.86721e-05	-5.6263999999999995e-05
0.045908477999999996	-0.005609183	-0.0334902027	-0.034806436	0.0052579628	0.0978517671	-0.0596599166	0.0686856091	0.0381010623	-0.0032084234000000003	-0.0436147809	-0.00144437	-0.0122588	-0.00010745700000000001	0.000214772	0.000212085	-0.00031175
0.020246763	-0.0146058315	-0.0279073762	-0.0413914361	0.0266060227	0.0888366681	-0.037642887	0.068271733	0.0366828449	-0.0056116301	-0.046268397	-0.00485668	-0.00462404	-0.0057244999999999996	0.00019549200000000002	0.000159712	-0.00031175
0.04442067	-0.0062781501	-0.0522081292	-0.0358943302	-0.00028291380000000004	0.107504256	-0.0411440169	0.0678509792	0.0352498461	-0.0080097493	-0.0488474444	-0.00391692	-0.0205007	-0.0110733	-0.00011698200000000005	0.000112303	-0.000226524
0.06496561000000001	-0.0090473548	-0.0392275116	-0.0350307004	0.0183287852	0.062410616	-0.0409008825	0.06742339	0.0338026431	-0.0104006067	-0.0513477665	0.00224978	0.00787291	-0.00127062	-0.000369515	3.76096e-05	-0.00031175
0.08578866999999997	-0.0273979527	-0.0567341446	-0.03799312	0.0063775996	0.1131258995	-0.0668114318	0.0669890084	0.0323418192	-0.0127820349	-0.0537653335	-0.00142677	-0.0184495	-0.0146278	0.000179195	-0.000262331	-0.00031175
0.20210261	0.0246518497	0.0396505661	-0.0162910473	0.000726145	-0.0367139596	-0.0008105872	0.0665478783	0.030867963	-0.0151518747	-0.0560962492	-0.00151277	-0.00392099	-0.00391745	0.0026661	-0.000225651	-0.00132372
0.30605581000000004	0.0500129444	0.056671108	-0.0123782339	0.0486074442	-0.1418446266	0.0733376595	0.0661000441	0.0293816684	-0.0175079777	-0.058336757	-0.00435519	0.0728801	-0.029403700000000005	-0.00010821800000000004	-0.000390545	-0.000244411
0.06307777999999999	0.0323333981	0.0425690869	-0.0123973141	0.0285758945	-0.0363010676	0.0360997128	0.06564555080000001	0.0278835343	-0.0198482077	-0.060483246	0.00980679	0.07380499999999998	-0.0224106	0.000536505	-0.00022281700000000002	-0.000251916
0.04850941499999999	0.0340054277	0.036285097200000005	-0.0044698954	0.0160362276	-0.07618775309999999	0.0148282993	0.0651844444	0.0263741644	-0.0221704431	-0.0625322567	0.0184044	0.06676019999999999	-0.010287200000000002	0.0006895730000000001	-3.15629e-05	-0.000181366
0.023341859999999992	0.0160680061	0.0474234896	-0.0131051882	0.0302701364	-0.0618668388	0.034190329900000004	0.0647167712	0.0248541669	-0.0244725786	-0.0644804868	0.0183559	0.0674405	-0.0022796999999999995	0.000478214	4.21173e-05	-0.00017429400000000002
0.08951542	0.0187783626	0.0255814762	0.0070213297	-0.002879121	-0.0508129381	0.0119889007	0.0642425783	0.0233241543	-0.026752527	-0.0663247964	0.0020065	0.0539722	-0.0279068	0.0008855039999999998	-9.914309999999999e-05	-0.000307156
0.037054255	0.0046202682	0.0289612643	0.0026483967	0.002953463	-0.0369693515	0.0243531916	0.0637619136	0.0217847431	-0.0290082213	-0.0680622132	0.00278381	0.07380979999999998	-0.0247327	0.0008855039999999998	-0.000363882	-0.000307722
0.01463512000000001	0.0091978012	0.0292608587	0.007271580400000002	-0.0025837563	-0.0442638202	0.0180164675	0.0632748254	0.0202365536	-0.0312376164	-0.06968993700000001	0.0015465399999999995	0.0738154	-0.0185453	0.0008855039999999998	-0.000372023	-0.00044367800000000003
0.012160820000000013	0.0196208415	0.02620666	0.0039278528	0.0090740991	-0.0387677408	0.0274517617	0.0627813628	0.0186802098	-0.0334386912	-0.0712053446	0.00228851	0.07381460000000001	-0.0185311	0.000798399	-0.00044280599999999996	-0.000513867
0.03599714	0.0124515365	0.0278624321	-0.0073108431	0.0027188849	-0.0646197425	0.0308178192	0.062281575599999986	0.0171163386	-0.035609450099999995	-0.0726059935	0.0114168	0.07380739999999998	-0.0184916	0.0005184069999999999	-0.000290493	-0.000409729
0.056903319999999986	0.0040307121	0.0091541453	0.0103248824	0.0021106945	-0.0339536285	0.0117304327	0.061775514	0.0155455703	-0.037747925	-0.07388962639999999	0.00588243	0.0623621	-0.028612000000000002	0.0010391100000000002	-0.00027786	-0.00034700000000000003
0.035471489999999994	-0.0046897501	0.0155926139	0.008335504399999999	0.0011672736	-0.0243905573	0.0025702142	0.0612632291	0.0139685379	-0.0398521774	-0.0750541746	0.00939612	0.051129400000000005	-0.0213456	0.000974099	-0.00023362	-0.000187077
0.04578886	-0.0075836742	0.0215061776	0.0260606246	-0.0076679424	-0.0167850654	0.015735010600000002	0.0607447724	0.0123858767	-0.0419202993	-0.0760977612	0.00673917	0.0436537	-0.0230308	0.00105037	9.45382e-05	-0.0004620680000000001
0.05812777	-0.005270719300000001	0.0111823545	0.0032564393	0.0003056176	-0.0453347237	0.0146094549	0.0602201963	0.0107982247	-0.0439504158	-0.0770187042	0.00163441	0.062358400000000015	-0.0252976	0.0008855039999999998	-0.000274891	-0.00035533300000000005
0.028189109999999993	0.0075753927	0.0153378728	0.0139240078	0.007308276	-0.0421325572	0.0401738282	0.0596895534	0.0092062214	-0.0459406864	-0.0778155195	0.00556987	0.062411699999999994	-0.0185168	0.000750608	-0.000168331	-0.0004622680000000001
0.06647588	0.0023767009	0.0110165326	0.0085976226	-5.42903e-05	-0.0523335563	0.0069156880000000006	0.0591528974	0.007610508399999999	-0.0478893067	-0.0784869228	0.014087	0.06789780000000001	-0.0226421	0.000300848	-0.000564125	-0.000340875
0.06082551000000001	0.002938092	0.0085107254	0.0076652537	-0.0044555540000000005	-0.0294179244	0.0197850769	0.0586102822	0.0060117288	-0.0497945101	-0.0790318321	0.00522179	0.06834069999999999	-0.0348663	0.0008855039999999998	-0.000393733	-0.000310059
0.024381960000000005	0.001896477	0.0079617969	0.005343599300000001	-0.0110480779	-0.0403745941	0.0321821799	0.0580617626	0.0044105266	-0.0516545692	-0.0794493692	0.0117596	0.06968289999999999	-0.0300675	0.0008855039999999998	-0.000419541	-0.000101804
0.03849905	0.0009594788	0.0048281073	0.0147425523	-0.0144112715	-0.0254911517	0.0273300335	0.0575073938	0.0028075473	-0.0534677978	-0.0797388611	0.0122877	0.0662422	-0.0355997	0.001153	-0.000188921	-0.000183649
0.028887200000000005	0.0076753598	0.006968764499999999	-0.0030551207	-0.000340139	-0.049397152400000005	0.0385433222	0.0569472315	0.0012034366	-0.0552325519	-0.0798998413	0.0113421	0.0659313	-0.0355716	0.00117125	-0.000564124	-0.000342248
0.05627245	-0.011945781599999998	0.0052077757	0.0145173931	-0.0006479929	-0.018382429	0.0112088516	0.05638133240000001	-0.000401159	-0.0569472315	-0.0799320503	0.0182826	0.0607606	-0.0422714	0.0008855039999999998	-0.000235524	-0.000207365
0.0308012	-0.0084504122	0.0093138571	-0.0046226773	-0.0197999201	-0.0331177056	0.005910849399999999	0.0558097533	-0.002005593	-0.0586102822	-0.0798354362	0.0182884	0.058675800000000014	-0.0291007	0.000793579	-3.8763e-05	-0.000229477
0.02886983	-0.018734021	0.006705605799999999	0.0115155873	0.0032383794	-0.0261304621	-0.020380455	0.0552325519	-0.0036092188	-0.0602201963	-0.0796101548	0.0182325	0.042819	-0.026192	0.0008040299999999997	9.90196e-05	-0.000176742
0.0824006	-0.0116244787	-0.0054761849	0.0230170279	-0.0253677712	-0.0013405353	0.0029908395	0.0546497862	-0.0052113902	-0.061775514	-0.079256569	0.0182076	0.0242533	-0.0427234	0.00134712	-8.851379999999999e-05	3.82066e-05
0.042195380000000005	-0.0049976089000000005	0.0022857169	0.006482139699999999	-0.0210730655	-0.0133703657	0.0200692471	0.0540615151	-0.0068114617	-0.0632748254	-0.0787752489	0.0182217	0.030787099999999998	-0.0298601	0.00115253	-0.000227238	-8.41628e-05
0.02783116000000001	-0.0106370344	-0.0005346109	0.0307959866	-0.0127138717	-0.0266689053	0.0177684684	0.0534677978	-0.0084087885	-0.0647167712	-0.07816697	0.0182488	0.025651	-0.0205481	0.00124402	-0.000141023	-0.000173577
0.04913515	-0.000405647	-0.0039995365	0.015473351399999996	-0.0044512468	-0.0339257579	0.0363916832	0.052868694	-0.0100027269	-0.0661000441	-0.0774327128	0.0182585	0.0463874	-0.018501300000000002	0.0008084419999999999	-0.000180497	-0.000121784
0.047437575	-0.000993948	-0.0160172555	0.0262516532	-0.015466718	-0.0214683938	-0.0047011626	0.0522642642	-0.0115926346	-0.06742339	-0.0765736605	0.0119793	0.0490082	-0.0375208	0.00081059	-0.000366028	8.08985e-05
0.025483662	-0.0002588695	-0.0039516311	0.0180323158	-0.0169939957	-0.0296056106	0.042392552400000005	0.0516545692	-0.0131778711	-0.0686856091	-0.07559119780000001	0.0105351	0.0606977	-0.0337903	0.000818687	-0.00028373200000000003	-1.09774e-06
0.050771663	-0.0099480794	0.0041930193	0.0265496652	-0.0192995105	-0.028747369900000007	0.0134661967	0.0510396705	-0.0147577975	-0.0698855571	-0.0744869079	0.0182993	0.0613795	-0.0507517	0.00109854	-0.000348251	-0.00016401099999999999
0.057278349999999985	-0.0057314374	-0.0011524425	0.0164746414	-0.0073609006	-0.0464673919	0.0371588135	0.05041963	-0.0163317771	-0.0710221462	-0.0732625707	0.018285299999999997	0.0634907	-0.0236879	0.000727015	-0.000211059	-0.000217081
0.037324500000000004	-0.0209095785	0.0061154928	0.023853661	-0.0023770729	-0.054655307400000006	0.0074193242000000015	0.0497945101	-0.0178991758	-0.0720943458	-0.0719201593	0.014156	0.046389099999999996	-0.0185166	0.0007295379999999997	-0.000390747	-0.000180846
0.024605100000000005	-0.0196226263	-0.0043651456	0.0123004561	-0.0049896658	-0.0168859141	0.0177642832	0.0491643739	-0.0194593619	-0.07310118389999999	-0.07046183730000001	0.0182299	0.0463784	-0.018506400000000003	0.000818018	-0.000123001	-0.000126866
0.036640625	-0.0156827758	0.0049389289	0.0187120701	-0.007928796	-0.0394305442	0.0080171486	0.0485292848	-0.0210117067	-0.0740417477	-0.06888995490000001	0.012187700000000001	0.0324183	-0.0185154	0.00099426	-1.0351e-05	-8.31715e-05
0.041920825	-0.0139483837	0.0047785024	0.0250878377	-0.0229223646	-0.0336060498	0.029921037	0.0478893067	-0.0225555848	-0.0749151845	-0.06720704549999999	0.011772800000000005	0.039392800000000006	-0.018531400000000003	0.000633671	-0.000196461	-0.00022678099999999998
0.0345777	-0.0216681947	0.0051590413	0.0372339401	-0.017185081	-0.0428934239	0.0100855107	0.0472445043	-0.024090374	-0.0757207024	-0.06541582139999999	0.0150005	0.03923769999999999	-0.0337046	0.000646366	-0.000108994	-0.00044705300000000004
0.02890165	-0.0112215513	0.0137162474	0.0209461609	-0.0237015822	-0.0375846099	0.0279110824	0.046594942400000006	-0.0256154559	-0.07645757110000001	-0.0635191694	0.0182409	0.0463982	-0.034684	0.0008326409999999997	-0.000167818	-0.000341725
0.04543569	-0.0105644566	0.004363549699999999	0.0301986719	-0.0219870541	-0.035423469900000004	0.0041014308	0.0459406864	-0.0271302159	-0.0771251226	-0.0615201462	0.00653841	0.038114	-0.030635500000000006	0.00112827	-0.000206338	-0.00043558599999999996
0.101773163	0.0007205586	-0.0089112838	0.051334645	-0.0197101604	0.0022961646	0.0066617012	0.0452818024	-0.0286340436	-0.0777227516	-0.0594219737	0.0007700469999999999	0.010411799999999999	-0.057527800000000004	0.00158456	-0.000278613	-0.000135945
0.054390957999999996	0.0099053463	-0.0008211691	0.0379168098	-0.0260751742	-0.0232566909	0.0094948056	0.044618356500000005	-0.0301263332	-0.0782499164	-0.0572280333	0.007258729999999999	0.010925	-0.0346616	0.00152788	-0.000564125	1.23205e-05
0.09043731	0.0123804146	0.0088700342	0.034430532	-0.022338898500000003	-0.0158390945	0.0340160725	0.0439504158	-0.0316064831	-0.0787061389	-0.0549418609	0.00361802	-0.0113337	-0.0184157	0.00176673	6.972449999999999e-05	0.000105461
0.04973774	0.0104777081	0.0167968318	0.016354659	-0.0099110074	-0.05699584360000001	0.0558127009	0.0432780475	-0.0330738971	-0.07909100570000001	-0.052567141100000006	0.00712475	0.0072703	-0.0184447	0.0014321500000000005	1.2676500000000001e-05	-5.48712e-05
0.049253595	-0.0017552878	0.0129515817	0.0324843953	-0.0109695347	-0.0361328077	0.0329317736	0.0426013192	-0.0345279838	-0.0794041677	-0.050107701	0.015954699999999995	0.0112944	-0.0185313	0.0009063090000000002	-5.5560100000000004e-05	7.731009999999997e-05
0.028518419999999992	0.0008596863999999999	0.015734987199999998	0.0316604048	-0.0283210124	-0.0476436732	0.0210005424	0.0419202993	-0.0359681572	-0.079645341	-0.0475675045	0.0131053	0.021088299999999997	-0.0120145	0.00090997	-6.43852e-05	-9.73702e-05
0.02482968	-0.0043677486	0.0255591367	0.035374363	-0.0195887483	-0.0220457796	0.0022466708	0.0412350562	-0.0373938371	-0.0798143071	-0.0449506455	0.00749631	0.021683	-0.0104855	0.000762091	1.38025e-05	1.85029e-05
0.08818278	-0.0086299498	-0.0076945228	0.0312569014	-0.0260008922	0.005644614399999999	-0.0002959885	0.0405456591	-0.038804449	-0.0799109126	-0.0422613414	-0.00385387	0.0048082	-0.00911462	0.00130179	0.000266354	-0.000360985
0.08449215	0.007639419699999999	0.0179359365	0.0154502103	-0.0052783893	-0.0270559602	0.0214442149	0.0398521774	-0.0401994245	-0.07993507009999999	-0.0395039266	0.00716457	0.0247328	0.00192104	0.000881493	-0.000120664	-0.000318031
0.04657853000000002	0.0018464572	0.0340275924	0.024420734500000003	-0.014678316100000003	-0.026156974	0.0291176338	0.0391546809	-0.0415782013	-0.0798867576	-0.0366828449	0.00716689	0.04151830000000002	0.0112151	0.00121111	-0.000116294	-0.00039397699999999994
0.030074250000000007	-0.0111042497	0.0281269045	0.0478733955	-0.0241806353	-0.021609906600000003	0.0107119824	0.038453239900000005	-0.0429402241	-0.0797660189	-0.0338026431	0.00718427	0.0269844	0.00480342	0.00121111	-8.36952e-05	-0.000543604
0.04076371	-0.0110994444	0.028434394900000007	0.0497035342	-0.039874986	-0.0218432406	0.029674841	0.037747925	-0.0442849438	-0.0795729635	-0.030867963	0.010630500000000001	0.030929500000000002	-0.00360022	0.000807565	-0.00012125300000000005	-0.000485332
0.104683335	-0.0197321361	-0.01478983	0.0511590555	-0.0203860726	0.0326560793	-0.036329962	0.037038807400000005	-0.0456118188	-0.0793077664	-0.0278835343	0.0071465	-0.0113951	-0.0298286	0.00040617	6.46571e-05	-0.00041971
0.086699965	-0.0288850567	-0.0316305802	0.0268591903	-0.0303464479	0.048914953600000005	-0.0272220654	0.0363259585	-0.0469203142	-0.0789706681	-0.0248541669	-0.00821582	-0.0410339	-0.035596499999999996	0.000695273	0.00024316099999999998	-0.000670722
0.14940815999999998	-0.0039678089000000005	-0.0455762142	-0.0054461164	0.0021568166	0.0314890031	-0.0049979858	0.035609450099999995	-0.0482099028	-0.0785619741	-0.0217847431	0.00116399	-0.0445396	-0.07403560000000001	-0.00031953	-0.000569165	-0.00053618
0.31337162	-0.0318019966	-0.1030169107	-0.0789320534	0.0247053369	0.020236868	-0.0291418962	0.0348893543	-0.0494800651	-0.078082055	-0.0186802098	0.0343559	-0.13316900000000004	-0.0013097400000000006	-0.00173161	-0.000636458	0.00036093599999999996
0.11491932	-0.016435487	-0.07476938429999999	-0.0418039297	0.0244325105	0.0520063577	0.0013335688	0.0341657437	-0.0507302891	-0.07753134589999999	-0.0155455703	0.0317881	-0.12420999999999999	0.00929843	-0.000651222	-0.00037088599999999996	-0.000148791
0.12406802	-7.45657e-05	-0.0536986512	-0.0336947929	0.0107895383	0.0606910422	0.0052065636	0.0334386912	-0.051960071	-0.07691034599999999	-0.0123858767	0.0163049	-0.0747293	0.0206924	-0.000283632	-0.000386467	-0.0007198230000000001
0.07721505	0.006042278000000001	-0.0241651337	-0.0046231744	0.0015226006	0.0567183633	0.004417728	0.03270827	-0.0531689154	-0.0762196185	-0.0092062214	0.0123728	-0.0366807	0.0323141	-0.00024612799999999997	-0.000569165	-0.000971874
0.04852023	-0.0201756977	-0.025736583	0.0008023412	-0.019354066	0.0615659573	-0.007412344300000002	0.0319745538	-0.0543563352	-0.0754597894	-0.0060117288	0.015334700000000001	-0.0321617	0.016565700000000003	-4.88814e-05	-0.0007474189999999999	-0.000841556
0.05671907	-0.0289028231	-0.017891285	0.0315309882	-0.0326598631	0.0655504724	-0.0221614741	0.0312376164	-0.0555218517	-0.0746315476	-0.0028075473	0.0162687	-0.028858699999999998	-0.012378900000000005	0.00017385099999999999	-0.000569165	-0.000911319
0.17368360000000002	-0.0705360279	-0.056011595	0.005731379799999999	-0.074040991	0.06187798	-0.0216256965	0.0304975321	-0.0566649955	-0.0737356442	0.000401159	0.0291478	-0.0925004	-0.061692599999999986	-0.00057968	-0.000457375	-0.000819658
0.09231095	-0.0496473345	-0.0298136212	0.0306002219	-0.0615649099	0.0671075408	-0.04941181	0.0297543755	-0.0577853059	-0.0727728912	0.0036092188	0.0247069	-0.0828735	-0.034986	0.00011090299999999999	-0.000697688	-0.0007198230000000001
0.25197058	0.0082627025	0.0344002321	0.0687144239	-0.0733328535	0.014044708	-0.030349677	0.0290082213	-0.0588823313	-0.0717441615	0.0068114617	-0.00444143	-0.0109487	-0.0191033	0.00177659	0.00033692	-0.0007198230000000001
0.14639042	-0.024957159500000003	0.0143849053	0.1045917203	-0.0429585711	0.0458714506	-0.0291726759	0.0282591448	-0.059955629800000014	-0.0706503878	0.0100027269	-0.007350899999999999	-0.0652029	-0.036650999999999996	0.0008323989999999999	0.000196792	-0.000370561
0.05549402999999999	-0.003686879	0.0116841795	0.0769031727	-0.08661734380000001	0.0515048025	-0.0428692539	0.0275072215	-0.061004769	-0.06949256179999999	0.0131778711	-0.00751033	-0.0506536	-0.0399527	0.00138894	0.000196792	-0.000563692
0.08742538999999999	0.0289247884	0.0533156997	0.1027745845	-0.0219443453	0.0065290585	0.0293676459	0.026752527	-0.0620293259	-0.068271733	0.0163317771	0.00181901	-0.0223514	-0.013729399999999998	0.00151217	0.00030642099999999997	-0.00032514
0.6166402400000001	0.083835162	-0.0032247405	-0.1201922108	0.0502594818	-0.086770944	-0.005701646899999999	0.0259951375	-0.0630288878	-0.0669890084	0.0194593619	0.050959	-0.2152030000000001	0.0695284	-0.00419524	0.000196792	-0.00033591800000000005
0.10996382500000004	0.0239123753	-0.0695897855	-0.1628345843	0.1149340341	-0.07034235059999999	-0.0696652396	0.0252351292	-0.06400305190000001	-0.06564555080000001	0.0225555848	0.00608796	-0.18641	0.04626690000000002	-0.00423481	7.44813e-05	-0.000237033
0.178389455	-0.0094952569	-0.0408665369	-0.1054913463	0.0869859924	-0.0042660236	-0.0277774756	0.0244725786	-0.06495142570000001	-0.0642425783	0.0256154559	0.034873699999999994	-0.172443	0.0212756	-0.00307453	-0.000621907	-0.0005932730000000001
0.03599815000000002	-0.0114705424	-0.0490676207	-0.1225566618	0.0494825574	0.0110202466	-0.0403969902	0.0237075627	-0.065873627	-0.0627813628	0.0286340436	0.039088300000000006	-0.158958	0.023002	-0.00307453	-0.000433685	-0.000450052
0.07649670999999998	-0.0185448095	-0.0270626066	-0.0913703989	0.0611032811	0.0430736403	-0.0446244878	0.0229401584	-0.0667692842	-0.0612632291	0.0316064831	0.029792700000000002	-0.15434	0.00920109	-0.00237828	-0.000443308	-0.0007198230000000001
0.035255060000000005	-0.0169100557	-0.016570948000000002	-0.0902037002	0.0354837248	0.061190857	-0.0610475535	0.0221704431	-0.0676380363	-0.0596895534	0.0345279838	0.0278911	-0.147229	0.0107775	-0.00199257	-0.000408076	-0.0006474440000000001
0.10541285	-0.0440481278	-0.0339665289	-0.0562750565	0.012332285	0.0366474567	-0.0271878073	0.0213984944	-0.0684795334	-0.0580617626	0.0373938371	0.0345031	-0.177366	-0.0246821	-0.00186449	-0.00023107599999999998	-0.00028843900000000003
0.03674650000000002	-0.034378670800000004	-0.0384009557	-0.0448584462	0.0107111197	0.0309048438	-0.033000414900000004	0.0206243899	-0.0692934363	-0.05638133240000001	0.0401994245	0.027900799999999996	-0.164759	-0.0241733	-0.00188196	-0.000313976	-0.000528637
0.07333889999999997	-0.0172814549	-0.0194183873	-0.0283518336	0.0007940311	0.0395092133	-0.0368763038	0.0198482077	-0.0700794171	-0.0546497862	0.0429402241	0.027933799999999998	-0.141737	-0.0338101	-0.00135473	-0.000546708	-0.000581617
0.04865435000000001	0.0052963354	-0.00404945	-0.036772513	0.0171902008	0.0446390647	-0.0183009134	0.019070026	-0.07083715900000001	-0.052868694	0.0456118188	0.027938599999999997	-0.119903	-0.0258786	-0.00149045	-0.000369099	-0.000517265
0.03599325	0.0080765614	-0.0028196209000000004	-0.026317052	0.0147631822	0.0442418825	-0.0086628699	0.0182899231	-0.0715663568	-0.0510396705	0.0482099028	0.0279284	-0.108833	-0.02721690000000001	-0.00178854	-0.00038897300000000003	-0.000363734
0.08614612499999999	0.0177923142	-0.0094770604	-0.0119706325	0.0157820214	0.0341786167	0.006245583199999999	0.0175079777	-0.07226671650000001	-0.0491643739	0.0507302891	0.0328853	-0.12341400000000001	-0.0495709	-0.00118839	-0.000397095	-8.692149999999997e-05
0.109804595	0.0244436794	6.04716e-05	-0.0561940005	0.04898561480000002	0.027371784500000003	-3.07725e-05	0.016724268400000002	-0.072937956	-0.0472445043	0.0531689154	0.022045099999999998	-0.13580599999999998	-0.04194319999999999	-0.00195967	7.23454e-05	-0.000425095
0.12042242	0.0536028173	0.024150196800000003	-0.0455789101	0.0366976945	0.0338470222	0.0125550554	0.0159388744	-0.07357980480000001	-0.0452818024	0.0555218517	0.021943400000000002	-0.111615	-0.018100099999999997	-0.00101145	-0.000274235	-0.000274163
0.11201689999999999	0.0499340991	0.045106186900000005	-0.0353292283	0.0578524085	0.0407465677	-0.0226839337	0.0151518747	-0.0741920043	-0.0432780475	0.0577853059	0.0350434	-0.0956946	0.029762599999999997	-0.00164902	-0.000300241	-0.000313263
0.192023605	0.0144363941	0.0200024606	-0.0292871674	0.0274387283	0.04133752	-0.008848393000000001	0.0143633485	-0.0747743077	-0.0412350562	0.059955629800000014	0.0386154	-0.171758	-0.0250282	-0.0008567739999999999	3.69831e-05	-0.00033574099999999997
0.089633344	0.0328403279	0.0431548033	-0.0264339587	0.0213198942	0.0602490295	-0.0238085432	0.0135733754	-0.0753264804	-0.0391546809	0.0620293259	0.0278512	-0.134722	0.000606339	-0.0008567739999999999	-0.000176028	-0.000446702
0.047470689	0.0183905363	0.0250523408	-0.0003056234	0.0309782668	0.0385333022	-0.0137626007	0.0127820349	-0.07584830000000001	-0.037038807400000005	0.06400305190000001	0.0334651	-0.139765	-0.023436500000000002	-0.0008567739999999999	-0.000272155	-0.00028741
0.049373095	0.0371120547	0.0226889442	-0.016145673	0.0103461783	0.025729494300000003	0.0020573961	0.0119894067	-0.0763395561	-0.0348893543	0.065873627	0.036007300000000006	-0.132105	-0.0167515	-0.00123191	-0.000230239	-5.4744099999999996e-05
0.052157119649999965	0.0522536306	0.0535495664	0.006580361	0.0402348562	0.0635961056	-0.015627825300000002	0.0111955706	-0.0768000508	-0.03270827	0.0676380363	0.027791800000000002	-0.117138	0.00341877	-0.00114411	-0.00026291	8.71893e-07
0.034928684650000014	0.0558084525	0.0579593759	0.0042592653000000005	0.0478280918	0.0495893584	-0.0282984166	0.0104006067	-0.0772295986	-0.0304975321	0.0692934363	0.0277811	-0.11801099999999999	-0.007792689999999999	-0.0008063849999999997	-0.000311932	-6.90516e-05
0.043091730000000016	0.0647634483	0.06419613889999999	-0.0055709898	0.0510906296	0.0707744858	-0.011753032	0.0096045951	-0.0776280263	-0.0282591448	0.07083715900000001	0.019391299999999997	-0.123644	-0.0132386	-0.0005663430000000001	-0.00027903	-0.000268568
0.07663054999999999	0.0511943026	0.0441508087	-0.0051775848	0.0250052693	0.0383208973	0.0101733436	0.0088076158	-0.07799517339999999	-0.0259951375	0.07226671650000001	0.030397900000000005	-0.135302	-0.0321252	-0.0010347000000000002	-0.00037851199999999996	-0.00013482
0.07729743000000001	0.0777105971	0.0449115972	-0.0126762149	0.052431095700000006	0.0540018405	0.017391318899999997	0.0080097493	-0.078330892	-0.0237075627	0.07357980480000001	0.0273575	-0.09941889999999999	-0.00572852	-0.00105523	-0.00033122	-0.000306543
0.25984608	0.0261667832	0.038441674	-0.0474643194	0.0596696997	-0.0148799059	-0.0505355806	0.0072110759	-0.0786350467	-0.0213984944	0.0747743077	0.0228225	-0.161658	-0.0748	-0.00293123	-0.000736462	-0.000107775
0.35068219999999994	-0.0439811826	0.0208416945	-0.0726708953	0.0726051963	-0.2604083351	0.0114689224	0.006411676	-0.07890751509999999	-0.019070026	0.07584830000000001	-0.011780100000000005	-0.0652803	-0.09652469999999999	-0.00147653	0.00042818699999999996	0.00123242
0.30778525	-0.0152435434	-0.0296708734	-0.0429760181	0.0305260925	-0.1107184556	0.0630051804	0.0056116301	-0.0791481873	-0.016724268400000002	0.0768000508	0.0213016	-0.165952	-0.019827900000000002	-0.00142445	-0.000369011	0.000134997
0.0818285	-0.015557237	-0.0146442527	-0.0616362901	0.0080176942	-0.0494084045	0.0139429094	0.004811019000000001	-0.07935696639999999	-0.0143633485	0.0776280263	0.0396053	-0.18586	-0.007810349999999998	-0.00190552	-0.00039923800000000016	0.000255685
0.04024360000000001	-0.0038091105	-0.0133620378	-0.0530539084	0.0479908428	-0.0180888106	0.0432545626	0.0040099232	-0.0795337681	-0.0119894067	0.078330892	0.0454906	-0.186317	-0.019634	-0.00215691	-0.000256892	0.000207868
0.05666025000000001	-0.0068266879	-0.0113894446	-0.04360451480000002	0.028297847400000006	-0.0095339374	0.008599228	0.0032084234000000003	-0.0796785214	-0.0096045951	0.07890751509999999	0.0490859	-0.181175	-0.0385763	-0.00176687	-0.000437547	0.00019895
0.08043115	-0.0106495147	-0.0169394896	-0.0275461581	0.0132393171	-0.0213954784	0.033166199300000004	0.0024066004	-0.0797911678	-0.0072110759	0.07935696639999999	0.0450723	-0.169042	-0.06799619999999999	-0.00155619	-0.00031430200000000003	-0.000164418
0.09492852	0.0173150568	-0.006846607199999999	-0.0469094767	0.0338290415	0.0012127442	0.0191495201	0.001604535	-0.0798716619	-0.004811019000000001	0.0796785214	0.035443199999999994	-0.148856	-0.042095999999999995	-0.00188126	-0.000682553	-7.347459999999997e-05
0.034946704500000016	-0.0031299503000000004	-0.0009901585	-0.0364459775	0.0316027032	-0.01003814	0.0175696935	0.0008023078999999999	-0.0799199714	-0.0024066004	0.0798716619	0.0342081	-0.15346700000000002	-0.029889	-0.00174989	-0.000810643	4.93749e-06
0.07120887450000002	0.005465741600000001	-0.0179482522	-0.018872041000000003	0.0192953163	-0.0224672858	0.043759026	0.0	-0.0799360767	-0.0	0.0799360767	0.0425328	-0.16713499999999998	-0.0408394	-0.00147865	-0.000432175	-0.00011067
0.048931300000000004	0.0339457567	0.006035317199999999	-0.0378126937	0.0245314933	0.0160963507	0.0236867941	-0.0008023078999999999	-0.0799199714	0.0024066004	0.0798716619	0.0491461	-0.162682	-0.023717500000000002	-0.00165432	-0.000617619	-0.000164418
0.01855785000000001	0.0154222898	0.0027261535	-0.0184857702	0.0461645612	0.0100730376	0.008381746800000001	-0.001604535	-0.0798716619	0.004811019000000001	0.0796785214	0.049162300000000006	-0.16914	-0.0286887	-0.00171474	-0.000699448	-0.000164418
0.107172525	-0.009533585	-0.0190112634	-0.0202044733	0.0110754521	-0.0246931908	0.0173242786	-0.0024066004	-0.0797911678	0.0072110759	0.07935696639999999	0.0450298	-0.173969	-0.0518315	-0.0013451	3.73225e-05	0.000230536
0.154708175	0.005746939300000001	0.0289385354	0.0523104092	0.0038344924	-0.0161294682	-0.0229488973	-0.0032084234000000003	-0.0796785214	0.0096045951	0.07890751509999999	0.0393068	-0.139094	-0.0681884	0.00016977599999999998	-0.00011035799999999999	-6.1973e-05
0.10261984999999996	0.0345501214	0.0436581033	0.0992513208	-0.0468618424	-0.0219305858	-0.0209442208	-0.0040099232	-0.0795337681	0.0119894067	0.078330892	0.015425200000000003	-0.13138300000000006	-0.06503819999999999	-0.000398682	0.000352638	-0.00038806
0.0411755	0.0183627851	0.0334759611	0.045181495300000006	-0.0480658855	0.012113988	0.0057132895	-0.004811019000000001	-0.07935696639999999	0.0143633485	0.0776280263	0.013305	-0.142655	-0.0416305	-0.00038779	0.000358521	-0.000317323
0.082920925	0.0503649024	0.0576721307	0.0569971914	-0.0136240367	0.0518140312	0.0196679109	-0.0056116301	-0.0791481873	0.016724268400000002	0.0768000508	0.015733700000000003	-0.121654	-0.014161199999999999	-0.000267383	4.10765e-05	-0.00051991
0.05764917499999999	0.0321683438	0.0460666637	0.05258466690000002	-0.0180691351	0.057522676399999986	0.0077753098	-0.006411676	-0.07890751509999999	0.019070026	0.07584830000000001	0.0133911	-0.0989353	-0.0162212	-0.000667927	-6.0932e-05	-0.000411905
0.16496885000000006	-0.0081709857	-0.003214856	0.0528094707	-0.0164500325	-0.0438583991	0.0068152316	-0.0072110759	-0.0786350467	0.0213984944	0.0747743077	0.024955	-0.122619	-0.089975	-0.00165254	-0.000156589	-0.000372826
0.06742654999999997	-0.0274117104	-0.0025659147	0.0485281767	-0.06829356889999999	-0.0692316503	-0.0082808825	-0.0080097493	-0.078330892	0.0237075627	0.07357980480000001	0.0156385	-0.130624	-0.06919439999999999	-0.00137702	0.000152791	-0.000374415
0.06903146	-0.0105081132	0.0033167434	0.06621850259999999	-0.0477660323	0.0001609312	0.0188792907	-0.0088076158	-0.07799517339999999	0.0259951375	0.07226671650000001	0.0175754	-0.126077	-0.0564138	-0.0008083889999999999	-6.39202e-05	-0.000164418
0.027370525	-0.0106782278	0.0099084285	0.06061524400000001	-0.0402827696	0.005582058399999999	-0.0067490285	-0.0096045951	-0.0776280263	0.0282591448	0.07083715900000001	0.018168200000000002	-0.11919500000000001	-0.0444574	-0.000773948	-6.39202e-05	-4.00725e-05
0.043497809500000005	-0.015416687	0.0133278783	0.0610183955	-0.0490056291	0.0309102774	-0.0043881512	-0.0104006067	-0.0772295986	0.0304975321	0.0692934363	0.0133534	-0.132723	-0.0443907	-0.000400842	-0.00015815	-5.6421100000000004e-06
0.0958048445	-0.0287677792	0.0090253722	0.0613054838	-0.0602338302	-0.0329304067	-0.0044215859	-0.0111955706	-0.0768000508	0.03270827	0.0676380363	0.0214701	-0.148882	-0.08844969999999999	-0.000514144	-0.000435475	-0.000164418
0.05284127499999998	-0.0486507055	-0.0012561665	0.06978627230000001	-0.0672828817	-0.0810379823	-0.0180847405	-0.0119894067	-0.0763395561	0.0348893543	0.065873627	0.02617290000000001	-0.146361	-0.0912287	-0.000488624	0.000160856	7.05005e-05
0.054229535	-0.0265689109	0.0104262009	0.06498905	-0.0695324792	-0.0118402183	-0.0018704044	-0.0127820349	-0.07584830000000001	0.037038807400000005	0.06400305190000001	0.0272005	-0.13984000000000002	-0.07248749999999997	-0.000587724	-6.39202e-05	-0.000164418
0.023760594999999995	-0.0117936638	-0.0015664451	0.0829063869	-0.0550944633	-0.0402346988	-0.003506075	-0.0135733754	-0.0753264804	0.0391546809	0.0620293259	0.026433799999999997	-0.139568	-0.0753977	-0.000415432	-6.39202e-05	5.95239e-05
0.037371105	-0.026871356800000003	-0.0090988159	0.0605993654	-0.07457917559999999	-0.0668715773	0.007867508399999999	-0.0143633485	-0.0747743077	0.0412350562	0.059955629800000014	0.02455	-0.12483300000000006	-0.0880446	-0.000494298	-6.39202e-05	-2.371820000000001e-05
0.033123114999999995	-0.0262335662	0.0043012527	0.0596912009	-0.0556077139	-0.0310123985	0.001908333	-0.0151518747	-0.0741920043	0.0432780475	0.0577853059	0.0213894	-0.11525099999999999	-0.08650009999999997	-0.0007590369999999997	-6.39202e-05	8.82631e-05
0.047922095	-0.0152673087	0.006145616800000001	0.06277675349999999	-0.053514199500000005	-0.0259253188	-0.0026799363	-0.0159388744	-0.07357980480000001	0.0452818024	0.0555218517	0.0215431	-0.11610999999999999	-0.07256419999999998	-0.00131523	-6.39202e-05	0.00019154
0.030347150000000014	-0.0234923097	0.0054706423	0.0696945612	-0.0511987154	-0.0007162630000000001	0.0071289138	-0.016724268400000002	-0.072937956	0.0472445043	0.0531689154	0.013287799999999999	-0.107903	-0.07259589999999999	-0.0010389000000000002	-6.39202e-05	0.000190807
0.06156015	-0.024746299500000003	-0.0051964111	0.0751453363	-0.0571921076	-0.0303131626	0.0206159381	-0.0175079777	-0.07226671650000001	0.0491643739	0.0507302891	0.027962	-0.12452800000000006	-0.0871403	-0.0008402509999999998	-6.39202e-05	7.512499999999997e-05
0.069567895	-0.0196228979	-0.0062302695	0.0654327648	-0.046753744900000005	-0.0055402875	0.0245292016	-0.0182899231	-0.0715663568	0.0510396705	0.0482099028	0.0228873	-0.10974500000000001	-0.0655085	-0.000592748	-0.00028326400000000003	-1.95961e-05
0.024260795	-0.0034753962	0.0131718367	0.055038593600000005	-0.0538060904	0.0099616631	0.0118009269	-0.019070026	-0.07083715900000001	0.052868694	0.0456118188	0.013315100000000002	-0.10608800000000004	-0.06012380000000001	-0.000527954	-0.00029994799999999997	-5.1056e-05
0.03534930600000001	-0.0034225186	0.0048766433000000005	0.06710901080000001	-0.0368434091	-0.0082099696	0.0235597782	-0.0198482077	-0.0700794171	0.0546497862	0.0429402241	0.0133201	-0.10491800000000001	-0.0704396	-0.000720578	-6.39202e-05	-2.53768e-06
0.079653474	-0.0328810088	-0.0075688827	0.0532398096	-0.045386079	-0.0216717709	-0.0159633507	-0.0206243899	-0.0692934363	0.05638133240000001	0.0401994245	0.0279361	-0.113632	-0.0968202	-0.000776923	-0.00017566400000000002	0.000428231
0.10175648	-0.0143679987	0.0026776089	0.0646064946	-0.0381277162	-0.0066314564	0.0082518052	-0.0213984944	-0.0684795334	0.0580617626	0.0373938371	0.027805200000000002	-0.103616	-0.07548309999999997	-2.08634e-05	-0.000514947	0.000118124
0.056383719999999984	-0.0307202953	0.003959412	0.05844878150000001	-0.0396813626	0.028102339700000003	-0.0078124241000000014	-0.0221704431	-0.0676380363	0.0596895534	0.0345279838	0.0209544	-0.118832	-0.08709609999999998	0.000180011	-0.00036166599999999996	0.000218047
0.08177139	-0.0307808976	-0.0152344891	0.0652347725	-0.0576817492	-0.028947855	0.0222315944	-0.0229401584	-0.0667692842	0.0612632291	0.0316064831	0.021102799999999998	-0.13194	-0.101466	-0.000534071	-6.39202e-05	0.000146973
0.07747121500000001	-0.017317470300000002	-0.0106018415	0.0509981139	-0.041484944700000005	-0.0073411591	0.019211869	-0.0237075627	-0.065873627	0.0627813628	0.0286340436	0.013365	-0.121957	-0.0663319	-0.000361677	-0.000255778	1.88985e-05
0.055815037000000005	-0.012570535	-0.0298606518	0.07084243650000001	-0.0226487326	-0.0204646903	0.0162157508	-0.0244725786	-0.06495142570000001	0.0642425783	0.0256154559	0.022187799999999997	-0.131168	-0.0609205	-0.0008056199999999997	-6.39202e-05	7.302560000000003e-06
0.05310547199999999	-0.006303355500000001	-0.0061602390000000005	0.0372646119	-0.035754913900000004	0.0016591309	0.0154705565	-0.0252351292	-0.06400305190000001	0.06564555080000001	0.0225555848	0.0236529	-0.13761800000000002	-0.036686	-0.000542633	-6.39202e-05	0.000163433
0.01913925000000001	-0.0060157813	-0.0154141777	0.0487981	-0.0142125618	0.0230002069	0.0124803927	-0.0259951375	-0.0630288878	0.0669890084	0.0194593619	0.0265197	-0.145815	-0.0391094	-0.000491067	-6.39202e-05	0.00010195799999999999
0.08803368	-0.0286634589	-0.0352809577	0.028082973	-0.0587595432	-0.047242366900000006	0.042256947	-0.026752527	-0.0620293259	0.068271733	0.0163317771	0.029962400000000007	-0.165189	-0.0770832	-0.0008056199999999997	2.73894e-05	0.000240959
0.09626677	0.0064010513	-0.0400653815	-0.0024800267	-0.0083628889	0.0192978819	0.0485204905	-0.0275072215	-0.061004769	0.06949256179999999	0.0131778711	0.021531599999999998	-0.171213	-0.036819	-0.0012544000000000001	-0.000167514	0.000428231
0.08702595	-0.041644497	-0.042662765	0.0190052962	-0.0366638205	-0.0487486942	0.0320619348	-0.0282591448	-0.059955629800000014	0.0706503878	0.0100027269	0.0305601	-0.16208399999999998	-0.058415499999999995	-0.0007483709999999997	-0.000606924	0.000428231
0.3259861	-0.0573092636	-0.0663218967	-0.0742473635	0.06322700349999999	-0.1878618413	0.1150159806	-0.0290082213	-0.0588823313	0.0717441615	0.0068114617	0.0159656	-0.13284100000000001	-0.0321603	-0.00507048	-0.00019794299999999999	0.0008150089999999999
0.31796882000000004	-0.0453878387	-0.0275162873	-0.1476719026	0.0813549392	-0.0989127326	-0.0178622354	-0.0297543755	-0.0577853059	0.0727728912	0.0036092188	0.0407019	-0.188329	0.023047099999999997	-0.00196569	-3.10546e-05	0.000435945
0.38365182	0.1107440507	0.1593440105	-0.1877959048	0.058892445	-0.2036185537	-0.1705783144	-0.0304975321	-0.0566649955	0.0737356442	0.000401159	-0.016551	-0.0695599	-0.0591424	-0.0025605999999999997	-0.00022793599999999998	-0.00128107
0.3349092	0.0950936066	-0.06753017160000001	-0.1091813496	0.0407101748	-0.0086739457	-0.0590332281	-0.0312376164	-0.0555218517	0.0746315476	-0.0028075473	0.018181799999999998	-0.223739	-0.024786199999999998	-0.00222838	0.000571033	-0.000179437
0.128278315	-0.0003465872	0.0049202012	-0.0833393506	0.055836957400000005	0.0647210716	-0.0125108923	-0.0319745538	-0.0543563352	0.0754597894	-0.0060117288	0.0182248	-0.16546	-0.00169811	-0.00189619	8.148849999999997e-05	-0.000295067
0.027855405	0.0238242653	-0.0095319722	-0.0889418984	0.0824776191	0.0513837309	-0.0203127137	-0.03270827	-0.0531689154	0.0762196185	-0.0092062214	0.0181579	-0.15717	0.00308007	-0.00201261	0.000254578	-0.000299964
0.08653297	-0.0103935653	-0.0060183259	-0.0587473584	0.0432243899	0.0498348004	0.0099407061	-0.0334386912	-0.051960071	0.07691034599999999	-0.0123858767	0.0202778	-0.15889	-0.0457562	-0.00189619	-0.000218383	-0.00021220900000000001
0.059251129999999985	0.0256611366	-0.031882065099999995	-0.06565856169999999	0.0587649239	0.054310957	0.0169655956	-0.0341657437	-0.0507302891	0.07753134589999999	-0.0155455703	0.0181582	-0.144058	-0.018587700000000002	-0.00203633	-6.44094e-05	-0.00022071599999999998
0.036247599999999984	0.0028437679	-0.0097965233	-0.0884971633	0.0629286408	0.06292121219999999	0.0088652331	-0.0348893543	-0.0494800651	0.078082055	-0.0186802098	0.0181886	-0.153994	-0.00421819	-0.00198274	8.317399999999998e-06	-0.00033263300000000004
0.04875040999999999	0.0139292876	-0.0160318478	-0.0711780579	0.0482710957	0.055794071900000006	0.0064154364	-0.035609450099999995	-0.0482099028	0.0785619741	-0.0217847431	0.018191	-0.141768	0.0134675	-0.00217432	-0.000117803	-0.000273607
0.03397708099999998	-0.012293535800000002	-0.00567301	-0.0504185732	0.0513950729	0.0572572765	0.0084993009	-0.0363259585	-0.0469203142	0.0789706681	-0.0248541669	0.018197799999999997	-0.142697	-0.000439781	-0.0019498	-0.000218383	-0.000216027
0.07666828900000003	-0.0171475518	-0.0426957555	-0.0410641966	0.0328994938	0.0331219658	-0.0039512015	-0.037038807400000005	-0.0456118188	0.0793077664	-0.0278835343	0.023204699999999998	-0.157068	-0.0400685	-0.00179464	-0.000218383	-1.79536e-05
0.04146122999999997	-0.04053592	-0.0266846033	-0.0365562713	0.0266691011	0.0663599045	-0.010857433	-0.037747925	-0.0442849438	0.0795729635	-0.030867963	0.0206383	-0.16473199999999996	-0.043811	-0.00138804	-0.000218383	0.000125213
0.030897400000000026	-0.0239062673	-0.0301359125	-0.0379489959	0.0127360651	0.0557327947	-0.0073311943000000015	-0.038453239900000005	-0.0429402241	0.0797660189	-0.0338026431	0.018130900000000002	-0.168244	-0.0293535	-0.00127447	-0.000313223	0.000125213
0.030108049999999994	-0.0257680115	-0.0380750815	-0.0224877766	0.021846324700000003	0.0431025025	0.0077667726	-0.0391546809	-0.0415782013	0.0798867576	-0.0366828449	0.0253827	-0.168764	-0.036819599999999994	-0.00113192	-0.000468076	0.000125213
0.05364655	-0.0149823223	-0.05764925980000001	-0.0255842385	0.006320577	0.0274542719	-0.0018118189	-0.0398521774	-0.0401994245	0.07993507009999999	-0.0395039266	0.0181162	-0.163747	-0.0140512	-0.00125412	-0.000218383	0.000125213
0.02452914999999999	-0.0213493441	-0.0318267272	-0.036599946800000005	0.018200036	0.0275740233	0.0098180237	-0.0405456591	-0.038804449	0.0799109126	-0.0422613414	0.0251762	-0.160343	-0.0140863	-0.00144851	-0.000218383	0.00021142400000000001
0.032544550000000005	-0.0088546552	-0.0404851055	-0.033024604	0.0063427437	0.04223816	0.0005902486	-0.0412350562	-0.0373938371	0.0798143071	-0.0449506455	0.028732599999999997	-0.146928	-0.0190608	-0.00140809	-0.000218383	0.00038297699999999995
0.06297000000000001	-0.036481888	-0.0313401478	-0.0274105245	-0.0010525273	0.027883034700000003	0.017770107099999998	-0.0419202993	-0.0359681572	0.079645341	-0.0475675045	0.0324717	-0.15798399999999999	-0.046121300000000004	-0.00123109	-0.00012361299999999998	0.00023245900000000002
0.0276202	-0.028188106	-0.0525223427	-0.0180032634	-0.0163883833	0.0308348994	0.0137430519	-0.0426013192	-0.0345279838	0.0794041677	-0.050107701	0.0230518	-0.161174	-0.0425629	-0.0011073	-0.000218383	0.00022198099999999997
0.04374690000000001	-0.028654795	-0.0220234187	-0.0295340327	0.0034466364	0.0569556329	-0.0027272811	-0.0432780475	-0.0330738971	0.07909100570000001	-0.052567141100000006	0.0180797	-0.15948900000000002	-0.0140516	-0.0012159400000000006	-0.000218383	0.000284911
0.05445810000000001	-0.0324254028	-0.0451622801	-0.0183006634	-0.0205488137	0.0204242882	0.0171131217	-0.0439504158	-0.0316064831	0.0787061389	-0.0549418609	0.021403099999999998	-0.164198	-0.0567851	-0.00114424	-0.000218383	0.000282767
0.04860915000000005	-0.049912280700000006	-0.0501061067	-0.0085523091	-0.022880914300000003	0.00665932	0.017780894499999998	-0.044618356500000005	-0.0301263332	0.0782499164	-0.0572280333	0.0180715	-0.155183	-0.056915	-0.00183189	-0.000218383	0.00031777
0.0461109	-0.046943629400000006	-0.0711280267	-0.0109124281	-0.0170576578	-0.0057121707	-0.0077888903	-0.0452818024	-0.0286340436	0.0777227516	-0.0594219737	0.029436	-0.160626	-0.0495821	-0.00147013	-0.000218383	0.00039542
0.0239191	-0.0689523813	-0.0431523967	-0.0048752344	-0.025712478700000003	0.0045758084	0.0023856535	-0.0459406864	-0.0271302159	0.0771251226	-0.0615201462	0.0338087	-0.16501	-0.05988590000000001	-0.00142118	-0.000218383	0.00044364199999999995
0.059411299999999986	-0.051321358	-0.0502306323	-0.0091755698	-0.0193618368	0.0188279906	0.0089516723	-0.046594942400000006	-0.0256154559	0.07645757110000001	-0.0635191694	0.0278575	-0.148282	-0.0496308	-0.00136559	-0.000543931	0.000592044
0.05107070000000001	-0.0623425499	-0.0437091899	0.0101485151	-0.012814206399999998	0.0075885574	0.0033348014	-0.0472445043	-0.024090374	0.0757207024	-0.06541582139999999	0.027195599999999997	-0.151621	-0.0728288	-0.0010375999999999999	-0.000535309	0.000732868
0.06776339999999999	-0.0149194785	-0.0480717253	-0.021044613	0.0026355958	0.0175087893	0.0235611961	-0.0478893067	-0.0225555848	0.0749151845	-0.06720704549999999	0.018062	-0.128914	-0.06487240000000001	-0.00129215	-0.0006744310000000001	0.000567212
0.05718515000000001	-0.0292983959	-0.0410329416	-0.0062089436	-0.0005192294	0.0210790773	0.0256122265	-0.0485292848	-0.0210117067	0.0740417477	-0.06888995490000001	0.023249900000000004	-0.119849	-0.0756258	-0.000970488	-0.000851834	0.000711724
0.0386869	0.0047283836	-0.0791006298	0.0039527581	-0.0410411241	-0.0391246444	0.0458906685	-0.0491643739	-0.0194593619	0.07310118389999999	-0.07046183730000001	0.0292687	-0.127172	-0.07580269999999999	-0.0007233419999999998	-0.0006744310000000001	0.000632909
0.495037595	0.1126300666	0.17022434379999998	0.07596504009999999	-0.0138667628	-0.0991459949	0.0404643109	-0.0497945101	-0.0178991758	0.0720943458	-0.0719201593	-0.0318592	0.0980279	0.00558285	0.00078509	-0.000210528	5.87591e-05
0.15872769	0.0955262839	0.13945924869999998	0.0979144923	-0.0206225157	-0.0530558825	0.022969929	-0.05041963	-0.0163317771	0.0710221462	-0.0732625707	-0.0168739	0.032529400000000014	-0.0120983	0.0014587	0.000324892	5.653430000000001e-05
0.058355615	0.0459768657	0.1399710184	0.1110144865	-0.0426354845	-0.037654527	-0.0259987249	-0.0510396705	-0.0147577975	0.0698855571	-0.0744869079	-0.013767700000000004	0.0319075	-0.0290377	0.00105525	0.000234822	-0.00020370799999999998
0.44050839	0.0355904327	-0.0428583527	-0.0087552846	0.0439709948	-0.0049106001	0.032898518700000004	-0.0516545692	-0.0131778711	0.0686856091	-0.07559119780000001	0.00365149	-0.13056500000000001	-0.0654433	-0.00286849	-0.000172276	-0.000357092
0.22421154	0.0385118295	0.13096345480000002	-0.1295013943	0.110546197	-0.17695584239999998	-0.16116478539999998	-0.0522642642	-0.0115926346	0.06742339	-0.0765736605	0.019095400000000002	-0.221908	0.0174723	-0.00278557	-5.41384e-05	0.000132031
0.39493258	0.065500714	0.1820418939	-0.08227719780000001	0.1923315184	-0.1784731804	-0.1867284897	-0.052868694	-0.0100027269	0.0661000441	-0.0774327128	-0.016889599999999998	0.0132374	-0.0328786	-0.00336772	5.21642e-05	-0.000648542
0.45657305	0.1196766634	-0.07993634919999999	-0.0528591434	0.1066537266	-0.0008677397999999999	0.0056169257	-0.0534677978	-0.0084087885	0.0647167712	-0.07816697	0.0256322	-0.204163	0.00323586	-0.00153214	0.00042443300000000016	0.000354337
0.11366034500000002	0.001167265	0.0398044752	-0.0590675689	0.0032484795	0.07485338679999999	-0.0433937645	-0.0540615151	-0.0068114617	0.0632748254	-0.0787752489	0.0177954	-0.147061	0.0198183	-0.0013632	4.44529e-05	0.000260475
0.047282345	0.0548940634	0.0223645026	-0.033189614900000004	0.0684343108	0.0766142813	-0.0044199633	-0.0546497862	-0.0052113902	0.061775514	-0.079256569	0.0177931	-0.12415300000000005	0.0176479	-0.0009374	6.26858e-05	0.000260475
0.03965239	0.0264432274	0.0493816712	-0.0283012779	0.0144408511	0.0531796464	-0.0215892427	-0.0552325519	-0.0036092188	0.0602201963	-0.0796101548	0.017906900000000003	-0.119397	0.0177109	-0.0008468010000000001	-0.00041982300000000016	0.00013919100000000002
0.06706084999999999	0.0349988387	0.0007071833	-0.0147039561	0.0106725083	0.0579523065	0.0163954982	-0.0558097533	-0.002005593	0.0586102822	-0.0798354362	0.0178893	-0.127167	-0.034245099999999994	-0.000871511	-0.000332777	0.00010460200000000004
0.0447713	0.0105845734	0.0180759677	-0.0092896717	-0.0166303218	0.0627008201	-0.0126088339	-0.05638133240000001	-0.000401159	0.0569472315	-0.0799320503	0.016066399999999998	-0.11913000000000006	-0.0193048	-0.000979866	-0.00019758400000000002	0.000260476
0.068023	0.0318511952	0.020094103	0.0023686778	0.0069092677	0.06545310509999999	0.006669750699999999	-0.0569472315	0.0012034366	0.0552325519	-0.0798998413	0.021803299999999998	-0.106232	-0.00269175	-0.000621069	-0.0004942880000000001	0.000260476
0.043062479999999966	0.0227327238	0.0279492055	0.0015836778	-0.0001299769	0.05702278	-0.010501278300000002	-0.0575073938	0.0028075473	0.0534677978	-0.0797388611	0.022377200000000003	-0.0881133	-0.00970188	-0.00085539	-0.000381414	0.000260476
0.04854402000000002	0.0248517346	0.0214556767	0.0170263628	0.0030317705	0.057506444	-0.0069457363	-0.0580617626	0.0044105266	0.0516545692	-0.0794493692	0.0237155	-0.08625159999999997	-0.0320306	-0.000484616	-0.000470946	0.000260476
0.033367400000000005	0.0254403248	0.0421170226	0.0197698829	-0.0055640478	0.0536813347	-0.0356871721	-0.0586102822	0.0060117288	0.0497945101	-0.0790318321	0.022485599999999998	-0.0869375	-0.0187882	-0.000565201	-0.000346835	0.000419964
0.04586335	0.0389205819	0.0440835135	0.0104115413	0.0130831209	0.06453932230000001	-0.0336768241	-0.0591528974	0.007610508399999999	0.0478893067	-0.0784869228	0.020309599999999997	-0.0866205	-0.0276267	-0.00017767599999999998	-0.000615159	0.000385176
0.030317245000000007	0.0373967046	0.0449021631	0.0205612321	0.0098387956	0.0696476962	-0.0285212779	-0.0596895534	0.0092062214	0.0459406864	-0.0778155195	0.025903100000000002	-0.0866073	-0.0299406	-2.08781e-05	-0.000688904	0.000602566
0.083718495	0.041737241	0.0274383337	0.0266245049	0.020274749	0.0454911478	-0.0170821981	-0.0602201963	0.0107982247	0.0439504158	-0.0770187042	0.039072300000000004	-0.117513	-0.047301300000000004	-0.000207932	-0.000569845	0.000742111
0.07890885	0.0403983778	0.0270119856	0.0032671637	0.017251328899999998	0.0423458591	-0.0242958658	-0.0607447724	0.0123858767	0.0419202993	-0.0760977612	0.0313262	-0.12896800000000005	-0.020871900000000002	0.00011005200000000001	-0.00037047	0.000890319
0.17213461	0.0705272253	0.0580083898	0.0081120745	0.0297359256	0.0350418089	0.0268819177	-0.0612632291	0.0139685379	0.0398521774	-0.0750541746	0.043203	-0.10572000000000001	-0.00241254	0.00156912	-0.00109224	0.00108049
0.10230326	0.04533752	0.0613686979	0.0579876053	-0.0277331954	-0.0127709476	0.0065442287	-0.061775514	0.0155455703	0.037747925	-0.07388962639999999	0.0542328	-0.118729	-0.044154	0.00186101	-0.00101515	0.00144197
0.12026899999999995	0.0267215534	0.0453938708	0.0786488918	-0.0263437145	-0.0067049511	-0.0050514827	-0.062281575599999986	0.0171163386	0.035609450099999995	-0.0726059935	0.051701699999999996	-0.0756429	-0.0642563	0.00100485	-0.00101515	0.0016768
0.115949	-0.0148112731	0.0196074619	0.0588032943	-0.0568774459	-0.0297481016	-0.0467258844	-0.0627813628	0.0186802098	0.0334386912	-0.0712053446	0.0637802	-0.14288599999999999	-0.073245	0.0009005369999999998	-0.000614159	0.00172427
0.05387145000000002	0.0071180675	0.0148675552	0.0560814475	-0.0284149904	-0.0123581446	0.0042879232	-0.0632748254	0.0202365536	0.0312376164	-0.06968993700000001	0.049079199999999996	-0.128882	-0.0588746	0.0009005369999999998	-0.00076108	0.00165527
0.08129179999999997	0.0747548623	0.05543972230000002	0.0188848252	-0.0092609843	0.0111252617	-0.0074033281	-0.0637619136	0.0217847431	0.0290082213	-0.0680622132	0.0492924	-0.08976630000000001	-0.0428659	0.0009005369999999998	-0.0008606939999999997	0.0012357999999999998
0.15347757	0.049317481	0.063745638	0.06121569900000001	0.0205055967	0.0375757921	0.0059303944	-0.0642425783	0.0233241543	0.026752527	-0.0663247964	0.0492231	-0.0431733	-0.00141903	0.00014341200000000002	-0.000969205	0.000794068
0.10501766	0.0632712866	0.0532732466	0.0617257837	-0.0079344313	0.0295363328	-0.0064523145	-0.0647167712	0.0248541669	0.0244725786	-0.0644804868	0.0351213	-0.0374599	-0.00823004	0.0011413	-0.000812368	0.000380964
0.08455528999999999	0.0456137714	0.0663943231	0.06091890940000001	-0.0124955809	0.035658121800000005	0.0022485122	-0.0651844444	0.0263741644	0.0221704431	-0.0625322567	0.0404022	-0.0223793	0.011646900000000005	0.0008060039999999999	-0.00117344	0.000190995
0.06214980000000001	0.0362871282	0.0750350684	0.085580467	-0.0333130432	0.0394222853	-0.0242255148	-0.06564555080000001	0.0278835343	0.0198482077	-0.060483246	0.0358376	-0.027355	-0.013196200000000005	0.00111741	-0.00102243	9.808299999999999e-05
0.11562339999999995	0.0118390346	0.0655828294	0.0928735687	-0.0470981612	0.026258944	-0.037441213	-0.0661000441	0.0293816684	0.0175079777	-0.058336757	0.040285400000000006	-0.08441010000000003	-0.029176799999999996	0.000984068	-0.000756716	0.000461825
0.05258025	-0.007142901899999998	0.0418857903	0.0947071514	-0.0651941565	0.02457985	-0.0694220729	-0.0665478783	0.030867963	0.0151518747	-0.0560962492	0.0401986	-0.08563719999999997	-0.0062648	0.00122061	-0.000480275	0.000515929
0.06503690000000001	-0.0204804064	0.053647405700000005	0.113426448	-0.052483562699999986	0.023128282200000003	-0.08716018140000001	-0.0669890084	0.0323418192	0.0127820349	-0.0537653335	0.0373682	-0.099608	-0.042319800000000005	0.00133808	-0.000377389	0.000492671
0.07698905	-0.0423000082	0.043071924	0.0956745561	-0.0916922987	0.002466835	-0.1095507999	-0.06742339	0.0338026431	0.0104006067	-0.0513477665	0.022195	-0.110859	-0.0607087	0.0008693559999999997	-0.000379481	0.0006653739999999999
0.09768535	0.016849638700000003	0.0473430934	0.045790680999999986	-0.0107293207	0.0193257831	-0.000878257	-0.0678509792	0.0352498461	0.0080097493	-0.0488474444	0.039260500000000004	-0.113495	-0.08278680000000001	0.00111264	-0.0008822560000000002	0.0010374300000000002
0.20233335	0.0531528951	0.015774389	-0.0210950695	0.0619623309	0.0537491474	0.0192664852	-0.068271733	0.0366828449	0.0056116301	-0.046268397	0.0517769	-0.175069	-0.0356996	-0.000364891	-0.0008822560000000002	0.0008918459999999998
0.04935029999999999	0.0147343252	-0.0038259342	-0.0041630074	0.0432669028	0.06050368320000001	-0.0089106114	-0.0686856091	0.0381010623	0.0032084234000000003	-0.0436147809	0.0419582	-0.160615	-0.053781899999999994	-0.00041485400000000004	-0.0008822560000000002	0.0008019029999999998
0.13858145	-0.0243225274	-0.05897042490000001	0.0019074191	-0.0344866542	-0.1009189128	0.0083107919	-0.0690925657	0.0395039266	0.0008023078999999999	-0.0408908726	0.05164780000000002	-0.17286299999999996	-0.12125	-0.000969459	-0.000587459	0.00066779
0.15134474999999994	-0.0280227635	-0.0718957905	-0.0723545752	0.0109108836	-0.0922725205	0.102903914	-0.06949256179999999	0.0408908726	-0.001604535	-0.0381010623	0.0430745	-0.168554	-0.06265319999999999	-0.00194471	-0.00116868	0.000626949
0.056719550000000035	-0.0366247478	-0.0773142033	-0.1096310083	0.0270644239	-0.08389156130000001	0.0570696754	-0.0698855571	0.0422613414	-0.0040099232	-0.0352498461	0.0385485	-0.16461900000000002	-0.036397000000000006	-0.00194471	-0.00116257	0.000193012
0.05636385	-0.0712484273	-0.0686293229	-0.064928153	0.0011911405	-0.044384649000000005	0.0727464766	-0.0702715121	0.0436147809	-0.006411676	-0.0323418192	0.0479373	-0.172779	-0.0452772	-0.0015132	-0.00104886	0.000139535
0.04138590000000001	-0.0663540717	-0.0727191267	-0.0679918137	-0.0250220774	-0.035755398	0.0369871336	-0.0706503878	0.0449506455	-0.0088076158	-0.0293816684	0.0515436	-0.182531	-0.0523452	-0.00122393	-0.00114903	0.000169287
0.06583900000000001	-0.0763981667	-0.0527044065	-0.0184143739	-0.0221570157	-0.005329059200000001	0.0126104142	-0.0710221462	0.046268397	-0.0111955706	-0.0263741644	0.0646788	-0.196778	-0.0557812	-0.0007692019999999998	-0.000989914	0.000255859
0.02953729999999998	-0.0784602107	-0.0620654835	-0.0007077273	-0.0499277685	-0.0376662787	-0.007340514399999999	-0.0713867496	0.0475675045	-0.0135733754	-0.0233241543	0.0625547	-0.189316	-0.06768760000000001	-0.00072993	-0.00110654	0.000250861
0.036158499999999996	-0.0796187484	-0.0623169358	0.002206405	-0.0428801985	-0.0097092196	0.018329796	-0.0717441615	0.0488474444	-0.0159388744	-0.0202365536	0.0685345	-0.180829	-0.0651332	-0.000736588	-0.00110654	0.000626949
0.028483149999999964	-0.0778798072	-0.0720135303	0.0012265778999999998	-0.0619617005	-0.0813008798	-0.0112311306	-0.0720943458	0.050107701	-0.0182899231	-0.0171163386	0.06852369999999999	-0.180067	-0.08619169999999997	-0.000765195	-0.00100211	0.000626949
0.039701	-0.0964729851	-0.0603712065	-0.0129472298	-0.0526142538	-0.0843426712	0.0460210041	-0.0724372672	0.0513477665	-0.0206243899	-0.0139685379	0.053149	-0.169917	-0.09151419999999999	-0.0007677269999999997	-0.00110654	0.000556835
0.03720085000000002	-0.0627461933	-0.0700877976	-0.0107830293	-0.042080796100000005	-0.0957136897	0.0097228928	-0.0727728912	0.052567141100000006	-0.0229401584	-0.0107982247	0.0608375	-0.166523	-0.0913818	-0.000568118	-0.000856544	0.000626949
0.03686715	-0.0684233511	-0.0556957725	0.0056301997	-0.0197641279	-0.0529611706	0.040372803	-0.07310118389999999	0.0537653335	-0.0252351292	-0.007610508399999999	0.0632413	-0.175484	-0.093691	-0.00058165	-0.000981798	0.000952026
0.0456903	-0.0490012238	-0.0877874148	-0.0056839052	-0.0308389002	-0.08701764039999997	0.0298241358	-0.0734221124	0.0549418609	-0.0275072215	-0.0044105266	0.0683643	-0.175269	-0.107846	-0.000702805	-0.000794111	0.00116713
0.06622685	-0.0538608864	-0.07294043730000001	-0.0119194781	-0.0093532108	-0.0737726809	0.0772119953	-0.0737356442	0.0560962492	-0.0297543755	-0.0012034366	0.06273240000000001	-0.154347	-0.10078200000000001	-0.000360645	-0.0006696569999999999	0.0009815650000000002
0.08444215	-0.0301107973	-0.0790484597	-0.0282526054	-0.008953669899999999	-0.0598366887	0.0388644154	-0.0740417477	0.0572280333	-0.0319745538	0.002005593	0.0738057	-0.14807599999999999	-0.0867075	-0.000765044	-0.00110654	0.0012007500000000006
0.035540599999999985	-0.0627873847	-0.0668459584	-0.0122325058	0.0072897023	-0.0410179009	0.0679059377	-0.0743403923	0.058336757	-0.0341657437	0.0052113902	0.0747265	-0.157524	-0.07570839999999998	-0.00076355	-0.0013160200000000006	0.00127323
0.08348534999999999	-0.0484605256	-0.075078046	0.0029402816	-0.0357041783	-0.0382145229	0.0092042366	-0.0746315476	0.0594219737	-0.0363259585	0.0084087885	0.07864650000000001	-0.16555899999999998	-0.06928669999999999	0.00014722299999999998	-0.00100949	0.00118836
0.08895680000000003	-0.0667378064	-0.06078480400000001	0.0128959085	-0.0079110759	-0.0065103975	0.0396339479	-0.0749151845	0.060483246	-0.038453239900000005	0.0115926346	0.079157	-0.148546	-0.049994	-0.000335257	-0.000915585	0.000721933
0.08149515	-0.0529631396	-0.08065572809999999	0.0042714414	-0.0390601961	-0.028721801600000006	0.0111462029	-0.07519127440000001	0.0615201462	-0.0405456591	0.0147577975	0.0683898	-0.13322799999999999	-0.0755335	-0.0005768030000000001	-0.00110654	0.000557025
0.11603915000000002	-0.07776605290000001	-0.07432030740000001	-0.0077016386	0.0038468991	-0.0304321468	0.05536166730000002	-0.0754597894	0.0625322567	-0.0426013192	0.0178991758	0.04915630000000002	-0.12259500000000001	-0.10208099999999999	-0.00137129	-0.000901345	0.000364204
0.05966655000000001	-0.0509902725	-0.0941704488	-0.0214891644	-0.019218036	-0.053148981100000006	0.0145993442	-0.0757207024	0.0635191694	-0.044618356500000005	0.0210117067	0.04745069999999999	-0.116503	-0.10206699999999999	-0.0008946789999999998	-0.00110654	0.0007194969999999999
0.12870605	-0.0317513969	-0.057105749	-0.0342894537	0.0487258234	0.0018916435	0.1074920223	-0.0759739873	0.0644804868	-0.046594942400000006	0.024090374	0.0554355	-0.121611	-0.0522211	-0.000580595	-0.00142422	0.00140308
0.1096912	0.042118702800000005	-0.0996043159	-0.0654693546	0.0620662087	0.0051404374	0.06399425610000001	-0.0762196185	0.06541582139999999	-0.0485292848	0.0271302159	0.038868099999999996	-0.169975	-0.0614418	-0.0005817999999999999	-0.000744243	0.00143268
0.077004	-0.00741967	-0.07717263889999999	-0.0380650965	0.0440621661	0.039922428	0.055290038	-0.07645757110000001	0.0663247964	-0.05041963	0.0301263332	0.050843	-0.167952	-0.0400068	-0.000322164	-0.000826401	0.0009430520000000002
0.017768549999999994	-0.0021696788	-0.071720678	-0.0269331796	0.0028354015	0.0036562758	0.0126497006	-0.0766878214	0.06720704549999999	-0.0522642642	0.0330738971	0.055828300000000004	-0.169255	-0.0449775	-0.000403945	-0.000777991	0.0009430520000000002
0.04642659999999999	-0.0374501387	-0.0537959895	0.0100881143	0.0411300255	0.0296937209	0.0712655249	-0.07691034599999999	0.0680622132	-0.0540615151	0.0359681572	0.067289	-0.145626	-0.0404933	-0.000473526	-0.000769356	0.00100189
0.062734	-0.0208349535	-0.0899712825	0.0076842348	-0.0274130882	-0.0211702463	0.0134349453	-0.0771251226	0.06888995490000001	-0.0558097533	0.038804449	0.0666942	-0.13838399999999998	-0.06550890000000001	-0.000271916	-0.00110654	0.0009430520000000002
0.0843323	-0.0445740005	-0.0571362943	0.0244449909	0.052378082	0.0309603157	0.06414107990000001	-0.0773321295	0.06968993700000001	-0.0575073938	0.0415782013	0.0604247	-0.110847	-0.045776300000000006	0.00020639	-0.00110654	0.00108061
0.11705919999999999	-0.0414207013	-0.1183616679	-0.0125213193	-0.0236132917	-0.0348535758	0.0245319538	-0.07753134589999999	0.07046183730000001	-0.0591528974	0.0442849438	0.0629015	-0.14686400000000002	-0.07610849999999998	-0.0007300239999999999	-0.00110655	0.00105237
0.03541125	-0.0710468895	-0.0727965638	-0.012557381299999998	0.0309140826	0.0208764746	0.0694893405	-0.0777227516	0.0712053446	-0.0607447724	0.0469203142	0.0668573	-0.154143	-0.0645481	-0.00066363	-0.00110655	0.000866443
0.5937909	0.1584716026	0.1116441158	-0.0658089441	-0.025152853500000003	-0.1205245806	0.0336944963	-0.0779063275	0.0719201593	-0.062281575599999986	0.0494800651	0.0513378	-0.0324437	0.023234499999999998	0.0033554	0.000732271	-0.000651496
0.6144970000000001	0.1613904049	0.1438754738	-0.0209352641	0.1697846871	-0.0924507128	0.2442834982	-0.078082055	0.0726059935	-0.0637619136	0.051960071	-0.0823044	0.025290700000000003	-0.0254246	0.00103136	-0.00325523	0.000526189
0.30654899999999996	0.1404664342	0.07040296089999999	-0.0396081207	0.0728721935	-0.1488003789	0.0001048441	-0.0782499164	0.0732625707	-0.0651844444	0.0543563352	0.0239951	0.058139599999999986	-0.029855400000000008	0.000443945	-0.00110626	0.0010492000000000001
0.14663839999999995	0.0823358852	0.1482158494	0.062654632	0.1534301584	-0.0300001533	0.2070963545	-0.0784098948	0.07388962639999999	-0.0665478783	0.0566649955	0.032388400000000005	0.034524	-0.029752800000000006	0.0012889000000000002	-0.000154345	0.000555532
0.24726942	0.030462263	0.0160788231	0.0063215547	-0.1134399374	-0.1716261816	-0.4468524056	-0.0785619741	0.0744869079	-0.0678509792	0.0588823313	0.00441756	0.017870299999999995	-0.160342	9.325399999999999e-06	-0.000154345	0.000717071
0.68960501	-0.6159036234	0.3098544774	-0.0057541059	0.2472140207	-0.0421109026	-0.3369276318	-0.0787061389	0.0750541746	-0.0690925657	0.061004769	0.0892725	-0.0106464	0.04233219999999999	-0.00560189	0.0010924900000000002	0.00010393799999999999
0.68423242	-0.1672848599	0.4817886696	-0.5055117195000001	-0.5263219249000001	0.17922006170000002	0.2493573089	-0.0788423748	0.07559119780000001	-0.0702715121	0.0630288878	0.0510323	0.0365638	-0.255932	-0.0101776	0.00233815	-8.50484e-05
1.11710383	0.35901027280000003	-0.2068973564	-0.2044369669	-0.35263557380000005	-0.0677403475	-0.29819406800000003	-0.0789706681	0.0760977612	-0.0713867496	0.06495142570000001	-0.0162542	-0.129023	0.0323427	-0.000154168	0.000976652	-0.000619235
0.23120695	-0.0113772993	0.065602522	0.0620273783	0.1899208556	0.16872370579999998	0.08224513900000001	-0.07909100570000001	0.0765736605	-0.0724372672	0.0667692842	-0.0145965	-0.07113	-0.039946499999999996	0.0007942119999999998	0.00036374599999999997	-0.00104529
0.066414	0.1300002449	-0.025860909100000003	-0.0151721018	-0.054802208600000006	0.0417715503	-0.07838044849999999	-0.0792033756	0.0770187042	-0.0734221124	0.0684795334	-0.015083500000000001	-0.024441	-0.0384499	0.0008148239999999999	0.000570212	-0.00117304
0.07727701	0.0220775615	0.0602301482	0.06205033240000001	0.1153101556	0.1152486662	0.0682227334	-0.0793077664	0.0774327128	-0.0743403923	0.0700794171	-0.0229417	-0.00145594	-0.0330075	0.000201463	0.00036374599999999997	-0.00117304
0.02515499	0.1026028245	-0.003612663	0.0149768845	-0.0180009675	0.0526818628	-0.0344233072	-0.0794041677	0.0778155195	-0.07519127440000001	0.0715663568	-0.020316	-0.00514293	-0.0360992	0.000516475	0.00036374599999999997	-0.00117304
0.05756663500000001	0.0109785061	0.0244988454	0.0825646293	0.0841254077	0.0794465953	0.0012789778	-0.0794925697	0.07816697	-0.0759739873	0.072937956	-0.018937700000000002	-0.0237762	-0.0441855	0.000527525	2.7714699999999997e-05	-0.0009307460000000001
0.09046601499999997	0.021823634100000003	-0.0313747453	0.0452172892	-0.0489734584	-0.012913261	-0.1309729358	-0.0795729635	0.0784869228	-0.0766878214	0.0741920043	-0.0067773	-0.0515119	-0.0486316	0.00041708	0.000675143	-0.000766143
0.0610313	-0.0098630461	0.0121074983	0.0744403815	0.0329565581	0.0550801923	-0.0393634917	-0.079645341	0.0787752489	-0.0773321295	0.0753264804	-0.0066971	-0.0283259	-0.0426787	0.000581675	0.000303271	-0.000666366
0.04272650000000002	0.026871484	-0.0117854587	0.052015896500000006	-0.0308846819	0.0264411983	-0.0951795117	-0.079709695	0.0790318321	-0.0779063275	0.0763395561	-0.00669355	-0.028250900000000002	-0.0513131	0.0010337	0.00035932300000000004	-0.000494172
0.07066793	0.0152255627	0.0322724189	0.0782060046	0.0415011078	0.050561944	-0.0262588802	-0.0797660189	0.079256569	-0.0784098948	0.0772295986	-0.0131061	0.00380353	-0.0644266	0.0011173	0.00022422700000000002	-0.000331119
0.05205844	0.0456368801	0.0020156416	0.06395486660000001	-0.0077404245999999986	-0.0012392629	-0.0960998105	-0.0798143071	0.0794493692	-0.0788423748	0.07799517339999999	-0.0243076	0.008687419999999998	-0.07908809999999998	0.000726135	0.000233833	-0.000305659
0.06224861999999999	0.0432650657	0.0266500103	0.0434862113	0.0539985385	0.0628466549	0.042580834500000005	-0.0798545546	0.0796101548	-0.0792033756	0.0786350467	-0.018512099999999997	-0.023274	-0.06996419999999999	0.0006903110000000001	0.00035412400000000004	-0.000154418
0.07920467	0.0905166174	-0.0175732784	0.0227387823	0.044001608	0.0647226259	0.00027455810000000003	-0.0798867576	0.0797388611	-0.0794925697	0.0791481873	-0.00659178	-0.0380793	-0.0497476	0.00041902599999999997	0.000481979	-0.00040052699999999997
0.08081460999999998	0.0379652189	0.0159732145	0.0583149166	0.0593706473	0.0613311065	0.0240787992	-0.0799109126	0.0798354362	-0.079709695	0.0795337681	-0.00654267	-0.011185899999999999	-0.037087699999999994	0.000628122	0.00011294000000000005	-0.000154418
0.029235009999999995	0.0650837162	0.0005254281	0.0522218165	0.0199832366	0.0432598702	-0.0166214089	-0.0799270173	0.0798998413	-0.0798545546	0.0797911678	-0.00654795	0.00363758	-0.0272492	0.000601328	0.000177501	-0.000154418
0.05398458999999999	0.0188531189	0.005914576800000001	0.0582594882	0.0301250629	0.0490073158	-0.0105749426	-0.07993507009999999	0.0799320503	-0.0799270173	0.0799199714	-0.00829175	0.00238734	-0.042834500000000005	0.000875998	-0.0	-0.00041035199999999995
