0.0	-0.05922592910000001	0.010686186100000002	-0.0074221424	0.0196634268	-0.0064193972	0.0777446722	0.07993507009999999	0.0799320503	0.0799270173	0.0799199714	0.0	0.016741299999999997	0.0287809	0.00042442099999999997	-0.0	0.0
0.016276899999999997	0.027219499100000003	-0.06723892299999999	-0.0459603038	-0.0120310111	0.0277309388	0.103434416	0.0799270173	0.0798998413	0.0798545546	0.0797911678	0.0	0.022932400000000002	0.032351	0.000294107	-0.0	0.0
0.042462460300000004	-0.0090356455	-0.0231680424	-0.0337464543	0.0646302767	-0.0055261745	-0.0005977151999999999	0.0799109126	0.0798354362	0.079709695	0.0795337681	2.09053e-05	0.0185614	0.0476224	1.9018900000000002e-05	-0.000180895	-4.1358999999999995e-25
0.011106343499999996	0.021284412000000003	-0.0109676869	-0.0467491314	-0.0276130658	-0.0301193771	0.075888484	0.0798867576	0.0797388611	0.0794925697	0.0791481873	2.86738e-05	0.01737	0.05134880000000002	-4.17026e-05	-0.000243789	0.0
0.030497751200000006	0.0450044145	-0.0166744814	-0.0494030134	0.0131129157	-0.0584646876	0.0096052686	0.0798545546	0.0796101548	0.0792033756	0.0786350467	0.00460387	0.0247962	0.054293499999999995	1.16805e-05	-0.000311202	-0.000190237
0.0693736294	-0.0378960986	0.1075061461	-0.0294325909	0.0298389248	-0.0145494674	0.05656939530000001	0.0798143071	0.0794493692	0.0788423748	0.07799517339999999	7.19156e-05	0.019167700000000003	0.0204846	0.000216712	-0.00042401900000000003	0.0
0.05296281439999999	0.0039959065	-0.0196953268	-0.0656685503	-0.0320960898	0.0103836679	0.0573085829	0.0797660189	0.079256569	0.0784098948	0.0772295986	0.00467768	0.0418437	0.0250763	0.000462666	-0.000415895	-0.00016770899999999996
0.05278183039999999	-0.0433653267	-0.0284648421	-0.0457420362	0.0906367331	0.012801863500000002	-0.0198504691	0.079709695	0.0790318321	0.0779063275	0.0763395561	2.71396e-05	0.0300031	0.00828921	0.00024030299999999998	-0.000415895	0.0
0.037426150400000004	0.0005711692	-0.0715343528	-0.046787471100000005	-0.0159002902	0.066842755	0.0804094857	0.079645341	0.0787752489	0.0773321295	0.0753264804	0.0021715	0.024106799999999998	0.011195100000000001	0.000502817	-0.000257608	-0.00010879100000000001
0.0343086542	0.0187262092	-0.0765675362	-0.1139459378	0.07231051599999999	0.0710313166	-0.0289548515	0.0795729635	0.0784869228	0.0766878214	0.0741920043	1.4695799999999999e-05	0.028400799999999997	0.020156999999999998	0.00019506099999999998	-0.000295958	-0.00014060399999999998
0.0863403957	-0.0406808149	0.0657362286	-0.0271186554	0.0612886967	0.0354600761	-0.013935153600000002	0.0794925697	0.07816697	0.0759739873	0.072937956	1.5531500000000002e-05	0.0145799	-0.017026699999999995	0.00050293	-3.77318e-05	0.0
0.04772292790000001	-0.0018922325	-0.0380043984	-0.0893174294	0.0315973583	0.0553422493	0.026937452	0.0794041677	0.0778155195	0.07519127440000001	0.0715663568	2.32794e-05	0.027963400000000003	0.008455779999999998	0.000658881	-1.66988e-05	0.0
0.036812934000000005	-0.0394694215	0.022055389	-0.0411066198	0.08528603289999999	0.04393705480000002	-0.06599284820000001	0.0793077664	0.0774327128	0.0743403923	0.0700794171	2.5663400000000002e-05	0.024105500000000002	-0.00601469	0.000381627	7.56908e-05	0.0
0.03161555679999998	-0.0010711401	0.0429835395	-0.049417612400000005	0.0067716735	0.0405076855	0.0301322251	0.0792033756	0.0770187042	0.0734221124	0.0684795334	2.0046600000000002e-05	0.012171800000000005	-0.00972968	0.000599587	-2.55742e-05	0.0
0.0556278334	-0.0100479071	-0.0047587583	0.0156031822	-0.0385103298	0.1017989127	-0.0730286995	0.07909100570000001	0.0765736605	0.0724372672	0.0667692842	0.00305815	0.0209826	0.0104098	0.000381627	7.00218e-05	-0.000159233
0.052887138770000015	-0.0295926269	0.070144789	0.0283613334	-0.0333099988	0.069883143	-0.06492817570000001	0.0789706681	0.0760977612	0.0713867496	0.06495142570000001	3.0462299999999997e-06	0.007447869999999999	-0.00537684	0.000494959	-6.76265e-05	0.0
0.05689855757	0.005412439000000001	-0.0393286848	0.0167289906	-0.1021061752	0.069948828	-0.0593143594	0.0788423748	0.07559119780000001	0.0702715121	0.0630288878	1.18588e-05	0.023886900000000003	0.0104285	0.000101861	3.2183e-05	0.0
0.045507047249999995	-0.034064429300000004	-0.0029283222	0.1019074151	0.0515771044	-0.0324540634	-0.1147211173	0.0787061389	0.0750541746	0.0690925657	0.061004769	-5.3334500000000014e-06	0.010382899999999999	-0.00601732	-0.00019406	4.706270000000001e-05	0.0
0.036678748449999986	-0.0233687791	-0.0489314242	0.0704108493	-0.05736920070000001	-0.015756166000000002	0.0463644888	0.0785619741	0.0744869079	0.0678509792	0.0588823313	0.00415619	0.013819399999999999	0.0104381	-2.0171199999999998e-05	0.00012568	0.0
0.02348853682	-0.0057777241	-0.0856455831	0.048320074000000005	0.0530395445	-0.0139007474	-0.037086097	0.0784098948	0.07388962639999999	0.0665478783	0.0566649955	-9.98182e-06	0.00739965	0.010444799999999999	-0.00019406	4.1650500000000004e-05	0.0
0.03048422573	-0.0274359739	0.0023068933	0.054262597	-0.0044379682	-0.0332731595	0.0366583875	0.0782499164	0.0732625707	0.0651844444	0.0543563352	-2.85469e-06	0.0007856099999999997	-0.00275707	-4.35728e-07	2.2051e-05	0.0
0.05785161329000001	0.0045674082	-0.0657977925	0.0030275309000000004	0.022731109300000003	-0.0187782472	-0.0227187506	0.078082055	0.0726059935	0.0637619136	0.051960071	0.00310023	0.0167513	0.0121244	-0.000403619	-5.27931e-05	0.0
0.07346084802999997	-0.0272810748	0.0395138172	-0.0207129648	0.0517868166	-0.0370935986	0.0069605524	0.0779063275	0.0719201593	0.062281575599999986	0.0494800651	8.856969999999996e-06	0.00126758	-0.00710109	0.000137076	-6.0967399999999995e-05	0.00016433599999999998
0.053185463030000005	0.0110047274	0.0411163957	-0.0434614711	-0.05356236650000002	0.0251853764	0.0160098702	0.0777227516	0.0712053446	0.0607447724	0.0469203142	0.00346432	0.014666899999999997	0.010911400000000002	-9.485799999999999e-05	2.67264e-05	0.000211072
0.03613536373	-0.0246481193	0.0916877749	0.05636790980000001	0.0052107193	-0.0024392881	-0.0933058087	0.07753134589999999	0.07046183730000001	0.0591528974	0.0442849438	5.121269999999998e-06	0.007409149999999998	-0.00280594	-4.15351e-05	0.000162355	0.000166002
0.023735080290000002	-0.0095239472	-0.0040274009	0.0875391065	-0.074778262	-0.055833853	0.028874554500000007	0.0773321295	0.06968993700000001	0.0575073938	0.0415782013	5.366559999999999e-06	0.0141631	0.0051309	-0.00019406	0.000162355	0.000137646
0.015226562439999999	0.008112359599999999	-0.0366823059	0.092902296	0.0046705077	-0.0555148375	-0.051305158	0.0771251226	0.06888995490000001	0.0558097533	0.038804449	1.8259000000000006e-05	0.007396899999999999	-0.00216067	-0.00019406	0.000162355	0.000114528
0.05212627399999999	-0.0401127444	0.0001165076	0.0726248241	0.0296406037	-0.0333180816	0.0246821454	0.07691034599999999	0.0680622132	0.0540615151	0.0359681572	-0.00385653	-0.00968724	-0.014256	9.946110000000001e-05	0.000162355	2.6608800000000002e-05
0.06397754130000001	0.0058270351	-0.0244111115	-0.0186820249	-0.0403946951	-0.015334765	0.0306282021	0.0766878214	0.06720704549999999	0.0522642642	0.0330738971	1.95563e-05	0.00782258	0.00546437	-0.00019406	0.000162355	0.00019051299999999998
0.03829827660000002	-0.0373433712	0.0945535484	0.007883949599999999	-0.0056382787	0.0496868608	-0.0767921509	0.07645757110000001	0.0663247964	0.05041963	0.0301263332	1.7541700000000002e-05	0.000240318	-0.014205100000000003	-4.432140000000001e-05	0.000162355	0.000119361
0.0199268575	-0.0037425871	0.0317403956	0.0809837127	-0.1012849806	0.0217076182	-0.0231683999	0.0762196185	0.06541582139999999	0.0485292848	0.0271302159	3.00812e-05	-0.00226449	-0.00450262	-7.20074e-05	5.84264e-05	0.00014188700000000002
0.0202639387	0.0356532483	-0.06319668120000001	0.0700473901	-0.0567417491	-0.05537904900000002	-0.0344788568	0.0759739873	0.0644804868	0.046594942400000006	0.024090374	3.42099e-05	0.00410064	-0.00111851	-0.000130999	0.000162355	9.459580000000004e-05
0.0381824968	-0.0362770276	0.0177943343	0.0681787157	0.054775067699999985	-0.0422539278	0.0043481418	0.0757207024	0.0635191694	0.044618356500000005	0.0210117067	1.89731e-05	-0.00969287	-0.020671400000000003	-0.000130829	0.000162355	0.000190843
0.0758517169	0.011012981399999998	-0.0755429838	0.0102468767	-0.0129072722	-0.0251246823	0.0521981833	0.0754597894	0.0625322567	0.0426013192	0.0178991758	0.00409562	0.00923325	0.014149900000000003	-7.86516e-05	-7.89246e-05	0.000123747
0.037841988199999996	0.0413448244	-0.0309114655	-0.0494441007	0.0411051033	-0.0288638125	-0.0024817149	0.07519127440000001	0.0615201462	0.0405456591	0.0147577975	1.15818e-05	0.0105884	0.0183544	-0.000336356	0.000162355	0.000188729
0.07153800941999999	-0.0194022993	0.1269593467	-0.0264726151	0.014559017	0.0010679041	-0.0326951971	0.0749151845	0.060483246	0.038453239900000005	0.0115926346	7.284379999999999e-06	0.000838843	-0.018666400000000003	-1.07781e-05	0.00021590299999999998	7.25878e-05
0.034722649120000004	0.0299742967	0.0345782635	-0.0390006187	-0.1369225624	0.0749243973	0.033138117200000004	0.0746315476	0.0594219737	0.0363259585	0.0084087885	2.5306500000000002e-05	0.0158767	-0.00450335	-2.4139499999999998e-05	0.000162355	2.9422800000000002e-05
0.045451181499999986	-0.0063608804	0.0335472355	0.056231057300000005	0.0260681971	-0.0398699647	-0.1341198013	0.0743403923	0.058336757	0.0341657437	0.0052113902	-0.00214864	0.00477603	0.00698458	-0.000350828	0.000162355	0.000116507
0.041355095	-0.0196165299	0.0563792743	0.0905015993	-0.06511914099999999	-0.0352780104	0.0250716614	0.0740417477	0.0572280333	0.0319745538	0.002005593	-0.00539784	-0.00512146	-0.00450059	-3.09933e-05	0.000162355	0.000131137
0.0500001721	0.0466039061	-0.077135342	0.07065168990000001	-0.0301628332	-0.0442317453	-0.0235833381	0.0737356442	0.0560962492	0.0297543755	-0.0012034366	1.99771e-05	0.00828947	0.0144094	-0.00019406	0.000162355	0.00021329900000000002
0.0668172712	-0.0311572354	0.0235911165	0.0855848266	0.0395887004	-0.0564675575	0.0165731957	0.0734221124	0.0549418609	0.0275072215	-0.0044105266	1.70759e-05	-0.0064389	-0.0186739	0.000162238	0.000162355	0.000237055
0.046148530800000004	0.0466179437	-0.0647135754	0.025997458	-0.0520464912	-0.0670405082	0.0625019651	0.07310118389999999	0.0537653335	0.0252351292	-0.007610508399999999	1.2415099999999999e-05	0.008241379999999998	0.00179875	2.24322e-05	0.000162355	0.000157042
0.02515927691	0.0063313835	-0.033025022	0.0042792559	0.0741431973	-0.0556708226	-0.0648584225	0.0727728912	0.052567141100000006	0.0229401584	-0.0107982247	7.64819e-06	0.00880129	-0.00450459	-0.000321682	0.000162355	0.000178753
0.048772013910000016	0.0169598979	0.0085101304	-0.0046513165000000006	0.017624006	-0.055899678	0.0550556546	0.0724372672	0.0513477665	0.0206243899	-0.0139685379	1.19521e-05	0.00197185	-0.00451777	0.00027121299999999997	-7.924479999999999e-05	0.00017474599999999998
0.0693620462	0.0392191153	-0.0239574279	-0.0507626714	0.0045847824	-0.0281901809	0.0222166244	0.0720943458	0.050107701	0.0182899231	-0.0171163386	2.16233e-05	0.0130184	0.0127099	-0.000296096	-0.000243398	8.464510000000001e-05
0.0598674603	-0.0259142929	0.1120195456	-0.0076414843	0.050435547	-0.0500362869	0.0427057262	0.0717441615	0.0488474444	0.0159388744	-0.0202365536	2.65436e-05	-0.00406215	-0.00452012	7.45275e-05	-0.00014327399999999998	0.000124937
0.03966081690000002	0.0361095289	0.0052234406	-0.0278405081	-0.05577471480000002	-0.0037397037	0.0642675607	0.0713867496	0.0475675045	0.0135733754	-0.0233241543	3.40355e-05	0.010533	0.000912545	0.00024371200000000001	5.8622700000000004e-05	0.00014636600000000001
0.0375263955	-0.0035250742	0.0445878151	-0.0314316737	0.0551208678	-0.0370804286	-0.0703172247	0.0710221462	0.046268397	0.0111955706	-0.0263741644	-0.00372499	0.00451898	-0.00452869	-0.000128999	0.00012041	0.000134622
0.040942904	0.0212743426	0.1003219163	-0.0415632135	-0.0765276215	0.0457296385	0.0362299795	0.0706503878	0.0449506455	0.0088076158	-0.0293816684	0.00324134	-0.00227716	0.00047694400000000003	0.000154986	0.000143233	0.00027131
0.06151742	0.0626697172	-0.0180319245	0.008821952	-0.056228890199999985	0.0524429522	-0.1232907823	0.0702715121	0.0436147809	0.006411676	-0.0323418192	2.6991e-05	0.00565817	0.0263559	-0.00013788100000000002	6.79973e-05	0.00014963700000000002
0.08099355600000001	-0.0056403111	0.0460081687	0.0773365293	0.0326133259	-0.0659968785	-0.0007729155000000001	0.0698855571	0.0422613414	0.0040099232	-0.0352498461	-0.00212122	-0.0096762	-0.00451784	0.00020257400000000002	0.000125001	0.000404923
0.05344673329999999	0.0548900688	-0.074833665	0.0238881266	-0.0982845439	-0.024783863	0.0245292728	0.06949256179999999	0.0408908726	0.001604535	-0.0381010623	5.41883e-05	-0.008045069999999998	0.0159516	0.00046431900000000004	-6.17201e-05	0.00026997400000000003
0.0381215809	0.0793926011	-0.053701204800000006	-0.0605371781	-0.0292168715	0.0219434405	-0.0411782778	0.0690925657	0.0395039266	-0.0008023078999999999	-0.0408908726	8.794919999999998e-05	-0.010170700000000001	0.00719849	0.00041467800000000003	0.000131239	-3.16075e-05
0.0350725634	0.0587677342	0.0108821035	-0.0604664551	0.0839807652	-0.0570467167	0.0535496156	0.0686856091	0.0381010623	-0.0032084234000000003	-0.0436147809	1.61458e-05	-0.015736	0.00448385	-1.45429e-05	0.000159428	4.5399e-05
0.0663468423	0.0934635732	0.0069081585	-0.0816680075	-0.06682134940000001	-0.08543535109999999	0.0683238028	0.068271733	0.0366828449	-0.0056116301	-0.046268397	1.22295e-05	0.0069592	0.018988599999999998	-0.000342313	-3.5449199999999994e-06	-4.67175e-05
0.057855715499999995	0.0201404926	0.1465407747	-0.0414431827	0.0224674175	0.0102283002	-0.0452276775	0.0678509792	0.0352498461	-0.0080097493	-0.0488474444	-6.1565e-05	0.011498600000000001	0.00155553	-0.0006535169999999999	0.00025777	9.69526e-05
0.044003821670000005	0.0192074173	0.0658740612	0.0219321751	-0.1196959747	0.0619831669	0.032482357	0.06742339	0.0338026431	-0.0104006067	-0.0513477665	-5.9483300000000015e-06	0.00248793	0.00156697	-0.000143321	8.29685e-05	8.34282e-05
0.06393311833	0.0488707597	-0.0848432302	-0.0324626599	-0.0199452414	0.094189796	-0.06175614400000001	0.0669890084	0.0323418192	-0.0127820349	-0.0537653335	0.00466776	0.00894967	0.025191400000000003	-0.000655495	4.1096499999999995e-05	0.00011284700000000001
0.07867162829999999	0.0166502144	-0.0409692733	-0.0053573073	0.0119855684	0.1080660739	0.0046548377	0.0665478783	0.030867963	-0.0151518747	-0.0560962492	1.01017e-05	-0.00383184	-0.00299619	-0.00021998400000000005	-4.14339e-05	0.000255703
0.06683679928	0.0519329613	-0.1015405474	-0.0660319073	0.0095096143	0.0989997554	-0.055836642	0.0661000441	0.0293816684	-0.0175079777	-0.058336757	9.07392e-06	0.0087796	0.0300384	-0.00044376800000000004	9.35693e-06	0.000404923
0.08496634242000001	0.0196114142	0.0071647118	-0.0207007366	0.0298716054	0.08446739880000001	-0.067909838	0.06564555080000001	0.0278835343	-0.0198482077	-0.060483246	-0.00907511	-0.0071604	-0.0057218	-0.00020038	5.05821e-05	0.000205897
0.07059489499999999	0.08883539050000001	-0.0414145143	-0.0374065217	-0.0636855275	0.0239374336	-0.0386040402	0.0651844444	0.0263741644	-0.0221704431	-0.0625322567	-0.00545891	0.0045493	0.0339277	-0.000342313	0.00013654400000000005	0.000121402
0.04735852	0.013442971399999998	0.0823863934	0.0385950193	0.0354460801	-0.1081236532	-0.114741122	0.0647167712	0.0248541669	-0.0244725786	-0.0644804868	-0.008183559999999998	0.00114783	0.00155725	-0.000342313	0.000186947	0.000248238
0.0382668969	0.0398806175	0.0331088577	0.0411200966	-0.0902872632	-0.034855764500000004	0.0101190436	0.0642425783	0.0233241543	-0.026752527	-0.0663247964	1.05569e-05	0.00655537	0.00446053	3.01272e-05	0.00021664200000000002	0.00021513400000000002
0.02788532296	0.0245066856	-0.0180212292	0.0520543914	-0.0027177031	-0.07371033540000001	-0.0554355763	0.0637619136	0.0217847431	-0.0290082213	-0.0680622132	7.313939999999997e-06	0.00332628	0.0015566	-0.00034231400000000003	0.00021427599999999998	0.00015496
0.07780299295999997	0.0025983418	0.05821624900000001	0.0489649813	0.0001702622	-0.0792001978	0.0404529256	0.0632748254	0.0202365536	-0.0312376164	-0.06968993700000001	2.19769e-05	-0.0145749	-0.0142744	0.00041132	0.000136503	0.000204676
0.04788565189999999	-0.021735404	-0.0087098143	0.0698127351	0.025988138900000003	-0.0280353707	0.038430836	0.0627813628	0.0186802098	-0.0334386912	-0.0712053446	-0.00708186	-0.00176174	-0.0103481	1.10079e-05	0.000136503	0.000124141
0.033593836099999996	0.0230085082	-0.0545884222	0.0216413811	-0.006535313399999999	-0.0531862637	0.0558067718	0.062281575599999986	0.0171163386	-0.035609450099999995	-0.0726059935	1.60711e-05	-0.00369021	0.00980942	-7.557039999999997e-05	0.000136503	0.000125761
0.0329931511	-0.017220662299999998	0.0062817762	0.0170891793	0.0316160542	-0.0592265997	0.0178777922	0.061775514	0.0155455703	-0.037747925	-0.07388962639999999	-0.00676201	-0.00643607	-0.00470415	-0.000177225	0.000136503	4.8302799999999994e-05
0.04251151705	0.0385460396	-0.0282292947	-0.0233255273	-0.06703374179999999	-0.0396552697	0.0760515889	0.0612632291	0.0139685379	-0.0398521774	-0.0750541746	4.107e-05	0.00212112	0.0194041	-0.000189612	0.000136503	-1.70141e-07
0.04762784205	-0.0120515799	-0.0204648368	0.0082332044	0.0597577063	-0.0214681473	0.0166396508	0.0607447724	0.0123858767	-0.0419202993	-0.0760977612	-0.00780499	0.00657245	0.0197707	-0.0008211160000000001	0.000136503	6.76029e-05
0.01776812	-0.0011695015	0.0041810885	0.0070978082	-0.0193426602	-0.026926864	0.0874364758	0.0602201963	0.0107982247	-0.0439504158	-0.0770187042	-0.00676529	0.00472371	0.012567900000000005	-0.000755558	8.475040000000001e-05	3.13759e-05
0.034723785	0.0307982027	-0.0287859895	-0.0624105356	0.011997882	-0.0581922284	0.0191897046	0.0596895534	0.0092062214	-0.0459406864	-0.0778155195	-0.00702565	0.015972899999999998	0.025325999999999998	-0.000755558	0.000136503	0.000188746
0.09647703	-0.0390753177	0.090705515	0.0009675612	0.0641251218	-0.0326486691	0.0592965394	0.0591528974	0.007610508399999999	-0.0478893067	-0.0784869228	-0.00643311	0.00248715	-0.0121899	6.80508e-05	0.000136503	0.00011469799999999999
0.064803497084	0.0150118901	-0.0146083448	-0.0676737701	-0.049203590599999986	0.0332272931	0.0775361325	0.0586102822	0.0060117288	-0.0497945101	-0.0790318321	-2.02916e-07	0.0153339	0.0089367	-0.00018586700000000001	0.00025544099999999997	0.00022978700000000001
0.035072003084000006	-0.0333086698	0.0617012991	-0.008728182900000001	0.0512951372	0.0741249329	-0.0662546518	0.0580617626	0.0044105266	-0.0516545692	-0.0794493692	-0.00385397	0.0054165	0.000328244	-0.000258219	0.000267464	6.0314399999999986e-05
0.021513454300000002	-0.0204677952	0.0412325235	-0.0138410934	-0.0662526921	0.0748244186	0.07383488769999999	0.0575073938	0.0028075473	-0.0534677978	-0.0797388611	1.42853e-05	0.00113318	-0.00124021	-0.000190504	0.000136503	2.31219e-05
0.050560774180000004	-0.006795024300000001	-0.0497204577	-0.0289541979	0.0303581007	0.1256413004	-0.0509498351	0.0569472315	0.0012034366	-0.0552325519	-0.0798998413	4.57612e-06	0.0197027	0.011091799999999999	-0.000367164	-1.51876e-05	8.7762e-05
0.08973645411	-0.0326536134	0.0101011765	0.0017484436	0.0140725529	0.1477521007	0.0017008599	0.05638133240000001	-0.000401159	-0.0569472315	-0.0799320503	4.5720099999999994e-06	-0.00301425	-0.014678499999999999	0.000361029	2.08214e-05	0.000148544
0.068190783	0.011629146000000002	-0.061067286	-0.0266646559	-0.0207330264	0.07283916	-0.032013192	0.0558097533	-0.002005593	-0.0586102822	-0.0798354362	-1.3009899999999998e-06	0.00534983	0.018208000000000002	0.00010691400000000004	0.000136503	0.000317434
0.050088189010000006	-0.0512107534	-0.0194231723	0.0541696289	0.0929598422	-0.024718177400000003	-0.051140614800000005	0.0552325519	-0.0036092188	-0.0602201963	-0.0796101548	-0.00878565	-0.00327146	-0.0121986	0.000110965	0.000136503	0.000275966
0.05378566	-0.0126089601	-0.0588832709	0.0317638896	-0.0066208217000000005	-0.0019960036	0.06851616049999999	0.0546497862	-0.0052113902	-0.061775514	-0.079256569	-0.00681375	0.0018744	0.012626600000000005	-0.00011717100000000001	0.000330701	0.000261446
0.049706434236000005	-0.034440979100000005	-0.0282822987	0.0110703673	0.1031395373	-0.0414631319	-0.0439619724	0.0540615151	-0.0068114617	-0.0632748254	-0.0787752489	5.59236e-07	-0.00729138	0.00370323	4.12135e-05	0.000136503	0.000404923
0.049892434236000004	-0.0524629044	-0.020232066200000003	0.030034797	0.0580319636	0.0057391297	0.0866926605	0.0534677978	-0.0084087885	-0.0647167712	-0.07816697	-0.0111327	-0.014620500000000003	-0.010126000000000001	0.00039323	0.000136503	0.000404923
0.061502782999999984	-0.0168621653	-0.0977547346	-0.0165581681	0.06425761690000001	0.0175071592	0.0117476174	0.052868694	-0.0100027269	-0.0661000441	-0.0774327128	-0.00786987	-0.00499481	-0.0005356219999999999	-7.40857e-05	0.000332479	0.000287737
0.037817933	-0.0640746131	0.0339729947	0.004981172	0.0974484184	-0.0035352894	0.042039564800000005	0.0522642642	-0.0115926346	-0.06742339	-0.0765736605	-0.0102272	-0.0165156	-0.012201	0.000108514	0.000285602	0.000271725
0.060514114999999986	0.0099405133	-0.007021674300000001	-0.0579094493	-0.0491861505	-0.0351318821	0.0611279176	0.0516545692	-0.0131778711	-0.0686856091	-0.07559119780000001	-0.00773797	-0.00102209	0.0149839	4.12135e-05	0.000136503	0.000181195
0.03936278	-0.0475486119	0.1073634309	-0.0394827668	0.0933582738	-0.0550698738	0.0161574287	0.0510396705	-0.0147577975	-0.0698855571	-0.0744869079	-0.012543299999999999	-0.00189124	0.00624134	-0.000323791	5.74067e-05	0.00023600900000000002
0.041518235636	-0.0209895869	0.0817662066	-0.0611092882	-0.0624405638	0.0250730784	0.0966727861	0.05041963	-0.0163317771	-0.0710221462	-0.0732625707	5.59236e-07	-7.570359999999999e-05	0.00011016500000000005	-0.00015124799999999999	0.000136503	0.000404923
0.053533062664	-0.0160252482	-0.0189245909	-0.0419666917	-0.0545520351	0.0931884257	-0.0473440521	0.0497945101	-0.0178991758	-0.0720943458	-0.0719201593	1.23383e-05	0.00159252	0.0233804	-0.00041762099999999996	0.000136503	9.963950000000001e-05
0.0414741283	-0.0987558187	0.0159913647	0.0966410498	0.0409921686	0.0474292524	-0.015334158	0.0491643739	-0.0194593619	-0.07310118389999999	-0.07046183730000001	-0.00826404	0.00198077	-0.000711925	-0.00037411599999999997	0.000136503	0.000230478
0.02927104028	-0.0361120973	-0.1110296455	0.0194654258	-0.0252270375	0.0963222535	0.0003152094	0.0485292848	-0.0210117067	-0.0740417477	-0.06888995490000001	2.2502799999999997e-06	0.00379475	0.00624794	-0.00037411599999999997	6.63299e-05	0.000404923
0.018125284541	-0.0634838685	-0.0876561183	0.0535037663	0.1364273332	0.0288135828	-0.0439121351	0.0478893067	-0.0225555848	-0.0749151845	-0.06720704549999999	5.60739e-07	-0.00819471	0.00624837	-0.000321615	0.000136503	0.000404923
0.052326360409	-0.0548207211	-0.014170002	0.0124679407	0.0529603402	-0.0051549918	0.0523653546	0.0472445043	-0.024090374	-0.0757207024	-0.06541582139999999	-6.44967e-06	-0.0191144	0.00179716	0.000214309	0.000339548	0.000404923
0.034508754009000005	-0.035442965699999995	-0.0048232312	-0.0532271401	0.018511946	0.0006062083999999999	0.0157449024	0.046594942400000006	-0.0256154559	-0.07645757110000001	-0.0635191694	5.59339e-07	-0.00721999	0.00627576	5.477930000000001e-05	0.000136503	0.000404923
0.031628309339	-0.0987570556	0.1295529805	-0.0076275796	0.0388078493	0.1022738824	0.012093738400000002	0.0459406864	-0.0271302159	-0.0771251226	-0.0615201462	-0.00396717	-0.010215700000000001	-0.0116131	5.87455e-05	0.000268057	0.000404923
0.046186714338999985	-0.0486770331	-0.0023271914000000003	0.0130076379	-0.0951486072	0.07850361389999999	-0.0115814692	0.0452818024	-0.0286340436	-0.0777227516	-0.0594219737	5.59339e-07	0.00622022	0.00369454	0.0001367	0.000136503	0.000404923
0.037384489339	-0.06374599730000001	-0.0341697133	0.0737130942	0.0834457878	0.0237494121	-0.06764930599999999	0.044618356500000005	-0.0301263332	-0.0782499164	-0.0572280333	-0.00479128	-0.00336736	-0.00051538	-0.00023920299999999998	0.000136503	0.000404923
0.05195504889	-0.0695713727	-0.0361787882	0.0634480701	0.0025824009	0.0172543472	0.0762263228	0.0439504158	-0.0316064831	-0.0787061389	-0.0549418609	5.9988900000000004e-06	-0.012343999999999999	-0.00282056	0.000245162	0.000232672	0.000267938
0.056372788551	-0.0145857681	-0.1101844607	0.0086778194	0.0716686882	0.0090586755	-0.0142190879	0.0432780475	-0.0330738971	-0.07909100570000001	-0.052567141100000006	5.59339e-07	-0.00689767	0.0239689	-4.31518e-06	0.000136503	0.000404923
0.054765988338999996	-0.0777164132	0.0315899495	0.0119890796	0.1029886102	0.040574344	0.0891008142	0.0426013192	-0.0345279838	-0.0794041677	-0.050107701	-0.00544302	-0.0226933	-0.00250712	0.0001367	0.000136503	0.000404923
0.041727235	-0.0149657984	0.0317916378	-0.07851030839999999	0.0256955678	-0.0040828544	0.0497839511	0.0419202993	-0.0359681572	-0.079645341	-0.0475675045	-0.0110777	-0.018027599999999998	0.0064692	0.00026674099999999997	-6.27647e-05	0.000285221
0.08545661500000001	-0.1069027697	0.1342575742	0.0066235923	0.022532118	0.0825588431	0.0122348816	0.0412350562	-0.0373938371	-0.0798143071	-0.0449506455	-0.00648917	-0.026503199999999998	-0.0271548	0.000669561	0.000253798	0.000229234
0.054335800000000004	-0.061587479	0.0225566488	0.0296421527	-0.0250796961	0.1540595472	0.001953873	0.0405456591	-0.038804449	-0.0799109126	-0.0422613414	-0.008447879999999998	-0.0205627	-0.009788560000000005	0.00021078200000000002	0.000136503	0.00022390099999999998
0.034432861380000006	-0.0820444758	-0.0235696509	0.0363649536	0.0271133328	0.17121023440000002	-0.0334053759	0.0398521774	-0.0401994245	-0.07993507009999999	-0.0395039266	4.4613800000000005e-06	-0.019741099999999998	-0.010464	-2.77123e-05	6.63497e-05	0.000404923
0.06764864138	-0.0445740815	-0.0782874474	0.0336016763	0.013652456100000002	0.0492328862	-0.0009800287	0.0391546809	-0.0415782013	-0.0798867576	-0.0366828449	-0.00838166	-0.00265288	0.014496	-0.00023632299999999998	0.000202025	0.000404923
0.11320895	-0.0509170827	-0.0174241881	0.0385660909	0.0760687753	0.0376739987	0.0369531085	0.038453239900000005	-0.0429402241	-0.0797660189	-0.0338026431	-0.0134613	-0.026487599999999997	-0.0114952	0.0007419059999999998	1.4186199999999995e-05	0.000404923
0.05131945	0.0703324712	-0.0944595627	-0.0677100762	-0.0292159681	0.0048459768	0.0356648608	0.037747925	-0.0442849438	-0.0795729635	-0.030867963	-0.012763	-0.00479476	0.011048200000000001	0.000716005	-8.7611e-05	0.000404923
0.030167863	0.0793011341	-0.0402912236	-0.0763694281	-0.0566999126	-0.0873774918	-0.0221045621	0.037038807400000005	-0.0456118188	-0.0793077664	-0.0278835343	-0.014783500000000003	-0.008136199999999998	0.000219377	0.000716005	0.000136503	0.000349495
0.033589633	0.0791648255	-0.0189943286	-0.0754803074	-0.0502998529	-0.0835848003	-0.08956974990000001	0.0363259585	-0.0469203142	-0.0789706681	-0.0248541669	-0.0195451	-0.012045299999999998	0.00465166	0.0003617	0.000136503	0.000404923
0.031466577999999995	0.0325968148	0.0509300831	-0.0276251496	-0.043695936	-0.1049641839	-0.1166037244	0.035609450099999995	-0.0482099028	-0.0785619741	-0.0217847431	-0.0162709	-0.0071772999999999984	0.000183202	-1.5418399999999998e-05	0.000136503	0.000404923
0.037301746000000004	0.0199835247	0.0142672345	-0.00108893	-0.0575005258	-0.1002625047	-0.1017750544	0.0348893543	-0.0494800651	-0.078082055	-0.0186802098	-0.014084200000000003	-0.000939917	0.00611195	-0.000148825	-5.05417e-05	0.00026639599999999996
0.056444323	0.0062458439	0.0494314451	0.0106767039	-0.022732642200000003	-0.0770837353	-0.0163311196	0.0341657437	-0.0507302891	-0.07753134589999999	-0.0155455703	-0.019518	-0.0106153	-0.0175336	5.091640000000001e-05	-3.5018299999999996e-05	0.000404923
0.13771507500000002	0.0871019548	-0.0687241734	-0.035346034	-0.1092635424	-0.0839021425	-0.0973602857	0.0334386912	-0.051960071	-0.07691034599999999	-0.0123858767	-0.00528161	0.014504399999999999	0.030421299999999995	-0.0007658409999999999	0.000100371	0.000460858
0.14397357	0.07383208969999999	-0.0211003313	-0.0477341636	-0.0091181378	-0.0813952711	-0.1132600413	0.03270827	-0.0531689154	-0.0762196185	-0.0092062214	-0.022241099999999996	-0.023545	0.00288307	0.00031064	0.00019648400000000002	0.000404923
0.02661539	0.1004270539	-0.1123212028	-0.0536663441	-0.0979765559	-0.0871278505	-0.0790525534	0.0319745538	-0.0543563352	-0.0754597894	-0.0060117288	-0.0212953	-0.00684769	0.0084509	0.000312775	0.000262438	0.000404923
0.047656589000000006	0.030610892400000006	0.0071409668000000015	-0.0372870652	0.0441927643	-0.1158538857	-0.1163526887	0.0312376164	-0.0555218517	-0.0746315476	-0.0028075473	-0.0214305	-0.00728785	0.000218221	-0.00022364	0.00040678800000000016	0.000308717
0.04342984400000001	0.051893134400000006	0.0170966488	-0.0584253343	-0.0919228855	-0.1040522902	0.0292201156	0.0304975321	-0.0566649955	-0.0737356442	0.000401159	-0.0146561	-0.00529427	0.00271891	9.848650000000004e-05	0.000181897	0.000404923
0.01921315	0.0012416418	0.0183575713	-0.055393862	0.0343999963	-0.058778212300000014	-0.0244225947	0.0297543755	-0.0577853059	-0.0727728912	0.0036092188	-0.019506700000000002	-0.00165653	0.00269832	-4.6141899999999986e-05	0.000251353	0.000404923
0.031320405	0.0429757208	0.0587257059	-0.0841884334	-0.0918949716	-0.1010544569	0.0509259308	0.0290082213	-0.0588823313	-0.0717441615	0.0068114617	-0.0172123	-0.012998	0.00272306	0.00024870400000000004	0.000193003	0.000404923
0.04413941	0.05734538610000001	0.0548468887	-0.0915784366	-0.0857005532	0.0115610758	-0.082595053	0.0282591448	-0.059955629800000014	-0.0706503878	0.0100027269	-0.0112361	-0.00830343	0.0178762	0.000228535	0.000539144	0.000404923
0.03283166999999998	-0.015147851	0.0782101607	0.0288589619	-0.0906030085	-0.0063912749	-0.06858388929999999	0.0275072215	-0.061004769	-0.06949256179999999	0.0131778711	-0.011212	-0.020021599999999997	0.01105	2.6408000000000002e-05	0.00045600699999999997	0.000404923
0.03914161	0.0565589082	-0.044825431	0.0247118844	-0.1415048011	-0.0595555654	-0.0723704206	0.026752527	-0.0620293259	-0.068271733	0.0163317771	-0.0111799	-0.00422554	0.0167666	-3.7015e-05	0.000167493	0.000404923
0.04617396	0.04523033	-0.0491198939	0.0260241485	-0.06790533019999999	-0.0763209275	-0.0673811022	0.0259951375	-0.0630288878	-0.0669890084	0.0194593619	-0.0111799	-0.020452099999999997	0.009852	0.000423641	0.000167493	0.000404923
0.017185429999999998	-0.0146867161	0.0473356481	0.0281810393	0.0034135814000000003	-0.0793255107	-0.0061176801	0.0252351292	-0.06400305190000001	-0.06564555080000001	0.0225555848	-0.0111799	-0.026424700000000002	0.00227272	0.000496312	0.000167493	0.000404923
0.021283375	0.0419516676	-0.026398136000000003	0.0112163494	-0.1120823201	-0.0633859757	0.0325272931	0.0244725786	-0.06495142570000001	-0.0642425783	0.0256154559	-0.0111532	-0.0224687	-0.00149332	0.0005808419999999999	-1.8669700000000002e-05	0.000404923
0.017230765	0.0262516382	-0.017326798	-0.00608769	0.0055733071	-0.0578393035	-0.0065477685	0.0237075627	-0.065873627	-0.0627813628	0.0286340436	-0.0111576	-0.0263996	-0.00450097	0.000415194	2.1438600000000002e-05	0.000404923
0.0674229	-0.0225477076	0.040401975	0.0109766373	0.011512808700000002	-0.049829201600000005	0.0729929948	0.0229401584	-0.0667692842	-0.0612632291	0.0316064831	-0.011108400000000001	-0.026296100000000003	-0.0255238	0.00100839	0.000167493	0.000219226
0.03851322	0.0309554198	-0.0597015866	-0.0317381038	-0.0585820029	-0.0352336231	0.065036531	0.0221704431	-0.0676380363	-0.0596895534	0.0345279838	-0.0111363	-0.0262592	-0.013530200000000004	0.0009045289999999999	-8.22974e-05	0.000394671
0.011860915000000005	0.0297966339	0.0183507374	-0.0484040431	0.0344618625	-0.0202413643	-0.008033148	0.0213984944	-0.0684795334	-0.0580617626	0.0373938371	-0.011154	-0.021584	-0.0126931	0.000959725	-5.04821e-05	0.000434278
0.03976592500000002	-0.0399190527	0.1227247798	0.0312927143	0.0499371803	0.100591855	0.0005586919	0.0206243899	-0.0692934363	-0.05638133240000001	0.0401994245	-0.0111682	-0.0355064	-0.0338301	0.0009551439999999999	3.35834e-05	0.00042907800000000016
0.049866875	0.0193166823	0.0217725905	-0.0255543694	-0.0948301244	0.1070540547	-0.0272592433	0.0198482077	-0.0700794171	-0.0546497862	0.0429402241	-0.0111463	-0.022520699999999998	-0.0125589	0.00112543	-6.272310000000001e-05	0.00047424699999999996
0.02359357	0.0001931361	-0.0042294787	0.0524593317	0.0625314655	0.0181594442	-0.0482619329	0.019070026	-0.07083715900000001	-0.052868694	0.0456118188	-0.0111931	-0.0259341	-0.0148191	0.0009579689999999999	5.4332299999999995e-05	0.000547194
0.0224114	0.0090169444	-0.0109361797	0.0930273033	-0.0135173587	-0.0334883387	0.033920894900000005	0.0182899231	-0.0715663568	-0.0510396705	0.0482099028	-0.0111398	-0.0286902	-0.0260329	0.000982746	6.0460299999999994e-05	0.000410335
0.054815945	0.0439149343	-0.0421136052	0.0456329684	0.0021638808	-0.0069216511	-0.007941666600000001	0.0175079777	-0.07226671650000001	-0.0491643739	0.0507302891	-0.00775467	-0.0237832	0.00338245	0.0006678360000000001	5.7365e-05	0.000386171
0.07346415	-0.0373510181	0.0452724088	0.0534931509	0.0822911741	-0.0208145255	0.0769256449	0.016724268400000002	-0.072937956	-0.0472445043	0.0531689154	-0.00701732	-0.040074	-0.027297000000000002	0.000966682	0.000234247	0.000425574
0.056120425	0.0421595239	-0.07138885360000001	-0.0028142690000000003	-0.0204744081	0.0250957537	0.1112419033	0.0159388744	-0.07357980480000001	-0.0452818024	0.0555218517	-0.008121649999999998	-0.0191232	-0.00621499	0.0010228	5.53013e-05	0.000400972
0.019551055000000005	0.0297926023	0.0234692545	-0.0417197366	0.1071653385	0.0139038608	-0.0028696693	0.0151518747	-0.0741920043	-0.0432780475	0.0577853059	-0.0111113	-0.029004000000000002	-0.00805161	0.00102534	0.000128486	0.00042212699999999995
0.054630315	0.0030543557	0.115994628	-0.0356370209	0.008359905	0.071436486	0.060677724	0.0143633485	-0.0747743077	-0.0412350562	0.059955629800000014	-0.00725133	-0.026626499999999997	-0.023571599999999998	0.00144921	7.11359e-05	0.00024589
0.064130829	0.0745735061	0.0078124614	-0.0006571969000000001	-0.0250892135	0.0815540008	-0.0512174821	0.0135733754	-0.0753264804	-0.0391546809	0.0620293259	-0.00343678	-0.0193343	-0.0009696160000000001	0.0013034000000000001	-0.000124111	0.000513275
0.04776695710000002	0.0129642248	0.044846213	0.07392793480000001	0.0592267251	0.005586299	-0.0103243744	0.0127820349	-0.07584830000000001	-0.037038807400000005	0.06400305190000001	-0.0111445	-0.036188599999999994	-0.0137296	0.00136974	8.280619999999999e-07	0.000530895
0.044874721900000004	0.064172641	-0.007596825699999999	0.0236842875	-0.0664796204	-0.0208844856	-0.0004248268	0.0119894067	-0.0763395561	-0.0348893543	0.065873627	-0.00248204	-0.023597099999999996	0.00357941	0.00133158	4.150310000000001e-05	0.000578295
0.04842094499999999	-0.0060423689	0.035073681	0.0761385218	0.1129552224	-0.0389731543	-0.007506360799999999	0.0111955706	-0.0768000508	-0.03270827	0.0676380363	-0.00346273	-0.0423124	0.00347764	0.00100785	-6.12506e-05	0.000432315
0.02936399	0.013838181	0.030202434500000007	0.0376017527	-0.0470821396	-0.028649153	0.1180526584	0.0104006067	-0.0772295986	-0.0304975321	0.0692934363	-0.00585761	-0.0291007	0.00347858	0.00100785	-0.000171543	0.000267478
0.05679861000000001	0.0444517288	-0.0389723535	-0.0038344507	0.0426887496	-0.0288010261	0.0226722182	0.0096045951	-0.0776280263	-0.0282591448	0.07083715900000001	-0.00545097	-0.022018299999999998	0.0207307	0.000541341	-0.000197518	0.000416143
0.06484281	-0.0297976438	0.0972605699	0.0278896376	0.0344132269	0.0122015173	0.1039526989	0.0088076158	-0.07799517339999999	-0.0259951375	0.07226671650000001	-0.00687312	-0.0385374	-0.00278965	0.0007152489999999999	8.430919999999998e-05	0.00042803199999999996
0.04380632999999999	0.0423488572	-0.0363983511	-0.042212185599999986	-0.0022096971	0.0042944611	0.0615603406	0.0080097493	-0.078330892	-0.0237075627	0.07357980480000001	-0.00706357	-0.0256031	0.00343632	0.0008110869999999999	-0.000294121	0.000442876
0.068660793	-0.0131595276	0.1018948299	0.0256409248	0.08589982339999999	0.0512432471	0.0222321606	0.0072110759	-0.0786350467	-0.0213984944	0.0747743077	-0.00620015	-0.042308	-0.016654099999999998	0.00102262	6.42406e-06	0.000550839
0.047010498	0.0189629926	0.0572528671	-0.0082115384	-0.08609663529999999	0.1054404968	-0.0048375524	0.006411676	-0.07890751509999999	-0.019070026	0.07584830000000001	-0.00090872	-0.024546900000000003	-0.00642089	0.00119635	-3.14871e-05	0.000613693
0.033797795000000005	-0.015609278	0.043846585	0.0998018316	0.0412453893	0.0181792915	-0.0576063951	0.0056116301	-0.0791481873	-0.016724268400000002	0.0768000508	-0.00271449	-0.030174	-0.00108611	0.0009160310000000001	-0.000109163	0.000676301
0.06242517	0.036016586	0.0198583784	0.0389617888	-0.07951188719999999	-0.063070343	0.0630998617	0.004811019000000001	-0.07935696639999999	-0.0143633485	0.0776280263	0.00442989	-0.04229430000000002	-0.013326	0.00130679	-1.265e-05	0.0008074410000000001
0.07297968	0.0061364425	-0.0003125364	0.06446303889999999	0.029547314100000006	-0.0330394893	-0.0196691356	0.0040099232	-0.0795337681	-0.0119894067	0.078330892	0.00516312	-0.0236368	-0.00691945	0.00080343	-0.00036348800000000003	0.0007179910000000001
0.03854654	-0.0204246381	-0.0105661688	0.0221912109	-0.0055947261	0.0168893551	0.0936489879	0.0032084234000000003	-0.0796785214	-0.0096045951	0.07890751509999999	0.00331053	-0.027329900000000004	-0.0180945	0.00107448	-0.00025960400000000003	0.0006564089999999999
0.06957508999999999	-0.0033109342	-0.0787098896	-0.029074993700000006	0.0812500809	0.0675188069	0.0357198582	0.0024066004	-0.0797911678	-0.0072110759	0.07935696639999999	0.00758711	-0.008090669999999998	-0.00787092	0.0007068689999999999	-0.00036348800000000003	0.000901628
0.04242532	-0.0074065766	-0.0352412074	-0.008414426899999999	0.0977844122	0.1064079338	0.0589020427	0.001604535	-0.0798716619	-0.004811019000000001	0.0796785214	0.0033005	-0.018272	-0.015996	0.000892093	-0.00021969400000000001	0.000834
0.06752445	0.042021103	-0.085739619	-0.05830423110000001	-0.0077808608	0.1567245307	-0.0121695172	0.0008023078999999999	-0.0799199714	-0.0024066004	0.0798716619	0.00623482	0.00293388	0.012479100000000005	0.0006750160000000001	-0.00025553	0.0007887299999999999
0.04026546	-0.0095265308	0.0125269235	0.043980728600000005	0.0752915853	0.0541829388	-0.0609323908	0.0	-0.0799360767	-0.0	0.0799360767	0.00326309	-0.00515104	-0.00116466	0.000507253	-0.000131432	0.00080817
0.04790217	0.0434337003	-0.0605440838	0.0452568543	-0.0519541712	-0.0499486063	-0.0166705673	-0.0008023078999999999	-0.0799199714	0.0024066004	0.0798716619	0.00326919	0.00341077	0.0152251	0.0006044669999999999	-0.00036348800000000003	0.00067855
0.030723670000000005	-0.023747069300000003	-0.0161654931	0.0698982278	0.06782236330000001	-0.0338458045	-0.0372694392	-0.001604535	-0.0798716619	0.004811019000000001	0.0796785214	0.0102856	0.00340686	0.0152441	0.000359919	-0.00041485	0.0008563269999999999
0.04432776000000002	0.0079619564	-0.0014629033	-0.0021880368	-0.0419820117	-0.0542350314	0.0923999772	-0.0024066004	-0.0797911678	0.0072110759	0.07935696639999999	0.0096541	0.00344185	-0.00123327	0.000831336	-0.00036348800000000003	0.000835428
0.033770990000000015	0.0130125565	-0.0490332656	-0.0034127407000000003	0.0332547749	-0.0185711615	0.0133723294	-0.0032084234000000003	-0.0796785214	0.0096045951	0.07890751509999999	0.00920265	0.00339713	0.0151494	0.00049569	-0.00036348800000000003	0.000833231
0.070827025	-0.0452353081	0.0313586594	0.0333727005	0.05900698610000001	-0.0249041426	0.0890292632	-0.0040099232	-0.0795337681	0.0119894067	0.078330892	0.00327546	-0.0139591	0.00169598	0.000828975	-3.76213e-05	0.0008105789999999999
0.029266665000000008	0.0068211487	-0.0106951691	-0.0311299812	-0.0264324483	0.08089784559999999	0.0347939808	-0.004811019000000001	-0.07935696639999999	0.0143633485	0.0776280263	0.00564248	-0.00347037	0.00222286	0.000620239	-0.000139283	0.0008178619999999999
0.023385372	-0.0409485426	0.0729449021	0.0524740575	0.0020272913	0.08783266599999999	-0.0438660121	-0.0056116301	-0.0791481873	0.016724268400000002	0.0768000508	0.00705732	-0.0115649	-0.00012099200000000001	0.000778857	-0.00017578099999999996	0.0008533889999999998
0.035742868000000004	-0.017343435600000002	0.0139464152	0.0750788736	-0.0476411319	0.0251630203	0.0399659318	-0.006411676	-0.07890751509999999	0.019070026	0.07584830000000001	0.00328767	-0.00848109	-0.00354055	0.00109319	-0.000227176	0.000997058
0.009334110000000008	0.0094140322	-0.092144439	0.0708880918	-0.0187433522	0.0557480128	-0.0176151097	-0.0072110759	-0.0786350467	0.0213984944	0.0747743077	0.00330255	-0.00708679	-0.0012892200000000006	0.00113243	-0.00027367200000000003	0.000969322
0.02302848000000001	-0.0856341176	-0.0155499205	0.1146182502	0.1034165617	0.0112242304	-0.0469786157	-0.0080097493	-0.078330892	0.0237075627	0.07357980480000001	0.00328515	-0.0139418	-0.00127265	0.000978758	-0.00023213200000000002	0.0010969
0.02598838	-0.0048568169	-0.0439191453	0.0621843884	-0.0391275045	0.040473979900000005	0.0350049527	-0.0088076158	-0.07799517339999999	0.0259951375	0.07226671650000001	0.00329469	-0.00738012	-0.00127466	0.000670305	-0.000311982	0.0010969
0.02523095	-0.030752271400000007	-0.0511117485	0.0820879186	0.059390675199999986	-0.0136962823	-0.0650470535	-0.0096045951	-0.0776280263	0.0282591448	0.07083715900000001	0.00913365	-0.00919382	-0.00127182	0.000514169	-0.00036348800000000003	0.000953033
0.041299520000000006	-0.051827472	0.0686534877	0.0756208359	0.0526377353	0.000334601	0.0817576599	-0.0104006067	-0.0772295986	0.0304975321	0.0692934363	0.012832299999999998	-0.013928399999999999	-0.00964911	0.000866337	-0.000303213	0.00103037
0.07131134900000001	-0.0469600614	-0.0720350618	0.0367064407	-0.0205779916	0.0086301621	0.088964659	-0.0111955706	-0.0768000508	0.03270827	0.0676380363	0.015083100000000004	0.000430639	0.014984	0.000469424	-0.00036348800000000003	0.00117455
0.019572859	-0.019544916	0.006394234499999999	-0.0398665236	-0.0118908904	-0.0050031438	-0.0023184001	-0.0119894067	-0.0763395561	0.0348893543	0.065873627	0.016330299999999996	-0.00782332	0.016334	0.00037264	-0.00036348800000000003	0.0010969
0.09252728	-0.0879685518	0.0757005015	0.0089646346	0.0200794445	0.1018769772	0.0365924034	-0.0127820349	-0.07584830000000001	0.037038807400000005	0.06400305190000001	0.0180584	-0.0220907	-0.0110899	0.00100425	-0.000588146	0.00122279
0.04520018	-0.0473476165	-0.0701079636	0.0466437488	-0.0748280675	0.0912966429	-0.0031306174	-0.0135733754	-0.0753264804	0.0391546809	0.0620293259	0.014554499999999996	-0.00617691	-0.00708601	0.000872805	-0.000766383	0.0010969
0.047500090000000016	-0.08972252130000001	-0.0728564022	0.0944380597	0.0645038945	-0.0154135466	0.007151964300000002	-0.0143633485	-0.0747743077	0.0412350562	0.059955629800000014	0.00895284	-0.0169632	-0.018256	0.00103227	-0.000527005	0.0010969
0.13491788	0.0799378991	0.0239525642	-0.0370698738	-0.0624726146	0.0100617376	0.1539452402	-0.0151518747	-0.0741920043	0.0432780475	0.0577853059	0.0182126	-0.00473673	0.039236599999999996	0.00149715	-0.0008776360000000001	0.00140017
0.14494221999999998	0.08842519720000001	-0.055277237400000005	-0.1589069072	0.1068732491	0.0296149729	-0.0592152775	-0.0159388744	-0.07357980480000001	0.0452818024	0.0555218517	0.027587999999999998	-0.0100521	-0.025690800000000003	0.00204013	-0.000164775	0.00134953
0.0398031	0.0305256491	-0.0446633696	-0.0669023948	0.0742115822	0.0276285673	-0.0006597419	-0.016724268400000002	-0.072937956	0.0472445043	0.0531689154	0.025574200000000002	-0.011566	-0.0281871	0.00145448	-0.000181027	0.00127585
0.054082409000000005	0.0715501737	-0.0624062322	-0.0574325228	0.07320243900000001	-0.0137257031	-0.0954061959	-0.0175079777	-0.07226671650000001	0.0491643739	0.0507302891	0.019753200000000002	0.000506509	-0.0130914	0.00151121	-0.000437281	0.00138473
0.056026779000000006	-0.0183671712	0.0892474066	-0.0214885618	0.06348596150000001	-0.0108745044	-0.0475197604	-0.0182899231	-0.0715663568	0.0510396705	0.0482099028	0.00732353	-0.0157589	-0.023060499999999998	0.00129701	-0.00032632900000000004	0.00140683
0.06673375899999999	0.033112212	0.022495329900000003	-0.0784847761	-0.0806403036	0.0432354601	-0.1218431651	-0.019070026	-0.07083715900000001	0.052868694	0.0456118188	0.015599700000000001	0.000680689	-0.0024268000000000002	0.00110155	-0.000399185	0.00124746
0.061315688999999986	0.017345575800000002	0.0196706376	-0.111234445	0.0103582945	0.0204898139	-0.0588532627	-0.0198482077	-0.0700794171	0.0546497862	0.0429402241	0.012851300000000001	-0.0129608	-0.0187275	0.00137705	-0.000140983	0.00120866
0.035349430000000015	0.0136820404	-0.060671972699999986	-0.1367332618	0.0676431181	-0.0180791402	-0.0218245007	-0.0206243899	-0.0692934363	0.05638133240000001	0.0401994245	0.00735042	-0.0121637	-0.011590999999999999	0.00110155	-0.000295582	0.00120046
0.057588025	0.0198714539	-0.0712243498	-0.1287092388	0.0189783005	-0.0357396981	-0.0365962159	-0.0213984944	-0.0684795334	0.0580617626	0.0373938371	0.00735239	-0.00378869	0.00543273	0.0007313359999999999	-7.37697e-05	0.0012521800000000005
0.066632015	0.0289081001	0.005472009599999999	-0.1242454789	0.0364976696	-0.0553944784	-0.057983124800000015	-0.0221704431	-0.0676380363	0.0596895534	0.0345279838	0.00986795	-0.024503099999999996	-0.0108841	0.00117629	-0.0001014	0.0013212999999999999
0.022985515	-0.0572289746	0.0832566513	-0.1033371709	-0.0125456222	-0.0965826692	-0.0402833989	-0.0229401584	-0.0667692842	0.0612632291	0.0316064831	0.007334	-0.0186991	-0.008865339999999998	0.00100374	-8.649389999999998e-05	0.00138642
0.02745585	-0.014208479	0.035473236	-0.1117020699	-0.0733161554	-0.0691027664	-0.0129493631	-0.0237075627	-0.065873627	0.0627813628	0.0286340436	0.012082700000000002	-0.011292700000000001	-0.00258624	0.00110155	-9.34569e-05	0.00131076
0.044474995	-0.0815334946	0.1069244349	-0.0812884942	-0.0097796892	-0.0916730075	-0.0551373902	-0.0244725786	-0.06495142570000001	0.0642425783	0.0256154559	0.00735064	-0.018958700000000002	-0.00453627	0.000904086	-0.000477311	0.00133198
0.04468353	-0.0025691635	0.047995069800000005	-0.115714529	-0.0820723974	-0.0735625959	0.00734747	-0.0252351292	-0.06400305190000001	0.06564555080000001	0.0225555848	0.007347239999999999	-0.0169299	-0.0121069	0.00158752	-0.000477311	0.00135016
0.042913800000000016	0.0246491415	0.008233028199999999	-0.08939802289999997	-0.0560405451	-0.0797304467	-0.0402287947	-0.0259951375	-0.0630288878	0.0669890084	0.0194593619	0.00735023	-0.00438028	-0.00265056	0.00132779	-0.000327574	0.00135879
0.02653333900000001	-0.08261691110000001	0.1041330865	-0.0667869125	-0.0907521956	-0.0001811894	-0.1030910718	-0.026752527	-0.0620293259	0.068271733	0.0163317771	0.00731953	0.00235874	-0.000954091	0.00104356	-0.000290451	0.00139878
0.028182938999999994	-0.0454125609	0.0142214976	-0.0156051924	-0.1292322441	0.0111740495	-0.0684975569	-0.0275072215	-0.061004769	0.06949256179999999	0.0131778711	0.0111602	0.0032580999999999995	-0.010896	0.00110155	-0.000477311	0.0014239500000000006
0.0362026	-0.09064498	-0.0613460704	0.0713883189	-0.0763545143	-0.08888987429999999	-0.1045034458	-0.0282591448	-0.059955629800000014	0.0706503878	0.0100027269	0.0073897999999999985	-0.010120299999999999	-0.00766455	0.0009329360000000001	-0.0005659840000000001	0.00148311
0.02514955	-0.1109800864	-0.0470394576	0.0118865035	-0.0703813005	-0.0644554484	-0.0158857203	-0.0290082213	-0.0588823313	0.0717441615	0.0068114617	0.0101693	-0.0225325	-0.0105887	0.0009232810000000001	-0.000515745	0.00140233
0.05564398	-0.0830122589	-0.131816385	0.0104788223	-0.0838069919	-0.0291339446	-0.034360897599999995	-0.0297543755	-0.0577853059	0.0727728912	0.0036092188	0.014980100000000001	-0.0132726	-0.00525917	0.000503366	-0.0007799849999999999	0.00144305
0.01981286	-0.1354888655	-0.0450571546	-0.0545457055	-0.0030280362	-0.0594743008	-0.0262689817	-0.0304975321	-0.0566649955	0.0737356442	0.000401159	0.0136149	-0.00436753	-0.00423773	0.000444247	-0.0008631689999999999	0.00147117
0.0360533	-0.1167637436	-0.033237619700000005	-0.0819264456	-0.0736207005	-0.0519668278	0.0213964557	-0.0312376164	-0.0555218517	0.0746315476	-0.0028075473	0.010590899999999999	-0.00834148	-0.00973433	0.000715681	-0.0008075479999999997	0.00132705
0.02742943	-0.0938074209	-0.016133808899999998	-0.0596022219	-0.0667817294	0.0129696403	-0.0628966993	-0.0319745538	-0.0543563352	0.0754597894	-0.0060117288	0.013457499999999999	-0.00211757	-0.00926101	0.0008432389999999998	-0.000936212	0.00142814
0.048223969999999984	-0.1796924377	0.0472870309	-0.0112037067	-0.08584697029999999	0.0133292544	-0.1118226939	-0.03270827	-0.0531689154	0.0762196185	-0.0092062214	0.012132700000000001	-0.01454	-0.00469337	0.000715681	-0.000713008	0.00167556
0.04633183	-0.13492673800000002	-0.0132882288	0.040027283	-0.1388646324	-0.012874148899999998	-0.0446284613	-0.0334386912	-0.051960071	0.07691034599999999	-0.0123858767	0.00739495	-0.015554399999999998	-0.0110572	0.00116389	-0.0007856659999999998	0.00151211
0.04145062000000002	-0.1459283917	-0.1248918906	0.0308410413	-0.0491997252	-0.0449715966	-0.0645162948	-0.0341657437	-0.0507302891	0.07753134589999999	-0.0155455703	0.0206553	-0.0215021	-0.00688253	0.000927133	-0.0008424869999999999	0.00157989
0.034402150000000006	-0.1392638126	-0.0109749911	-0.0015010763	-0.006026664300000001	-0.0351398308	0.0506339274	-0.0348893543	-0.0494800651	0.078082055	-0.0186802098	0.0212457	-0.0217863	-0.00897693	0.00109081	-0.000524411	0.00143298
0.047473900000000006	-0.07455921459999999	-0.1219558317	-0.0396168644	-0.0394357304	0.0175235243	0.0733189584	-0.035609450099999995	-0.0482099028	0.0785619741	-0.0217847431	0.0225355	-0.00985916	-0.00275827	0.00137174	-0.000722537	0.00135127
0.12155905999999995	0.1590092508	-0.08419426070000001	-0.0844948732	0.1904438939	0.0951563079	0.1235398763	-0.0363259585	-0.0469203142	0.0789706681	-0.0248541669	0.020374299999999998	0.035122	-0.00994517	0.000680916	-0.000243935	0.0011761
0.12332626	0.2785851037	0.0301791204	-0.0114847836	0.197339056	0.0251946901	-0.0435426002	-0.037038807400000005	-0.0456118188	0.0793077664	-0.0278835343	0.00427862	0.0392165	-0.0430196	-0.000263692	0.00010145000000000004	0.0012873400000000005
0.14016855	0.1819467392	0.0829723441	0.0347976636	0.0976208758	0.0065588827	-0.0820772756	-0.037747925	-0.0442849438	0.0795729635	-0.030867963	-0.00251178	0.013980100000000002	-0.027626599999999998	0.0009611110000000001	-0.000266772	0.00154929
0.027403759999999992	0.1427624184	0.0995915585	0.0234824387	0.049622930700000005	-0.0816924054	-0.0212339764	-0.038453239900000005	-0.0429402241	0.0797660189	-0.0338026431	0.00431262	0.00855519	-0.0327912	0.0009184369999999999	-0.00014326899999999999	0.00158291
0.01435432999999999	0.0436890283	0.0798520866	0.0355067271	0.0034545289	-0.072509518	0.044210856900000005	-0.0391546809	-0.0415782013	0.0798867576	-0.0366828449	0.00637124	0.00623968	-0.033332099999999996	0.00092001	-0.000266772	0.0016466199999999995
0.03346941	0.0827642255	0.0009818058	0.043535260599999986	-0.0127736871	-0.022021881200000003	0.0743297909	-0.0398521774	-0.0401994245	0.07993507009999999	-0.0395039266	0.00434765	0.0176585	-0.028725099999999996	0.00100841	-0.000266772	0.00142662
0.054574317000000004	0.0017759119	-0.0013593121	0.0124871925	0.0223695686	0.0020787328	0.06969689	-0.0405456591	-0.038804449	0.0799109126	-0.0422613414	-0.000605787	0.00509477	-0.0272949	0.0005909309999999999	-0.000266772	0.00172168
0.036257782999999995	0.0991453224	-0.028564669700000007	0.0258926194	0.0222409141	0.035730554500000004	0.0974398466	-0.0412350562	-0.0373938371	0.0798143071	-0.0449506455	-0.00393208	0.00518996	-0.0340918	0.000988349	-0.000266772	0.00159831
0.02422211	0.033148651200000004	0.0145924005	-0.0289208125	0.08388619679999999	-0.0003362402	0.043840316	-0.0419202993	-0.0359681572	0.079645341	-0.0475675045	0.00429814	0.00384422	-0.035568800000000005	0.000852326	-0.000266772	0.0017256699999999995
0.03518242999999999	0.1146659447	0.0974624336	-0.004555162299999999	-0.0121685608	0.0314728613	0.0757382601	-0.0426013192	-0.0345279838	0.0794041677	-0.050107701	-0.00614077	0.00769094	-0.032880300000000015	0.000948732	-0.000266772	0.00145791
0.033345440000000004	0.0687604947	0.1066250275	-0.0098588773	-0.0178662435	0.0785899957	-0.0451883069	-0.0432780475	-0.0330738971	0.07909100570000001	-0.052567141100000006	-0.00188005	0.00131722	-0.0429459	0.00108405	-0.000266772	0.0015755
0.03443254999999998	0.1178460959	0.0892478488	0.0485598	-0.0776495344	0.0681323584	0.0126105182	-0.0439504158	-0.0316064831	0.0787061389	-0.0549418609	0.0043259	0.00574952	-0.03053	0.00115352	-0.00038918	0.00161119
0.02575724	0.0762983481	0.0448834737	0.08425965740000001	0.0116634039	0.0182679156	-0.087454374	-0.044618356500000005	-0.0301263332	0.0782499164	-0.0572280333	-0.00559177	0.00572555	-0.0375762	0.0011117000000000002	-0.000266772	0.00162235
0.03615543	0.0480025837	0.0209507761	0.1592167105	-0.0255491494	0.005880655	0.0485628529	-0.0452818024	-0.0286340436	0.0777227516	-0.0594219737	0.00436461	-0.006867399999999999	-0.0451338	0.00101552	-0.000266772	0.00164714
0.045454630999999995	0.0529733702	-0.0489807359	0.1521998569	-0.0066049575	0.0037432545	0.0142215755	-0.0459406864	-0.0271302159	0.0771251226	-0.0615201462	0.00434201	-0.000718769	-0.023351	0.000700978	-0.000266772	0.00168261
0.05556876100000002	0.0510729938	-0.0100760056	0.1090820872	0.0095817391	-0.0120101175	0.051122419800000006	-0.046594942400000006	-0.0256154559	0.07645757110000001	-0.0635191694	-0.00382572	-0.011082	-0.0332837	0.0011302999999999999	-0.000266772	0.00156983
0.02709276000000001	0.0407286732	-0.023461299900000003	0.08128961	0.0148913015	-0.0142121404	0.0270456835	-0.0472445043	-0.024090374	0.0757207024	-0.06541582139999999	-0.00449043	-0.0134732	-0.037018	0.0009445289999999999	-0.000266772	0.00134955
0.035946100000000016	0.0660038344	0.0107219379	0.1020144244	-0.0071251266	0.0020343571	0.0631431237	-0.0478893067	-0.0225555848	0.0749151845	-0.06720704549999999	-0.00322084	-0.007696449999999999	-0.0379583	0.0007902379999999999	-8.760379999999997e-05	0.00157528
0.04985788	0.047982223	0.0398351481	0.0177366544	0.0224191246	-0.0021318833	0.0392951214	-0.0485292848	-0.0210117067	0.0740417477	-0.06888995490000001	-0.00599699	-0.00320003	-0.020497799999999997	0.00061222	-0.000266772	0.00142997
0.051707595	0.011556621299999998	0.0858019809	-0.0109395458	-0.0005827105999999999	0.0305324153	0.0632319022	-0.0491643739	-0.0194593619	0.07310118389999999	-0.07046183730000001	0.00437993	-0.012272700000000001	-0.0270446	0.000724212	-5.49799e-05	0.00162041
0.031569735	0.0360848356	0.0096991267	0.0456065684	-0.06759793730000001	0.12567959380000002	0.0436173858	-0.0497945101	-0.0178991758	0.0720943458	-0.0719201593	-0.00566535	-0.008909429999999998	-0.027623500000000002	0.0006640169999999999	2.74208e-05	0.00141136
0.019288585	0.048453299500000005	-0.0284777817	0.0973982276	0.016422768600000002	0.0330383456	-0.0397666689	-0.05041963	-0.0163317771	0.0710221462	-0.0732625707	-0.00439499	-0.00970539	-0.023497	0.0008789769999999998	4.7256099999999996e-05	0.00143848
0.041857916	-0.0236914327	-0.0333063014	0.0287653022	0.0257024118	-0.0536046387	0.0095177072	-0.0510396705	-0.0147577975	0.0698855571	-0.0744869079	0.000940561	-0.0169275	-0.0318805	0.00102052	-0.000122356	0.00154566
0.039033050999999985	0.0266517437	-0.0299065119	0.0344303976	0.017598491	0.0214409275	0.0725464364	-0.0516545692	-0.0131778711	0.0686856091	-0.07559119780000001	-0.00576669	-0.0263769	-0.033159100000000004	0.00115318	-0.000266772	0.0013907800000000005
0.04734541499999999	0.0169259633	-0.0410110239	-0.0164909834	0.0620879453	0.0037005599	0.0513420906	-0.0522642642	-0.0115926346	0.06742339	-0.0765736605	-0.00775477	-0.0128352	-0.016938599999999998	0.00108124	-9.95693e-05	0.00146354
0.05008584499999999	-0.0415870372	0.0568786836	-0.0806974278	0.0509355956	0.054735567	0.03136489	-0.052868694	-0.0100027269	0.0661000441	-0.0774327128	-0.00395781	-0.00964248	-0.0221208	0.0007213169999999999	0.00029277700000000003	0.00145753
0.038128415	0.040004943	-0.0022794462	0.0527004573	-0.0706943466	0.1206499128	0.0121280461	-0.0534677978	-0.0084087885	0.0647167712	-0.07816697	-0.00405184	-0.00769809	-0.017216099999999998	0.000944373	-2.89529e-05	0.00137861
0.059915865	-0.012861226000000002	-0.0303316982	0.0658741758	0.0578001317	-0.0417509117	-0.0383096189	-0.0540615151	-0.0068114617	0.0632748254	-0.0787752489	-0.00163513	-0.0180757	-0.0299065	0.00104541	0.000285923	0.00165132
0.07456501999999998	-0.0236964688	-0.04721394190000002	0.0334343936	0.0170938089	0.0044952394	0.0429632249	-0.0546497862	-0.0052113902	0.061775514	-0.079256569	-0.0058078999999999995	-0.0208998	-0.0493709	0.0012542400000000006	-0.000266772	0.00145077
0.04965273000000001	0.0173159947	-0.1084465701	0.0295530128	0.046463319	0.0069506018	0.0331056865	-0.0552325519	-0.0036092188	0.0602201963	-0.0796101548	-0.007781579999999998	-0.0129349	-0.0352862	0.0009333210000000001	-0.00012687200000000001	0.001399
0.026347605	-0.0379965462	-0.0414694279	-0.0552830029	0.07821123940000001	-0.0228833404	-0.0256019455	-0.0558097533	-0.002005593	0.0586102822	-0.0798354362	-0.010275500000000002	-0.015318	-0.0345423	0.000600203	-8.503629999999997e-05	0.00143858
0.049003135	-0.0133345422	0.014289306000000003	-0.0272115667	0.0115581303	-0.0511138865	0.0726236936	-0.05638133240000001	-0.000401159	0.0569472315	-0.0799320503	-0.010228200000000002	-0.0126704	-0.038085900000000006	0.00111401	-0.000266772	0.00127883
0.015800889999999998	0.0031592358	0.0912990774	-0.0270655746	-0.0172660697	0.022907387	-0.0006000742	-0.0569472315	0.0012034366	0.0552325519	-0.0798998413	-0.00735772	-0.00842899	-0.0326279	0.00111401	-0.000266772	0.00134345
0.066876155	-0.0923842224	0.0938624103	-0.0022790588	-0.0419256943	0.0054936238	-0.0680365979	-0.0575073938	0.0028075473	0.0534677978	-0.0797388611	-0.010259899999999999	-0.023334900000000002	-0.0426852	0.00147159	2.79933e-05	0.00147132
0.025105115	-0.0233019303	-0.0195529621	0.099196061	-0.0584113029	0.0240390951	0.0586516637	-0.0580617626	0.0044105266	0.0516545692	-0.0794493692	-0.0102508	-0.0132649	-0.0479775	0.00146992	-0.000134111	0.00144042
0.038775465	-0.0608867615	-0.0854975309	0.05960555150000001	0.0238732734	-0.0327673167	-0.0350331064	-0.0586102822	0.0060117288	0.0497945101	-0.0790318321	-0.00367649	-0.021409	-0.0446769	0.00135272	-4.3901899999999994e-05	0.00164814
0.031881524	-0.0649732325	-0.0643936754	0.0174185904	0.0129925189	-0.0420519883	0.0352063598	-0.0591528974	0.007610508399999999	0.0478893067	-0.0784869228	0.000268429	-0.0188761	-0.047720099999999994	0.00131624	-0.000266772	0.00146028
0.04897239900000002	0.0050137789	-0.0957286515	0.0132672585	0.0178516173	-0.0182561095	0.008703110699999999	-0.0596895534	0.0092062214	0.0459406864	-0.0778155195	-0.00357157	-0.0119125	-0.020769299999999997	0.00119921	-0.000266772	0.00135295
0.04165818	-0.0546094472	0.0284925073	-0.0692432893	0.0436599932	-0.0850388016	0.0306330365	-0.0602201963	0.0107982247	0.0439504158	-0.0770187042	-0.00333444	-0.024634700000000002	-0.033373800000000016	0.00128355	-0.000134245	0.00145797
0.06929193	0.0149548308	0.0003714177	-0.0049825206	-0.0088311098	-0.00440481	0.0854545523	-0.0607447724	0.0123858767	0.0419202993	-0.0760977612	-0.010347799999999999	-0.00228848	-0.012891999999999999	0.00102593	-0.000168236	0.00155537
0.04041975	-0.0449268665	0.0152493528	-0.06065558610000001	0.0322653651	-0.0366235949	-0.0072733322	-0.0612632291	0.0139685379	0.0398521774	-0.0750541746	0.00129066	-0.00298514	-0.00310312	0.000917961	-0.000266772	0.00171478
0.06513696000000001	-0.0014041319	0.0937883859	-0.0720794364	-0.0298608355	0.0015152466	0.050032448499999986	-0.061775514	0.0155455703	0.037747925	-0.07388962639999999	0.00216848	-0.0144227	-0.0166397	0.00108675	0.000152259	0.0015169
0.04691624799999999	-0.0008756474	0.0231857021	-0.0127859456	-0.0470905464	0.0662317848	-0.0466034896	-0.062281575599999986	0.0171163386	0.035609450099999995	-0.0726059935	0.00777173	-0.00426512	-0.00406468	0.00108974	-3.82896e-06	0.00172943
0.024189868	-0.0426441599	0.0660083152	0.0047458863	-0.0212213771	0.0318792387	-0.0505933443	-0.0627813628	0.0186802098	0.0334386912	-0.0712053446	0.0032207	-0.00964344	-0.00810516	0.00116631	3.26118e-05	0.0016380399999999995
0.018280015000000014	0.007865809599999999	-0.0082687262	0.0742483335	-0.0693591779	0.0480070271	-0.0356921123	-0.0632748254	0.0202365536	0.0312376164	-0.06968993700000001	0.00364182	-0.008247239999999998	-0.0150618	0.00112408	-9.83993e-05	0.00165492
0.024680225	-0.0617938174	-0.016059746200000002	0.0175813047	0.0046888525	-0.0325828557	-0.07013646679999999	-0.0637619136	0.0217847431	0.0290082213	-0.0680622132	0.00600293	-0.00964538	-0.0198166	0.00118439	4.80442e-05	0.00177149
0.010433574999999985	0.0312642894	-0.0195394763	0.0183398872	-0.0725645392	0.0968984109	0.024087852000000003	-0.0642425783	0.0233241543	0.026752527	-0.0663247964	0.00905209	-0.0086961	-0.0180317	0.00120146	3.97995e-05	0.0017038
0.023706524999999992	0.0270909739	-0.0772047072	-0.0286004896	0.0515408767	0.0794535132	-0.1176461291	-0.0647167712	0.0248541669	0.0244725786	-0.0644804868	0.0121584	-0.00252494	-0.0191587	0.00103035	8.03806e-05	0.00175815
0.06184304500000001	0.0283004911	-0.0126917637	-0.0124440806	0.0124765987	-0.0156500437	-0.0763370793	-0.0651844444	0.0263741644	0.0221704431	-0.0625322567	-0.0010643400000000002	-0.018583099999999998	-0.0321301	0.00117427	4.55357e-05	0.0015450999999999998
0.06743004500000001	0.0488652709	-0.0273174744	-0.0030595593	0.0479219321	-0.0464876752	-0.063269383	-0.06564555080000001	0.0278835343	0.0198482077	-0.060483246	0.00610971	0.00233981	-0.025073500000000002	0.00104176	-0.000329024	0.00168356
0.0373964	-0.0301410821	0.04957770190000002	-0.06859792	0.0402324162	-0.0815012596	0.0282506875	-0.0661000441	0.0293816684	0.0175079777	-0.058336757	0.00639219	0.00445363	-0.0358297	0.00134231	-0.000246006	0.00178487
0.037734085	0.034674999	0.0298892998	-0.0506411724	-0.0101184167	6.96948e-05	0.0417986174	-0.0665478783	0.030867963	0.0151518747	-0.0560962492	0.00429364	0.00697318	-0.029867	0.00142436	7.481969999999997e-05	0.00164468
0.03745195	-0.0208729446	0.0423264596	-0.0797836999	0.0111741221	0.0589804497	-0.0569639335	-0.0669890084	0.0323418192	0.0127820349	-0.0537653335	0.00406692	-0.00179074	-0.041555	0.00133124	-1.52465e-05	0.00179696
0.06495450500000001	0.0370290955	0.0449624574	-0.0117830014	-0.0578281042	0.1374001384	0.0026570952	-0.06742339	0.0338026431	0.0104006067	-0.0513477665	0.00636242	0.00113839	-0.045839599999999994	0.0016846	-0.000301802	0.00132797
0.04482716900000002	0.0342466379	0.0052212839	0.0435616226	0.0243714282	0.0376258063	-0.1338588354	-0.0678509792	0.0352498461	0.0080097493	-0.0488474444	-0.0009602689999999999	-0.00629769	-0.036880199999999995	0.00153224	-0.000146622	0.00144261
0.07961170399999999	0.0029374447	0.06348417099999999	0.06662668990000001	-0.0143581282	-0.1064751408	0.0267992412	-0.068271733	0.0366828449	0.0056116301	-0.046268397	0.00926494	-0.0259406	-0.052442499999999996	0.0015999	6.78437e-05	0.00184411
0.057123554999999986	0.0349730792	0.0131238222	0.0615659687	-0.0408650921	-0.0503058025	0.0526835546	-0.0686856091	0.0381010623	0.0032084234000000003	-0.0436147809	0.00350407	-0.0140253	-0.0473612	0.0016093	-0.00016334799999999998	0.00139738
0.05248366	-0.0257383182	0.0823525901	-0.0306770615	0.0254398993	-0.0947244512	0.0191308574	-0.0690925657	0.0395039266	0.0008023078999999999	-0.0408908726	0.00637713	-0.0115257	-0.039642000000000004	0.00130601	0.00012936799999999999	0.00158921
0.038793394	-0.008730927900000001	0.045512943499999986	-0.009075015	-0.0601661512	0.06480201299999999	0.0187484703	-0.06949256179999999	0.0408908726	-0.001604535	-0.0381010623	-0.0009211340000000002	-0.00649947	-0.0409707	0.00138277	-0.000105946	0.00139848
0.041750655	-0.0263170629	-0.0102569426	0.0126552518	-0.0187097508	0.0618811404	-0.086982799	-0.0698855571	0.0422613414	-0.0040099232	-0.0352498461	-0.000952829	-0.00226536	-0.018432	0.00112604	-0.000105763	0.00144049
0.02272729	-0.0270454882	-0.049333727800000005	0.008999458299999999	-0.0303258075	0.014139821100000003	-0.0049892644	-0.0702715121	0.0436147809	-0.006411676	-0.0323418192	-0.0009816389999999999	0.00106612	-0.0226328	0.00130601	-0.000199147	0.00141052
0.026783829	0.004720057	-0.1081615783	-0.0147802181	0.0054239075	0.032469094	-0.0614567037	-0.0706503878	0.0449506455	-0.0088076158	-0.0293816684	0.00187315	0.00930116	-0.023661500000000002	0.0011075700000000002	-0.000229913	0.00147462
0.027001675999999995	-0.0300279759	-0.0597734366	-0.0164644044	0.0444207051	-0.0683034156	-0.0519165781	-0.0710221462	0.046268397	-0.0111955706	-0.0263741644	-0.00100336	-0.00017025599999999998	-0.0308509	0.00122239	-0.00020287599999999997	0.00148205
0.035780618	0.053257541	-0.0655531154	0.0132379697	-0.0118453019	-0.017055859099999997	0.0100156596	-0.0713867496	0.0475675045	-0.0135733754	-0.0233241543	-0.000989403	0.004175	-0.0216489	0.00101081	-6.01879e-05	0.00157217
0.032352253000000004	-0.0032814722	-0.0391222105	-0.0292925218	0.0508292716	-0.0724858949	-0.0449471905	-0.0717441615	0.0488474444	-0.0159388744	-0.0202365536	0.0053768999999999996	-0.00501173	-0.014959700000000001	0.000866682	-4.86555e-05	0.00161871
0.070378475	-0.0005899294	0.017307046399999998	-0.0180620711	-0.0250798078	-0.0689500675	0.0369234841	-0.0720943458	0.050107701	-0.0182899231	-0.0171163386	0.00598428	-0.0115735	-0.032873400000000004	0.00135943	0.000163339	0.00141754
0.032454520000000014	0.0198371349	-0.0385747118	-0.0357487052	0.008371665799999999	-0.0478586257	0.0153180462	-0.0724372672	0.0513477665	-0.0206243899	-0.0139685379	0.0156409	-0.0152341	-0.0345827	0.00137684	0.00018256900000000002	0.00172946
0.01918676	-0.0411501458	0.037907666	-0.0657937575	0.0450935825	-0.0632712585	0.0465749753	-0.0727728912	0.052567141100000006	-0.0229401584	-0.0107982247	0.00422309	-0.015614500000000003	-0.0356349	0.00148423	0.00017151200000000002	0.00173774
0.04333651	0.037024326	-0.0211914682	-0.0408447333	-0.0027627383000000004	-0.0161525405	0.0584550678	-0.07310118389999999	0.0537653335	-0.0252351292	-0.007610508399999999	0.00146301	-0.00752767	-0.034569800000000005	0.0012842000000000005	-0.00022987799999999998	0.00171067
0.013215862	-0.0371691523	0.046122248600000006	-0.0904544457	0.0162630776	-0.051726265	0.0038192958	-0.0734221124	0.0549418609	-0.0275072215	-0.0044105266	-0.0009003219999999998	-0.015815799999999998	-0.0331534	0.0012842000000000005	-0.00022987799999999998	0.00168771
0.07348581100000001	-0.0241682791	0.0940331355	-0.0761745039	-0.0247896673	0.0131690741	0.0728414892	-0.0737356442	0.0560962492	-0.0297543755	-0.0012034366	-0.0007548460000000001	-0.0250014	-0.048723	0.00172776	-8.23553e-05	0.00130709
0.086775351	0.0048627719	0.0393955976	-0.0304907147	-0.0456865038	0.0965953635	-0.0340643439	-0.0740417477	0.0572280333	-0.0319745538	0.002005593	0.00764397	-0.0123139	-0.0295566	0.0012842000000000005	-0.00022987799999999998	0.00164646
0.029990998000000005	-0.0746331722	0.0391529659	0.0214090782	-0.0007242124	-0.0141968792	-0.05633793860000001	-0.0743403923	0.058336757	-0.0341657437	0.0052113902	-0.000894978	-0.0255977	-0.034004599999999996	0.0012842000000000005	-0.000159443	0.00164249
0.028909765000000007	0.0056246473	-0.0671010264	0.0526835402	-0.0199924179	0.0241768998	0.0243085391	-0.0746315476	0.0594219737	-0.0363259585	0.0084087885	-0.000870063	-0.0079806	-0.0279216	0.0012842000000000005	-0.00022987799999999998	0.00167575
0.02494529900000001	-0.0567409991	-0.0858907882	-0.0498727956	0.0677498705	0.022174979900000003	-0.0754667617	-0.0749151845	0.060483246	-0.038453239900000005	0.0115926346	-0.0008462039999999999	-0.015427200000000004	-0.0281503	0.00125834	-4.796520000000001e-05	0.0015386
0.041721851000000004	0.0126582773	-0.0393265088	0.018175684	0.0090384654	0.0458879921	-0.0386962513	-0.07519127440000001	0.0615201462	-0.0405456591	0.0147577975	-0.00311267	-0.022266099999999997	-0.041947399999999996	0.00155238	-8.593290000000001e-05	0.00149422
0.0599076325	-0.0027783129	-0.012801742	0.0122182074	0.0304773261	-0.06437418290000001	-0.07056331610000001	-0.0754597894	0.0625322567	-0.0426013192	0.0178991758	-0.0008937239999999998	-0.048901599999999996	-0.0405761	0.00175588	4.18483e-06	0.0017942399999999997
0.0185604705	-0.052378429	0.0445768692	-0.0440615566	0.020027051	-0.0640170788	0.0327680998	-0.0757207024	0.0635191694	-0.044618356500000005	0.0210117067	-0.0009989530000000001	-0.034269	-0.0400654	0.00178137	-3.0774e-05	0.00180003
0.07857897700000001	0.0133265794	-0.0452047813	-0.0151682246	-0.0084309637	-0.0270043288	0.052320049900000005	-0.0759739873	0.0644804868	-0.046594942400000006	0.024090374	-0.00103658	-0.0133792	-0.0229428	0.00120102	-0.000170533	0.00170956
0.03739957	-0.0682298579	-0.0353053943	-0.08814330949999999	0.050005847	-0.0387433608	-0.0143676717	-0.0762196185	0.06541582139999999	-0.0485292848	0.0271302159	-0.0010930999999999998	-0.011471799999999999	-0.013410299999999998	0.0008409519999999997	-0.00022987799999999998	0.00161091
0.03504546799999999	-0.0003305294	-0.0356435438	-0.0553375375	0.0107228607	-0.012220141100000002	0.0844293251	-0.07645757110000001	0.0663247964	-0.05041963	0.0301263332	-0.0011347000000000002	0.000311768	-0.017745	0.00105606	-0.000100094	0.00157809
0.03286065199999999	-0.025917207	-0.0452885249	-0.0984952747	0.0376633963	0.0099380889	-0.0194739833	-0.0766878214	0.06720704549999999	-0.0522642642	0.0330738971	0.00139941	0.00390696	-0.005571100000000001	0.000999405	-0.00022987799999999998	0.0016828
0.04516632	-0.049248181399999987	0.0489667479	-0.1190063506	-0.0118815741	0.0246129598	0.0299375266	-0.07691034599999999	0.0680622132	-0.0540615151	0.0359681572	0.00096337	-0.00503932	-0.0219595	0.000999405	6.6354e-05	0.00159112
0.047746565	-0.0086703204	-0.032066128900000004	-0.06343508190000001	-0.0700675665	0.1216807771	-0.0370095361	-0.0771251226	0.06888995490000001	-0.0558097533	0.038804449	-0.00111127	0.00214215	0.00350971	0.0008291149999999997	5.15091e-05	0.0016664099999999995
0.04454352850000001	-0.058478655199999986	0.0308703764	-0.0390396581	-0.029180527	0.05708113820000001	-0.0703650321	-0.0773321295	0.06968993700000001	-0.0575073938	0.0415782013	0.00233286	-0.00927087	-0.0130824	0.000999405	-3.4162699999999994e-06	0.00170308
0.03508039349999999	0.0166528828	-0.0283518834	-0.0075040378	-0.0772654747	0.08002386389999999	-0.0449419467	-0.07753134589999999	0.07046183730000001	-0.0591528974	0.0442849438	0.00224919	-0.00140721	-0.0121382	0.00124615	0.000127266	0.00155673
0.039689149999999986	-0.038325549	-0.0362073091	0.0104197548	0.00031855150000000004	-0.0462108671	-0.0984212633	-0.0777227516	0.0712053446	-0.0607447724	0.0469203142	0.00377253	-0.00310482	-0.0165896	0.00105294	-0.00012987	0.00174672
0.07783343599999999	-0.058569076	0.018184327	0.0620908437	-0.0560685449	-0.064755892	0.0435774277	-0.0779063275	0.0719201593	-0.062281575599999986	0.0494800651	-0.0008751710000000001	-0.00898993	-0.0440519	0.00149107	-3.58235e-05	0.00148213
0.035706851000000005	-0.0268480853	-0.0311424816	0.0588215932	-0.0512831042	-0.0362999298	0.0501856026	-0.078082055	0.0726059935	-0.0637619136	0.051960071	-0.000872115	-0.013081400000000005	-0.040063699999999994	0.00153563	-0.000308106	0.00171777
0.043714352000000005	-0.0620326078	-0.008452496	0.0023867436	-0.0484104825	-0.0402712936	0.0036280155	-0.0782499164	0.0732625707	-0.0651844444	0.0543563352	-0.0007989629999999998	-0.0175435	-0.038787999999999996	0.00114081	-0.000195938	0.00146669
0.05768893300000001	-0.0943974943	-0.0152141587	-0.0319000445	-0.0239035905	-0.0134484987	0.08521202300000001	-0.0784098948	0.07388962639999999	-0.0665478783	0.0566649955	0.00267816	-0.0214803	-0.0501134	0.00156141	-6.89758e-05	0.00169812
0.081941699	-0.028145411600000003	-0.1241994824	-0.0366086576	0.0033206082	0.0405123028	0.0396960451	-0.0785619741	0.0744869079	-0.0678509792	0.0588823313	-0.000921009	-0.00310398	-0.026825400000000003	0.0011392000000000002	-0.00011079999999999996	0.00142859
0.024716369	-0.0801381149	-0.025458252	-0.1023423894	0.0779564289	-0.0242409813	0.0324971502	-0.0787061389	0.0750541746	-0.0690925657	0.061004769	0.00178001	-0.00869113	-0.0246458	0.00123904	-0.000117502	0.00160702
0.02241978600000001	6.698380000000001e-05	-0.0146918339	-0.0904690246	-0.0200342369	0.0227968734	0.054776607699999987	-0.0788423748	0.07559119780000001	-0.0702715121	0.0630288878	-0.000972588	-0.000251022	-0.0272529	0.00117884	-6.02424e-05	0.00155208
0.02715308100000001	-0.064093199	0.0612679597	-0.0995138133	-0.0044061401	0.0453719749	-0.098093848	-0.0789706681	0.0760977612	-0.0713867496	0.06495142570000001	0.00384557	-0.00440097	-0.019621700000000002	0.0010581	-2.75369e-05	0.00160971
0.051896819000000004	-0.0125029825	0.0354059091	0.0465891393	-0.0889692667	0.0533691427	0.0035931921000000007	-0.07909100570000001	0.0765736605	-0.0724372672	0.0667692842	-0.000969224	-0.012633700000000001	-0.030579099999999998	0.00135367	0.000105141	0.0017393
0.055728299000000016	-0.0436069657	-0.0515009413	0.0676969534	0.0276854633	-0.0108687983	-0.0612199009	-0.0792033756	0.0770187042	-0.0734221124	0.0684795334	-0.000855885	-0.00770589	-0.0141243	0.00102107	9.1874e-05	0.00140052
0.054018973	-0.0593578292	-0.0098925046	0.0634118012	-0.0436190006	-0.0591310711	0.0224318681	-0.0793077664	0.0774327128	-0.0743403923	0.0700794171	-0.0008556519999999999	-0.020659599999999997	-0.0321751	0.00131643	5.3229399999999996e-05	0.0015267999999999998
0.033929232000000004	-0.006474835799999999	-0.0221880487	0.0682675769	-0.0258163289	-0.0345078045	0.0383789078	-0.0794041677	0.0778155195	-0.07519127440000001	0.0715663568	-0.000874964	-0.0195311	-0.0267281	0.00109097	-0.000244849	0.00150365
0.025697003	-0.0858395668	0.0076888562	-0.0129570221	-0.0039401629	-0.0142144707	0.0472269733	-0.0794925697	0.07816697	-0.0759739873	0.072937956	-0.0009030170000000002	-0.0139982	-0.0307873	0.00121436	-0.000308106	0.00163854
0.05664147	-0.0360448009	-0.0261195228	0.0053765165	0.0168089027	0.0094917414	0.059587098099999986	-0.0795729635	0.0784869228	-0.0766878214	0.0741920043	-0.000918937	0.00210735	-0.0156844	0.000918451	-0.000165013	0.0015692
0.07075004199999999	-0.016646831100000002	-0.0593048699	-0.0193130553	0.0302810883	0.0157485627	0.0923457146	-0.079645341	0.0787752489	-0.0773321295	0.0753264804	0.00434214	-0.0142918	-0.0318896	0.00146285	-8.336969999999999e-05	0.00160085
0.04102862300000002	0.0408646918	-0.0517933043	0.0093977227	0.0658925437	0.0308176309	0.0460759396	-0.079709695	0.0790318321	-0.0779063275	0.0763395561	-0.0008919979999999999	0.00159524	-0.0192469	0.00150682	-5.0534799999999996e-05	0.00153236
0.045246207000000004	0.0970861395	0.0248500043	0.0574522386	0.05386484440000002	-0.0018389695	0.0325975471	-0.0797660189	0.079256569	-0.0784098948	0.0772295986	-0.00157184	-0.00295169	-0.032652	0.0012850200000000006	5.08319e-05	0.00132324
0.06596048500000001	0.2071628724	0.0676038347	0.0704412465	0.0302649353	0.1167036154	-0.0075348322	-0.0798143071	0.0794493692	-0.0788423748	0.07799517339999999	-0.00162114	0.0142196	-0.0511657	0.0013094300000000005	-0.00018852400000000005	0.000982482
0.046821985	0.1497400252	0.1016382141	0.013942719199999998	0.0889116777	0.0002274824	-0.0403640755	-0.0798545546	0.0796101548	-0.0792033756	0.0786350467	-0.00159916	0.007459129999999999	-0.0387167	0.0013317200000000006	-8.937129999999999e-05	0.00141285
0.034943862	0.1367467302	0.0863820864	0.061297113499999986	0.0382001947	-0.0260673745	-0.047011894500000005	-0.0798867576	0.0797388611	-0.0794925697	0.0791481873	0.000607177	0.00453254	-0.042614400000000004	0.00101023	-0.00022018599999999998	0.00147881
0.0217019373	0.1183221111	0.0965997021	0.128390537	0.0128696766	-0.022109329700000003	-0.0525742097	-0.0799109126	0.0798354362	-0.079709695	0.0795337681	9.689969999999999e-05	0.007017100000000001	-0.040175199999999994	0.0007890469999999998	-0.000123471	0.00147135
0.02015985030000001	0.1080780747	0.0685540575	0.12595702050000002	-0.034566284100000004	-0.0177339687	-0.0211983494	-0.0799270173	0.0798998413	-0.0798545546	0.0797911678	0.00252937	0.00591082	-0.0325506	0.000958725	-0.00013126299999999998	0.00147381
0.023746468	0.094717174	0.0188660123	0.1404358209	-0.0352955483	-0.0119666697	-0.0126610186	-0.07993507009999999	0.0799320503	-0.0799270173	0.0799199714	-0.000194503	0.00706088	-0.0350749	0.0007407419999999999	-4.36113e-05	0.00151514
