0.0	-0.0393622985	0.06727423469999999	-0.0284120888	0.0122616515	-0.0567099218	0.0236074753	0.07993507009999999	0.0799320503	0.0799270173	0.0799199714	-0.0112553	0.0501664	0.0471169	-0.00041301099999999997	-0.000491182	0.0
0.10529934	-0.0239287844	-0.0485585492	0.0741110535	-0.0857697284	-0.0118470228	-0.0539732432	0.0799270173	0.0798998413	0.0798545546	0.0797911678	-0.00606761	0.0413663	0.012117000000000001	-0.00139349	-0.000636936	0.0
0.13706221179999994	-0.0755859113	-0.0148334301	-0.0655809519	0.043018219100000005	0.024186458900000003	-0.0679339892	0.0799109126	0.0798354362	0.079709695	0.0795337681	-8.37482e-05	0.07596089999999997	0.0637266	-0.0006589069999999999	-0.000474036	0.0
0.10421520179999999	-0.0703132763	0.0181407285	0.0413229388	-0.0405536611	-0.0849134141	-0.0068341639	0.0798867576	0.0797388611	0.0794925697	0.0791481873	-0.00553705	0.0761923	0.0386615	-0.00169339	-0.000767179	0.00014168200000000002
0.06924443	-0.06575029730000001	-0.0870980081	-0.0277177641	0.0066575397	0.0216692442	-0.0772658072	0.0798545546	0.0796101548	0.0792033756	0.0786350467	-0.00667418	0.0608174	0.0318156	-0.0013973900000000005	-0.000287131	0.0
0.08914502	-0.0871946905	0.036632911	0.0042535604	0.0325966026	-0.0620575862	-0.0010017622	0.0798143071	0.0794493692	0.0788423748	0.07799517339999999	-0.010073	0.0916396	0.0549237	-0.00123255	-0.000636936	0.000121673
0.11392501	-0.0106618756	-0.07197715860000001	0.0299256734	0.0182885178	0.0263594212	-0.0393961271	0.0797660189	0.079256569	0.0784098948	0.0772295986	-0.00727268	0.054931100000000004	0.00723966	-0.00164552	-0.000636936	0.0
0.14410992	-0.0833503736	0.011917814	-0.048925523	0.0989669455	-0.0443042947	-0.00033777760000000003	0.079709695	0.0790318321	0.0779063275	0.0763395561	-0.00503975	0.0945671	0.0469654	-0.0007867269999999998	-0.000636936	0.00039151199999999995
0.10559838962000001	-0.0633616991	0.0273853166	0.0362909211	0.0124023836	-0.1118361585	-0.0433386121	0.079645341	0.0787752489	0.0773321295	0.0753264804	7.439619999999999e-06	0.07305969999999999	0.0215368	-0.00145817	-0.000422269	0.000205318
0.08151693838	-0.0914444546	-0.0586963589	-0.0356992709	0.092301894	-0.0042082013	-0.1064301014	0.0795729635	0.0784869228	0.0766878214	0.0741920043	0.000112828	0.09937180000000001	0.0470516	-0.00126995	-0.000148331	0.00033485300000000003
0.08760534800000001	-0.0683414719	0.0631096487	0.0134693776	0.0941205327	-0.148543688	-0.0792484217	0.0794925697	0.07816697	0.0759739873	0.072937956	-0.00787107	0.0995322	0.023467599999999998	-0.00189126	-0.000416931	0.000562484
0.04305536000000002	-0.08451322039999999	-0.1100134661	-0.0495379416	0.0195806872	-0.0150581154	-0.0935720376	0.0794041677	0.0778155195	0.07519127440000001	0.0715663568	-0.00819913	0.08495809999999998	0.029273900000000002	-0.00163115	-0.00034213	0.000450457
0.08833246999999997	-0.1140694535	0.0806593637	-0.0036352163	0.0876814418	-0.0783812266	-0.1033779702	0.0793077664	0.0774327128	0.0743403923	0.0700794171	-0.01165	0.12253800000000001	0.058497	-0.00173428	-0.000522077	0.000371962
0.09629585060000001	-0.06131161230000001	-0.1108904883	0.0190491983	-0.0266741326	-0.0739195631	-0.0955051485	0.0792033756	0.0770187042	0.0734221124	0.0684795334	2.79006e-05	0.08430079999999998	0.0136429	-0.00175103	-0.000522077	0.000385745
0.1175933306	-0.1017475901	0.0582781074	-0.0135335703	0.1001473229	0.0113909367	-0.0924459444	0.07909100570000001	0.0765736605	0.0724372672	0.0667692842	-0.008950329999999998	0.1154	0.055910900000000006	-0.00119201	-0.000575736	0.000293466
0.18612552647999997	-0.0160209666	-0.0499131976	0.0428414788	-0.0424542954	-0.1100024437	-0.0541976939	0.0789706681	0.0760977612	0.0713867496	0.06495142570000001	7.65048e-06	0.05235940000000002	0.0008601539999999999	-0.00221936	-0.00046935300000000004	0.000245675
0.12900135531999998	-0.0756082084	0.0482534628	-0.026549949	0.0457014658	0.0518746288	-0.0624950614	0.0788423748	0.07559119780000001	0.0702715121	0.0630288878	1.97098e-05	0.0816733	0.0254731	-0.000817074	-0.000522077	0.000199436
0.1424088278	0.0033861139	-0.0544656696	0.0423732514	-0.0097362069	-0.0941079822	0.0097836482	0.0787061389	0.0750541746	0.0690925657	0.061004769	4.39076e-05	0.030244200000000002	0.00652272	-0.0018081	-0.000869018	0.000301572
0.1428060576	-0.0986761589	0.0406776107	-0.0334276515	-0.0194097716	0.0367986891	-0.0044614356	0.0785619741	0.0744869079	0.0678509792	0.0588823313	-0.00900647	0.07077699999999999	0.0618021	-0.00132472	-0.0006686519999999999	0.000376696
0.18574549999999998	0.062199397300000014	-0.0302218967	0.0818787482	0.05499946	-0.049856462699999986	0.004163610999999999	0.0784098948	0.07388962639999999	0.0665478783	0.0566649955	0.00430437	-0.00604275	0.008605339999999998	-0.0009338269999999999	-0.000345107	0.000242771
0.079380815	0.0475643385	0.0502118502	-0.0771612441	-0.059006329800000014	0.0662627271	0.08308594	0.0782499164	0.0732625707	0.0651844444	0.0543563352	0.00126559	-0.00590615	-0.00462501	-8.57824e-05	-3.1309899999999996e-05	0.00014511100000000001
0.098172375	0.14913325859999998	-0.006115454100000001	0.0984223849	0.049703986500000005	0.0049041559	0.0738925733	0.078082055	0.0726059935	0.0637619136	0.051960071	0.00247045	-0.0250537	-0.032235599999999996	-0.0004412	0.000317644	-0.000154705
0.02554163000000001	0.1086220513	0.0331526189	-0.090535507	-0.1173954093	0.0468359987	0.1139417571	0.0779063275	0.0719201593	0.062281575599999986	0.0494800651	0.00128227	-0.0250524	-0.032225	-0.000229751	0.000577595	-0.00017013599999999999
0.06052213	0.1554157847	0.0358876135	0.0908714011	0.001521705	0.140419126	0.1214515272	0.0777227516	0.0712053446	0.0607447724	0.0469203142	-0.00228046	-0.025056400000000003	-0.0322378	-0.00122002	0.00043048699999999996	-0.000168661
0.050804145	0.1512475939	-0.014144619	-0.1006223765	-0.1072133597	0.0008139867	0.08764015970000001	0.07753134589999999	0.07046183730000001	0.0591528974	0.0442849438	-0.00227698	-0.043534500000000004	-0.047904699999999995	-0.000981975	0.00043048699999999996	-7.35927e-05
0.101974725	0.07372944440000001	0.0115712704	0.0621969866	-0.0344162147	0.1428228642	0.0907940975	0.0773321295	0.06968993700000001	0.0575073938	0.0415782013	-0.00227657	-0.025065	-0.007541039999999999	-0.00127755	-1.3297800000000005e-05	-0.00019705599999999998
0.065811347	0.0990776397	-0.0021773561	-0.0639943813	-0.0241145358	0.003580728	0.0385816317	0.0771251226	0.06888995490000001	0.0558097533	0.038804449	0.000326777	-0.0250495	-0.027737599999999998	-0.0009230000000000002	0.00036066699999999995	-0.00032846
0.112650391	0.0222370929	0.0010008366	0.0644714857	-0.0829939451	0.0626241782	0.0831484388	0.07691034599999999	0.0680622132	0.0540615151	0.0359681572	0.0008898279999999998	0.00211415	0.00139899	-0.00139157	0.000107239	6.5284e-05
0.112996888	0.1010715364	0.0116180075	-0.0636797555	0.0313936508	0.0490538405	0.0611497162	0.0766878214	0.06720704549999999	0.0522642642	0.0330738971	-0.00227442	-0.0250394	-0.027961	-0.00125014	0.000539503	-0.000427404
0.09757001	0.055030334400000006	0.0433872259	0.0388342471	-0.0821182916	-0.0029406135	0.0769002449	0.07645757110000001	0.0663247964	0.05041963	0.0301263332	-0.00227808	-0.00567275	-0.0130256	-0.00171863	0.000235395	6.5284e-05
0.10345811	0.0538355665	-0.0337014159	-0.0535089597	0.0135858102	0.1044809139	0.0070081375	0.0762196185	0.06541582139999999	0.0485292848	0.0271302159	0.00554197	-0.0185611	-0.00745439	-0.0006974419999999999	0.000521111	-0.000171382
0.10499808	0.0262757187	0.0633597263	0.0255609439	-0.0414942745	-0.0254533331	0.0729690262	0.0759739873	0.0644804868	0.046594942400000006	0.024090374	-0.00228119	-0.00166802	0.0012686100000000005	-0.00152504	-1.3297800000000005e-05	-0.000102212
0.14136219	0.1163033611	-0.0665202346	-0.014255002	-0.0287052259	0.06891457549999999	0.0402498247	0.0757207024	0.0635191694	0.044618356500000005	0.0210117067	-0.00224903	-0.0250408	-0.0353254	-0.000891277	0.0007014419999999999	-0.000380974
0.04436925	0.07781660280000001	0.1143231245	0.0007789977	0.0151845501	0.0551026809	0.0761860818	0.0754597894	0.0625322567	0.0426013192	0.0178991758	0.00073872	-0.0164547	-0.016525099999999997	-0.00101657	0.000551355	-0.000376452
0.04251307	0.0964316772	-0.0800346433	0.0438198412	-0.1244649313	0.0129917716	0.0244240824	0.07519127440000001	0.0615201462	0.0405456591	0.0147577975	-0.00227595	-0.0211423	-0.043165300000000004	-0.0009167689999999999	0.000614966	-0.000376452
0.08387221999999997	0.032055725800000004	0.06396177559999999	-0.0362434764	0.0117228429	0.1293665524	0.0520572626	0.0749151845	0.060483246	0.038453239900000005	0.0115926346	0.00155425	-0.00732477	0.00921154	-0.0008831639999999998	0.000425941	-0.000322129
0.09079026	0.0647357468	-0.0368863071	0.0380672086	-0.0603720742	-0.0135568708	0.0571161645	0.0746315476	0.0594219737	0.0363259585	0.0084087885	-0.00230094	-0.0250585	-0.025252599999999997	-0.00137888	0.00038186800000000016	-0.00016717400000000002
0.108392335	0.0161390686	0.015142086	-0.0324889015	-0.0028216712	0.1410413009	0.0643581155	0.0743403923	0.058336757	0.0341657437	0.0052113902	0.00395026	0.00520899	0.012362200000000002	-0.000834013	0.000347362	-6.13701e-05
0.13349575500000002	0.1084812831	0.0119741413	0.043814871	0.0012837028	-0.0280438171	0.0330863815	0.0740417477	0.0572280333	0.0319745538	0.002005593	-0.00230726	-0.0250489	-0.048273699999999996	-0.00107553	0.00017707200000000001	-0.000376452
0.09919601199999999	0.0027173915	0.0320998588	-0.0533472622	-0.0654558236	0.08005408950000001	0.0497029127	0.0737356442	0.0560962492	0.0297543755	-0.0012034366	-0.00230559	-0.0009102380000000001	0.00177238	-0.0009363969999999999	0.00040873300000000015	-0.000247054
0.065861162	0.0591922154	0.0106461872	0.0702816574	0.0675079611	0.0448980245	-8.216290000000001e-05	0.0734221124	0.0549418609	0.0275072215	-0.0044105266	0.00226503	-0.0250597	-0.018051499999999998	-0.00114498	0.00040037	-0.000376452
0.10551986	-0.0284023972	-0.0017767944	-0.0862966808	-0.0743416318	-0.0267887233	0.07500164620000001	0.07310118389999999	0.0537653335	0.0252351292	-0.007610508399999999	-0.00230209	0.00812694	0.0202412	-0.000577059	0.00042191699999999995	-0.000376452
0.07533907	0.0175640586	0.0382236909	0.0931794822	0.0357393102	0.0909154551	-0.0354430837	0.0727728912	0.052567141100000006	0.0229401584	-0.0107982247	-0.00230392	-0.0028344999999999998	0.0101457	-0.00158811	0.000347362	-0.000376452
0.05234683	0.0103987726	-0.0661392422	-0.0926563917	0.0123681178	-0.0558744891	6.415779999999999e-05	0.0724372672	0.0513477665	0.0206243899	-0.0139685379	-0.00230302	0.00085366	0.00533368	-0.000875408	0.000347362	-0.00021223900000000005
0.05362033	-0.011878368	0.0749439362	0.0727840968	-0.0502552906	0.022627628	6.162109999999999e-05	0.0720943458	0.050107701	0.0182899231	-0.0171163386	0.00602213	0.00490534	0.00931943	-0.00155922	0.000347362	-0.000150896
0.055287107000000016	0.012768831299999998	-0.0834752549	-0.0409651247	0.0210296388	0.0330948411	-0.0604654593	0.0717441615	0.0488474444	0.0159388744	-0.0202365536	0.00258871	-0.00930995	0.0007861329999999997	-0.00135999	0.000639672	-0.000241458
0.09492194200000002	-0.0395139543	0.0529432275	0.0328180893	-0.0026888624	-0.0423251781	0.032446482900000004	0.0713867496	0.0475675045	0.0135733754	-0.0233241543	-0.00334084	0.0209726	0.020271400000000002	-0.00155922	8.866949999999998e-05	-0.000207199
0.103767875	0.0220467302	-0.0769395163	-0.0316671313	0.0229193318	0.0789591307	-0.0121212795	0.0710221462	0.046268397	0.0111955706	-0.0263741644	-0.00145928	0.00087971	-0.012062999999999999	-0.000984004	0.000429057	-0.000280776
0.07823017	-0.0118493166	0.0748230043	0.0127052184	0.0589503988	-0.0474459492	0.0475206249	0.0706503878	0.0449506455	0.0088076158	-0.0293816684	-0.00170376	0.0153195	0.020349900000000004	-0.0014435000000000001	0.000347362	-0.000199307
0.102145316	0.0067061898	-0.0675567484	-0.0021610977	-0.051755345300000005	0.0072341306	-0.0035445493	0.0702715121	0.0436147809	0.006411676	-0.0323418192	0.00299242	0.000863664	-0.0160611	-0.000935776	0.0007434899999999998	-0.00022710099999999998
0.137626456	-0.043678975300000006	0.05279064940000002	-0.0013109522	0.0480504219	0.0195897894	-0.0347672188	0.0698855571	0.0422613414	0.0040099232	-0.0352498461	-0.0022114	0.026164599999999996	0.03893630000000002	-0.00133685	0.000251429	-0.000376452
0.13580984599999998	0.011943046	-0.0894297676	0.016047006200000002	-0.0461168886	-0.0668075231	0.0272723062	0.06949256179999999	0.0408908726	0.001604535	-0.0381010623	0.00525723	0.0008677339999999999	-0.024201300000000002	-0.000935776	0.00064849	-0.000376452
0.098878496	-0.0538697011	0.06534240870000001	-0.0160554199	0.0277461007	0.0792095767	-0.0363482391	0.0690925657	0.0395039266	-0.0008023078999999999	-0.0408908726	-0.0016719	0.0211616	0.0214885	-0.000935776	0.00022144599999999998	-0.000284182
0.12304653999999995	0.048704923	-0.0790135479	0.039391651	0.0324245209	-0.0678206703	-0.028305883700000006	0.0686856091	0.0381010623	-0.0032084234000000003	-0.0436147809	0.00168114	-0.017339	-0.028033	-0.0008395910000000001	0.0006664189999999999	-0.000376452
0.11559505	-0.0697773911	0.0842845598	-0.0419137461	-0.0621414613	-0.0236385399	-0.0134885301	0.068271733	0.0366828449	-0.0056116301	-0.046268397	0.00370634	0.020471299999999998	0.0224898	-0.000935776	0.00035763900000000004	-0.000276682
0.11267873	0.0158338417	-0.0643863124	0.0726046753	0.0384341393	0.0313429545	-0.0536578912	0.0678509792	0.0352498461	-0.0080097493	-0.0488474444	0.0145495	-0.00988627	-0.022489500000000003	-0.00118896	0.000471746	-0.000439365
0.09447803999999996	-0.0531756316	0.0650668101	-0.0952946829	-0.0082478361	-0.06247346030000001	0.0136572231	0.06742339	0.0338026431	-0.0104006067	-0.0513477665	-0.00206255	0.00833332	0.011987600000000001	-0.0007484869999999999	0.000471746	-0.000376452
0.07387492699999999	-0.0049821683	-0.0215678193	0.1111447584	-0.0377544198	0.0066383721	-0.0260587156	0.0669890084	0.0323418192	-0.0127820349	-0.0537653335	0.00475056	0.000889703	-0.016661599999999995	-0.00129825	0.00040212900000000004	-0.000376452
0.08941279699999999	-0.0528465704	-0.0038353245	-0.1095500752	0.0567365797	0.011724482	-0.06763972900000001	0.0665478783	0.030867963	-0.0151518747	-0.0560962492	0.00173216	0.0157326	0.0119447	-0.0007806259999999998	0.0007434089999999999	-0.000376452
0.074409352	-0.0286805128	0.0123309937	0.0742061921	0.002058378	-0.0959391375	0.0122975783	0.0661000441	0.0293816684	-0.0175079777	-0.058336757	-0.000431722	0.011667	-0.00520517	-0.00145834	0.000471746	-0.000305229
0.07103905200000002	-0.032662015	-0.0145619635	-0.0697665784	-0.0159041307	0.016448545	-0.0717507206	0.06564555080000001	0.0278835343	-0.0198482077	-0.060483246	0.00420501	0.00620065	0.011979	-0.0008152679999999999	0.0006959739999999999	-0.000297493
0.06847974000000001	-0.0380205411	0.0140168041	0.0702783271	0.07567132230000001	-0.0361056777	-0.0151425434	0.0651844444	0.0263741644	-0.0221704431	-0.0625322567	-0.00779857	0.008740259999999998	0.019352599999999998	-0.00144334	0.000471746	-0.000376452
0.09493724	0.0095363595	0.0078298675	-0.0581518591	-0.0546337143	-0.0579899379	-0.0100462879	0.0647167712	0.0248541669	-0.0244725786	-0.0644804868	-0.00204001	-0.00767197	-0.0110534	-0.000778747	0.000654362	-0.000376452
0.06284356999999999	-0.0073685405	0.0031753277	0.072446365	0.0190298419	0.0599274383	-0.0311396419	0.0642425783	0.0233241543	-0.026752527	-0.0663247964	-0.00101456	0.0120619	-0.0028246	-0.00127324	0.000471746	-0.000376452
0.08960373699999999	0.0339773685	-0.0130842077	-0.0720241028	0.0114969625	-0.0636583968	0.0054166393000000005	0.0637619136	0.0217847431	-0.0290082213	-0.0680622132	-0.000734823	-0.0115304	-0.024794099999999996	-0.00039799599999999996	0.000471746	-0.000376452
0.10293598069999996	-0.0494290596	0.005894611	0.0520539655	-0.0629741226	0.0057172697	0.0078180802	0.0632748254	0.0202365536	-0.0312376164	-0.06968993700000001	-0.00174491	0.015687	8.18437e-05	-0.00128828	0.00036537900000000004	-0.000376452
0.0987678537	0.0549485664	-0.0586692565	-0.0259301973	0.071251733	0.0050707354	-0.0293136933	0.0627813628	0.0186802098	-0.0334386912	-0.0712053446	-0.00167635	-0.015237299999999999	-0.0307611	-0.00087003	0.0005119780000000001	-0.000550244
0.12300855	-0.0177566292	0.0630558457	-0.0098823018	-0.029582803	-0.049200801	0.0256915947	0.062281575599999986	0.0171163386	-0.035609450099999995	-0.0726059935	-0.00294584	0.00688559	0.0143398	-0.00128828	1.37146e-05	-0.000376452
0.07588715899999998	-0.0671759341	-0.0371152284	0.0018760444	-0.0006435664	0.0242911738	-0.0159391056	0.061775514	0.0155455703	-0.037747925	-0.07388962639999999	-0.00293138	0.0009400210000000001	-0.0105777	-0.00203236	-0.000142398	-0.000376452
0.182185049	-0.0766064208	-0.0334150381	0.0158156005	0.0865969117	0.0049988796000000005	0.0544347837	0.0612632291	0.0139685379	-0.0398521774	-0.0750541746	-0.0176707	0.027151599999999998	0.057392200000000004	-0.00289842	-0.0005580580000000001	-0.000560017
0.27114945	0.0232574018	-0.0126903619	-0.0456011424	0.0665655552	-0.1225046483	-0.0257788771	0.0607447724	0.0123858767	-0.0419202993	-0.0760977612	-0.0123225	-0.0421035	-0.0108488	-0.0007419989999999999	-0.00035878900000000004	-0.00077043
0.12814267099999999	-0.0449282761	0.006149913000000001	0.0089117711	-0.0222538215	-0.0416009846	0.0322136786	0.0602201963	0.0107982247	-0.0439504158	-0.0770187042	-0.0141376	-0.000608079	0.01577	-0.00170056	-0.00025964099999999996	-0.000876988
0.11448468099999999	0.0198090062	-0.0108844064	0.0146892166	0.010099926	0.0229095257	-0.0749828704	0.0596895534	0.0092062214	-0.0459406864	-0.0778155195	-0.00289991	-0.0265094	-0.015525899999999999	-0.00121316	9.91184e-05	-0.000802152
0.08831927	-0.0558268688	-0.018510782	-0.0040817861	0.03445645	0.0436139893	0.0036963616	0.0591528974	0.007610508399999999	-0.0478893067	-0.0784869228	-0.00983966	0.00848155	0.0193275	-0.00121316	-6.297199999999999e-05	-0.000870765
0.19533869	0.1803310466	0.0311017267	0.0483864559	0.1159328128	-0.0907205459	0.0488634663	0.0586102822	0.0060117288	-0.0497945101	-0.0790318321	-0.00291632	-0.051264699999999996	-0.0583526	-0.0007679910000000001	0.000511639	-0.000870765
0.08969942	0.2453471339	0.1357242929	-0.0975839955	-0.1428715164	-0.0271564193	-0.2009006608	0.0580617626	0.0044105266	-0.0516545692	-0.0794493692	-0.0013976	-0.013541999999999998	-0.08083419999999998	-0.000554747	0.00033516300000000003	-0.000700957
0.08626637	0.059434534	0.0390118098	0.0019411261	-0.0401954274	0.07737635150000001	-0.06477989370000001	0.0575073938	0.0028075473	-0.0534677978	-0.0797388611	-0.00416937	-0.00818015	-0.043082999999999996	-0.00119257	0.00033516300000000003	-0.000870765
0.04823258	-0.0119585985	-0.0279457852	-0.0464063368	-0.0632655332	-0.02064981	0.0488952313	0.0569472315	0.0012034366	-0.0552325519	-0.0798998413	-0.00669055	0.00837685	-0.0206801	-0.0013276	0.00033516300000000003	-0.000870765
0.08239745999999999	-0.0357542559	0.0223605739	0.0318588117	0.012579768799999998	0.08796983289999999	0.0138967695	0.05638133240000001	-0.000401159	-0.0569472315	-0.0799320503	-0.0117513	-0.00214296	0.0276998	-0.00169634	0.00033516300000000003	-0.000870765
0.12185154	0.0297264674	-0.0110505492	-0.0039026518	-0.0034393518	-0.0007210007000000001	-0.0218419069	0.0558097533	-0.002005593	-0.0586102822	-0.0798354362	-0.010401899999999999	-0.031055400000000007	-0.038701400000000004	-0.00119257	0.00033516300000000003	-0.000870765
0.12213332	-0.0532243767	-0.0190357878	0.0159676877	-0.0841093722	-0.0267337904	0.0542632358	0.0552325519	-0.0036092188	-0.0602201963	-0.0796101548	-0.0157594	0.008383589999999998	-0.00455397	-0.00160349	-0.000117705	-0.000870765
0.017180795000000002	-0.0156158008	-0.0520642435	0.0164285909	-0.001361854	0.0816645267	-0.0253898717	0.0546497862	-0.0052113902	-0.061775514	-0.079256569	-0.016826299999999995	0.00838358	-0.0196321	-0.00160349	-9.69909e-05	-0.0008707639999999999
0.059450075	-0.07673369099999999	0.0034058065	-0.009547747	-0.046505982300000005	-0.0280451963	0.0704781049	0.0540615151	-0.0068114617	-0.0632748254	-0.0787752489	-0.016859700000000002	0.0106405	0.0196043	-0.00160349	-0.000258362	-0.00106786
0.05776255	-0.0285503992	-0.0214476062	0.0501484446	-0.0166343742	0.0069982459	0.0080914216	0.0534677978	-0.0084087885	-0.0647167712	-0.07816697	-0.016833	-0.0014914000000000001	-0.012911400000000005	-0.00166816	-0.000258362	-0.000870765
0.07730275	-0.0742315166	-0.0219957443	-0.052150314100000005	0.031311333399999995	-0.01424846	0.0750221179	0.052868694	-0.0100027269	-0.0661000441	-0.0774327128	-0.0168362	0.00838515	0.0409412	-0.00186395	-0.000258362	-0.0009463830000000001
0.1164145	0.0077510995999999985	0.0120676631	0.0761099433	0.007244830600000002	0.0069373385	0.0328244387	0.0522642642	-0.0115926346	-0.06742339	-0.0765736605	-0.0168115	-0.015481899999999996	-0.0138678	-0.00215685	0.000127394	-0.0008707639999999999
0.08053420000000001	-0.0087200758	-0.0470008637	-0.06829338759999999	0.06543499700000001	0.0019040995	0.0698326918	0.0516545692	-0.0131778711	-0.0686856091	-0.07559119780000001	-0.0114672	-0.0194035	0.0119891	-0.00142166	0.000300432	-0.0008707639999999999
0.09262089	0.0329727563	0.0774462276	0.06153887650000001	0.0031907062	-0.0249751996	0.0204591045	0.0510396705	-0.0147577975	-0.0698855571	-0.0744869079	-0.00311261	-0.0258728	-0.026683799999999997	-0.00189975	0.000507999	-0.0007739389999999999
0.060267504999999985	0.0009062978	-0.0933983417	-0.0567862194	0.0637296993	0.023376797	-0.0206765357	0.05041963	-0.0163317771	-0.0710221462	-0.0732625707	-0.000395855	-0.023657400000000002	-0.0041421999999999995	-0.00153994	0.0007628289999999999	-0.0007327039999999999
0.098417015	-0.0421001674	0.1154200566	0.0238603847	0.0430303701	-0.06400230230000001	0.0018249528	0.0497945101	-0.0178991758	-0.0720943458	-0.0719201593	-0.0147821	-0.00786553	0.0192481	-0.00194673	0.00041070699999999996	-0.0008707639999999999
0.05888219	-0.0075105887	-0.0741813131	0.0077890618	0.0409714603	0.01248173	-0.1083980887	0.0491643739	-0.0194593619	-0.07310118389999999	-0.07046183730000001	-0.011604399999999999	-0.025875	-0.00757542	-0.00190093	0.0005823369999999999	-0.0008707639999999999
0.06820487000000001	-0.0686422512	0.0910155245	-0.0361271378	0.0507140526	-0.0727381461	0.0036939371	0.0485292848	-0.0210117067	-0.0740417477	-0.06888995490000001	-0.0116068	0.008906199999999998	0.0200783	-0.00196285	0.000528907	-0.000870763
0.07187814999999999	-0.0415488714	-0.0623020429	0.0236634604	-0.0001377652	0.0352708575	-0.0917157455	0.0478893067	-0.0225555848	-0.0749151845	-0.06720704549999999	-0.011591500000000001	-0.005461199999999999	-0.0134548	-0.00217332	0.0006070380000000001	-0.0006801169999999999
0.07344754	-0.0743276193	0.0598843349	-0.0406071492	0.0424164361	-0.0588160219	0.008008936099999999	0.0472445043	-0.024090374	-0.0757207024	-0.06541582139999999	-0.0115944	0.00925565	0.00877754	-0.0017223	0.00033538400000000004	-0.000672882
0.06342581	-0.0393982131	-0.0431253605	0.0603174746	-0.054277386100000005	0.0378105457	-0.0781988762	0.046594942400000006	-0.0256154559	-0.07645757110000001	-0.0635191694	-0.00652573	-0.0104777	-0.023186000000000002	-0.00177856	0.00041070699999999996	-0.0006745039999999999
0.12109411999999994	-0.1036541532	0.0088046488	-0.0514553383	0.0320755558	0.0089010318	-0.0264788113	0.0459406864	-0.0271302159	-0.0771251226	-0.0615201462	-0.0116131	0.021787099999999997	0.035568	-0.00147506	0.00041070699999999996	-0.000870763
0.09734693	-0.044178256	-0.0100673342	0.0816621129	-0.0472447295	-0.0339389219	-0.002243736	0.0452818024	-0.0286340436	-0.0777227516	-0.0594219737	-0.0116049	0.00584642	-0.0127606	-0.00189647	0.000583918	-0.0008039949999999997
0.08589894	-0.0737528743	-0.0427177487	-0.0722856246	0.07221261309999999	0.0099172243	-0.04692966900000002	0.044618356500000005	-0.0301263332	-0.0782499164	-0.0572280333	-0.011610500000000001	0.00355813	0.0269209	-0.0012882	0.000787351	-0.000870763
0.09104883	-0.0494511315	0.007626604300000002	0.0506472462	-0.0369415452	-0.0787309506	-0.0117358942	0.0439504158	-0.0316064831	-0.0787061389	-0.0549418609	-0.00823562	-0.00336738	-0.00689684	-0.00205746	0.00070017	-0.00078859
0.07671706000000003	-0.0696858348	-0.0754140236	-0.0535450822	0.0274935336	0.0594462689	-0.0460235704	0.0432780475	-0.0330738971	-0.07909100570000001	-0.052567141100000006	-0.00365172	0.00621479	0.023383599999999997	-0.00161034	0.00089519	-0.0007853189999999999
0.06426200000000001	-0.06952873700000001	0.0328689305	0.0414071405	0.0304925039	-0.0896236708	0.0297574494	0.0426013192	-0.0345279838	-0.0794041677	-0.050107701	-0.00586121	0.014015799999999998	0.013290600000000001	-0.00223126	0.000660472	-0.000757787
0.057026830000000014	-0.039003871	-0.0599364522	-0.046026197000000005	-0.011859042	0.0147440117	-0.0195519992	0.0419202993	-0.0359681572	-0.079645341	-0.0475675045	-0.00979814	-0.00274287	0.00334872	-0.00179544	0.0005758709999999999	-0.000750421
0.035657470000000004	-0.0559668027	0.0487303285	0.0496660597	0.06982362730000001	-0.0178790504	-0.0273177064	0.0412350562	-0.0373938371	-0.0798143071	-0.0449506455	-0.00978949	0.00538089	0.007607629999999998	-0.00206864	0.00041070699999999996	-0.000723462
0.12718739	-0.008114576	-0.0692508484	-0.0327688899	-0.0411071237	-0.0838068229	-0.0142096513	0.0405456591	-0.038804449	-0.0799109126	-0.0422613414	-0.00460762	-0.014968799999999999	-0.0225779	-0.0012355	0.000859673	-0.0008707619999999998
0.11820378	-0.042489226	0.0390325324	0.0394625752	0.040555199900000005	0.0785695021	-0.0405631016	0.0398521774	-0.0401994245	-0.07993507009999999	-0.0395039266	-0.0097845	0.00614387	-0.00562047	-0.00206926	0.00041070699999999996	-0.000654352
0.12730188	0.0426584755	-0.0757725378	-0.0186080984	0.0281591488	-0.1087067213	0.010620724	0.0391546809	-0.0415782013	-0.0798867576	-0.0366828449	-0.00569227	-0.0204925	-0.0375218	-0.00127265	0.000858426	-0.000703462
0.11187947	-0.0496365528	0.0761184955	0.0165121017	-0.0886852344	0.0052393819	-0.0177112803	0.038453239900000005	-0.0429402241	-0.0797660189	-0.0338026431	-0.00978837	0.00313852	-0.012158200000000001	-0.00198177	0.00041070699999999996	-0.0007223979999999999
0.09627011	0.0122043022	-0.1244889861	0.0025834667	0.0219293696	0.003083407	-0.0391753389	0.037747925	-0.0442849438	-0.0795729635	-0.030867963	-0.00590928	-0.015087200000000004	-0.0237209	-0.00119039	0.0008109339999999999	-0.0007828429999999998
0.06640702	-0.0500166872	0.0916213233	-0.0178240028	-0.019754321	-0.0351075223	0.0262931302	0.037038807400000005	-0.0456118188	-0.0793077664	-0.0278835343	-0.00979004	0.00186311	0.0016129000000000002	-0.00144105	0.0006950989999999999	-0.0007444949999999999
0.09365794	0.0413836279	-0.1164584048	0.0766301146	0.0211949721	0.0155191123	-0.0403102555	0.0363259585	-0.0469203142	-0.0789706681	-0.0248541669	-0.007311609999999999	-0.0192086	-0.0350409	-0.00105221	0.000942571	-0.000777263
0.07090933	-0.050047887	0.0991174025	-0.08439597539999999	-0.0323724665	-0.028354594	0.0737406813	0.035609450099999995	-0.0482099028	-0.0785619741	-0.0217847431	-0.00728652	-0.00792614	0.00159418	-0.00136525	0.000832686	-0.000740854
0.07614835	0.0352534962	-0.07892508919999999	0.1163350464	-0.0341276473	0.0373017675	-0.0026610093	0.0348893543	-0.0494800651	-0.078082055	-0.0186802098	-0.00379751	-0.015388800000000001	-0.046507099999999996	-0.00155426	0.000933337	-0.0006886069999999999
0.07975297	-0.0039159778	0.0434891707	-0.1325731577	0.0490784984	0.0186449643	0.0193653232	0.0341657437	-0.0507302891	-0.07753134589999999	-0.0155455703	-0.00978193	-0.017643400000000004	-0.0189923	-0.000945738	0.000769805	-0.000796536
0.06524310999999999	-0.0072175135	-0.0387815528	0.114287624	-0.0491091358	-0.0825696153	0.0108852157	0.0334386912	-0.051960071	-0.07691034599999999	-0.0123858767	-0.00975797	-0.011131700000000001	-0.025585	-0.0016495999999999998	0.00074193	-0.00048597800000000003
0.07108629999999999	0.0103085782	0.0062585283	-0.0954702226	0.0149001062	0.0472296072	-0.046554089900000005	0.03270827	-0.0531689154	-0.0762196185	-0.0092062214	-0.00657707	-0.017631400000000002	-0.0325765	-0.00109573	0.00099198	-0.0007703419999999999
0.03817708	-0.0026478822	-0.0144365017	0.05790772	0.0392992373	-0.0292104354	0.0192684203	0.0319745538	-0.0543563352	-0.0754597894	-0.0060117288	-0.00361564	-0.017642500000000002	-0.028740300000000007	-0.00167011	0.0009504139999999999	-0.0007589209999999999
0.08109133	0.0847383258	0.0334559774	-0.0525091843	-0.0347834334	-0.0569874322	0.014903209099999997	0.0312376164	-0.0555218517	-0.0746315476	-0.0028075473	-0.00675987	-0.023099500000000002	-0.0596611	-0.00104169	0.00104154	-0.0008707609999999997
0.08069231000000003	0.0308600847	-0.0265762677	0.0560671116	-0.022531166600000003	0.0980781338	0.021331519500000003	0.0304975321	-0.0566649955	-0.0737356442	0.000401159	-0.00744593	-0.0176983	-0.033546	-0.00179618	0.00097952	-0.0007174719999999999
0.08632963999999999	0.0837658401	0.0406053852	-0.0434717529	0.0432881268	-0.030371063	0.0802142456	0.0297543755	-0.0577853059	-0.0727728912	0.0036092188	-0.00776847	-0.0364825	-0.0453469	-0.0007144689999999999	0.000990333	-0.0007015560000000001
0.08809095094999997	0.0574764408	0.023852341000000003	0.0535743065	-0.1122338528	0.0487826862	-0.0527558938	0.0290082213	-0.0588823313	-0.0717441615	0.0068114617	2.68095e-06	-0.0177015	-0.051130800000000004	-0.00157923	0.000982468	-0.000459084
0.061446800949999984	0.0611920884	0.0085097212	-0.0459673341	0.0606299701	0.0431874139	0.0481853591	0.0282591448	-0.059955629800000014	-0.0706503878	0.0100027269	-0.00556912	-0.028948599999999998	-0.03996280000000002	-0.0011455	0.00106457	-0.00061245
0.09794824	0.0509759847	0.0233876476	0.0699539481	-0.1201634874	6.5612e-05	-0.009124131	0.0275072215	-0.061004769	-0.06949256179999999	0.0131778711	-0.00215278	-0.017681099999999998	-0.0654869	-0.00150361	0.0006815	-0.000198824
0.08219839999999999	0.0588631671	-0.0245707908	-0.0446642006	0.06924396370000001	0.0910744935	0.0729338359	0.026752527	-0.0620293259	-0.068271733	0.0163317771	-0.00979013	-0.030597000000000006	-0.0479126	-0.00109259	0.0007542039999999999	-0.000596517
0.050573010000000015	0.073285607	0.0320877959	0.0227792818	-0.0281859302	-0.0502921333	0.0197393095	0.0259951375	-0.0630288878	-0.0669890084	0.0194593619	-0.00977497	-0.032919199999999996	-0.07445299999999999	-0.00125787	0.0009349110000000001	-0.000508599
0.05358291000000001	0.0377240748	-0.0128422188	-0.0628516796	-0.0120493573	0.07883118139999999	0.0654038546	0.0252351292	-0.06400305190000001	-0.06564555080000001	0.0225555848	-0.00975861	-0.0285118	-0.052103	-0.00083789	0.000930979	-0.00062087
0.064603	0.055631768099999986	0.056163245	0.031579609	0.0385796723	0.02451542	-0.0195307256	0.0244725786	-0.06495142570000001	-0.0642425783	0.0256154559	-0.00708786	-0.030843000000000002	-0.06640610000000001	-0.00166898	0.000886295	-0.000651055
0.05035026000000002	0.0494255154	-0.024289286	-0.0378364713	-0.0397761306	-0.0394268097	0.1021407833	0.0237075627	-0.065873627	-0.0627813628	0.0286340436	-0.00977502	-0.0317618	-0.061083300000000014	-0.0008773159999999997	0.0008697159999999997	-0.000671242
0.05334580000000001	0.0534414974	0.0553985526	0.0183195962	-0.0198495042	0.08182263440000001	-0.0213359927	0.0229401584	-0.0667692842	-0.0612632291	0.0316064831	-0.00564487	-0.0176942	-0.067885	-0.0012916300000000006	0.0007764599999999998	-0.0007305989999999999
0.058624769999999986	0.0600800785	0.006981340999999999	-0.0100842781	0.0085866613	-0.0104154006	0.0567237718	0.0221704431	-0.0676380363	-0.0596895534	0.0345279838	-0.0034213	-0.0307065	-0.059724300000000015	-0.0009505560000000001	0.000940412	-0.000531061
0.10047383	0.0463124318	0.0458928297	0.0360853171	-0.1231182595	0.046691448600000005	-0.0153202974	0.0213984944	-0.0684795334	-0.0580617626	0.0373938371	0.009261330000000005	-0.017672799999999995	-0.0519414	-0.00192979	0.00116684	-0.000397231
0.07927729999999998	0.0416523558	-0.0110318828	-0.0266029491	0.0690756861	0.0711824496	0.0663787661	0.0206243899	-0.0692934363	-0.05638133240000001	0.0401994245	-0.00389567	-0.0311185	-0.0378421	-0.00139806	0.00113154	-0.0006017069999999999
0.04866742	0.0741534625	0.0428091753	0.0201769319	-0.0553710451	-0.0310302305	0.0016375441	0.0198482077	-0.0700794171	-0.0546497862	0.0429402241	0.00208235	-0.030695999999999998	-0.07221489999999997	-0.00136123	0.00113154	-0.000480655
0.05871957	0.0418864024	-0.0316167216	-0.0422496243	0.0122975293	0.1154093008	0.1076058906	0.019070026	-0.07083715900000001	-0.052868694	0.0456118188	-0.00255177	-0.030844	-0.0485233	-0.00134504	0.000706255	-0.0006440969999999999
0.08711538699999999	0.1227350792	0.0592604041	0.0201008686	0.0446786776	-0.0105197705	0.0097280549	0.0182899231	-0.0715663568	-0.0510396705	0.0482099028	0.000349417	-0.0465385	-0.0765073	-0.00159597	0.00113154	-0.000509598
0.07138045700000001	0.0552076475	-0.0063414287	-0.0554526149	-0.0613938014	0.0154730504	0.0857638109	0.0175079777	-0.07226671650000001	-0.0491643739	0.0507302891	-0.00817984	-0.038654400000000005	-0.0542774	-0.00120452	0.0009469330000000001	-0.000588285
0.03961962999999999	0.0504467162	0.0360663755	0.0349544934	0.0327578138	0.1004966313	-0.0677321209	0.016724268400000002	-0.072937956	-0.0472445043	0.0531689154	-0.008189069999999998	-0.032595599999999995	-0.0574026	-0.00162554	0.000778915	-0.000607775
0.045590619999999984	0.0054513695	-0.0245735661	-0.0787824546	-0.0273234686	-0.0249379252	0.0749345376	0.0159388744	-0.07357980480000001	-0.0452818024	0.0555218517	-0.0081794	-0.0315476	-0.0302639	-0.00141788	0.0009112160000000001	-0.000599851
0.06382494999999999	0.0189376588	0.0655662354	0.06890194919999999	-0.0565227989	0.0178016625	-0.0586939854	0.0151518747	-0.0741920043	-0.0432780475	0.0577853059	-0.00330755	-0.0249487	-0.04389969999999999	-0.00176673	0.000647859	-0.00043769
0.04890743	0.0123215655	-0.0890448715	-0.0617962302	0.0309160932	0.0447749068	0.0020952220000000003	0.0143633485	-0.0747743077	-0.0412350562	0.059955629800000014	-0.008203679999999998	-0.029776	-0.0417877	-0.00119972	0.000647859	-0.00061212
0.037785950000000006	-0.0024311423	0.0780736033	0.0330917097	-0.0156157592	-0.0810011828	-0.029876781600000006	0.0135733754	-0.0753264804	-0.0391546809	0.0620293259	-0.00820733	-0.0226466	-0.0444598	-0.00171418	0.000647859	-0.000566964
0.07100626	0.0332772013	-0.0537365194	-0.0248617076	-0.0413397859	0.0549924515	-0.0138322276	0.0127820349	-0.07584830000000001	-0.037038807400000005	0.06400305190000001	-0.008165469999999998	-0.026500599999999996	-0.0560692	-0.00125097	0.00111016	-0.000751473
0.08494319999999997	-0.0040211149	0.03712873	0.0140952164	0.0316214458	0.0344006064	-0.055076296100000005	0.0119894067	-0.0763395561	-0.0348893543	0.065873627	-0.00319526	-0.009851360000000005	-0.0301084	-0.00168154	0.0009430520000000002	-0.0006018919999999999
0.04034419	0.0101139667	-0.050271784400000005	-0.0198872448	-0.0189647553	-0.0456867112	0.0868185831	0.0111955706	-0.0768000508	-0.03270827	0.0676380363	-0.00479951	-0.025919599999999998	-0.030117	-0.00133472	0.00103483	-0.000616556
0.06477816	-0.0180026932	0.0644233211	0.0214237311	-0.0608486905	0.07604581889999999	-0.0726374991	0.0104006067	-0.0772295986	-0.0304975321	0.0692934363	-0.00820614	-0.00725102	-0.0448571	-0.00153218	0.00081652	-0.0007600429999999999
0.06311528999999999	-0.034013784	-0.06470225809999999	-0.001263824	0.0374836178	-0.0004966252	0.0746768301	0.0096045951	-0.0776280263	-0.0282591448	0.07083715900000001	-0.00820995	-0.0196193	-0.0301283	-0.00109364	0.000647859	-0.000646956
0.080388425	0.0010518637	0.0772448069	0.0391576816	-0.057353537300000014	-0.0112713721	-0.0405136333	0.0088076158	-0.07799517339999999	-0.0259951375	0.07226671650000001	-0.000211075	-0.0236667	-0.052904099999999996	-0.00148318	0.00112636	-0.00060367
0.07787486460000001	-0.0737247647	-0.0888555524	-0.0217706709	0.0524377158	0.08587269789999999	0.046749564900000005	0.0080097493	-0.078330892	-0.0237075627	0.07357980480000001	4.59196e-05	-0.0146731	-0.00781613	-0.00151537	0.0009132739999999999	-0.00082912
0.0705625996	0.0040663358	0.08007510820000001	0.055254602400000005	0.0644594504	-0.08188694190000001	-0.0257633446	0.0072110759	-0.0786350467	-0.0213984944	0.0747743077	-0.00695671	-0.0150889	-0.0523538	-0.00149526	0.00105962	-0.0006234459999999999
0.04652362	-0.0872946711	-0.1253377303	-0.0697326652	-0.0586487868	-0.011191557	-0.0101315719	0.006411676	-0.07890751509999999	-0.019070026	0.07584830000000001	-0.00319602	-0.007244569999999999	-0.0201967	-0.0014613	0.00103835	-0.0006234459999999999
0.032442085	-0.018433687	0.106975226	0.0738919546	0.0908851355	0.0285524885	-0.075865765	0.0056116301	-0.0791481873	-0.016724268400000002	0.0768000508	-0.000294425	-0.00724448	-0.036370599999999996	-0.00151868	0.000964657	-0.000759703
0.09416775799999998	-0.0031212898	-0.159336407	-0.0575811559	-0.0511406775	-0.0925975585	0.0191934442	0.004811019000000001	-0.07935696639999999	-0.0143633485	0.0776280263	-0.00044101300000000003	-0.029607400000000002	-0.062395400000000004	-0.000926371	0.00114876	-0.0006234459999999999
0.12240097800000001	-0.07030600969999999	0.1544555538	0.0462175959	-0.0094038786	0.025223712	-0.022230129100000003	0.0040099232	-0.0795337681	-0.0119894067	0.078330892	0.000152165	-0.007242799999999998	-0.012137	-0.00166928	0.0009079730000000001	-0.0006234459999999999
0.089854379	-0.0102207004	-0.1617941395	0.0045234757	0.021468558	-0.0023488445000000003	-0.0708291027	0.0032084234000000003	-0.0796785214	-0.0096045951	0.07890751509999999	-0.000974464	-0.020274599999999997	-0.060356500000000014	-0.00144124	0.0011069	-0.000500884
0.08494865599999997	-0.0836952323	0.1145405659	-0.0344854356	0.0344525829	-0.072836314	0.029079482	0.0024066004	-0.0797911678	-0.0072110759	0.07935696639999999	-0.00286511	-0.00416914	-0.0113917	-0.00149688	0.000925347	-0.0006234459999999999
0.08393325000000001	-0.0118445399	-0.1075696486	0.05908602440000001	-0.0391539303	0.0225259976	-0.0524082659	0.001604535	-0.0798716619	-0.004811019000000001	0.0796785214	-0.00217307	-0.0195977	-0.0607857	-0.00136605	0.00116289	-0.0006234459999999999
0.06791332	-0.005271313499999999	0.0598692456	-0.0632635929	0.1289981479	-0.0042288254	0.0393947563	0.0008023078999999999	-0.0799199714	-0.0024066004	0.0798716619	-0.00351514	-0.0166332	-0.0233833	-0.000912563	0.00123349	-0.0006234459999999999
0.07371408	-0.0196971164	-0.0197428733	0.030655575	-0.0753697465	-0.0526565672	0.0018031334	0.0	-0.0799360767	-0.0	0.0799360767	-0.00681687	-0.021793	-0.053061300000000006	-0.00150015	0.00128978	-0.0005558319999999999
0.05269784	-0.023632454700000003	0.040512366	0.0058180971	0.0770827129	0.0797236628	0.0574457876	-0.0008023078999999999	-0.0799199714	0.0024066004	0.0798716619	-0.00683046	-0.020206000000000002	-0.026000299999999997	-0.00163826	0.00101478	-0.000623447
0.08876574000000001	0.0207699552	-0.0113440655	0.000808675	-0.0065180898	-0.0714608836	-0.08984462509999999	-0.001604535	-0.0798716619	0.004811019000000001	0.0796785214	-0.0110388	-0.0340276	-0.07396849999999999	-0.00122963	0.000968058	-0.000623447
0.08027056	-0.0215864205	0.0288643142	0.0301198919	-0.0221491914	-0.0433763553	0.069903175	-0.0024066004	-0.0797911678	0.0072110759	0.07935696639999999	-0.00683964	-0.011609200000000002	-0.0281308	-0.00122963	0.0008820759999999998	-0.000553123
0.08747149000000001	0.0747784162	-0.0095965363	-0.0098605243	0.0266100834	0.020264824	-0.1200326405	-0.0032084234000000003	-0.0796785214	0.0096045951	0.07890751509999999	-0.0041729	-0.034027999999999996	-0.0792346	-0.00122963	0.00109122	-0.000536624
0.13498126	-0.064837698	0.0030698528000000004	-0.0184594747	-0.0346390118	-0.0554366526	0.0317359949	-0.0040099232	-0.0795337681	0.0119894067	0.078330892	-0.004725	-0.00717224	-0.024149	-0.00190085	0.0007995069999999998	-0.000623447
0.11997360000000006	0.0407048747	-0.029014152400000007	0.0173711221	-0.0074364057	-0.0174901513	-0.0013057044	-0.004811019000000001	-0.07935696639999999	0.0143633485	0.0776280263	-0.00268826	-0.0237403	-0.059958400000000016	-0.000982685	0.00119253	-0.000623447
0.12191290999999994	-0.1021540471	-0.0002249756	-0.0534847665	-0.012279102	0.0837565732	-0.0560081285	-0.0056116301	-0.0791481873	0.016724268400000002	0.0768000508	0.00158658	-0.00254948	-0.0144989	-0.00180749	0.00099758	-0.000623447
0.07459991999999999	-0.013948701	-0.0582108252	0.048614118600000006	0.0949946844	-0.0983160585	0.0949310453	-0.006411676	-0.07890751509999999	0.019070026	0.07584830000000001	-0.00245852	-0.028229200000000006	-0.015282399999999996	-0.00114425	0.00107193	-0.0007676889999999999
0.10315428	-0.0108384283	0.1343718459	-0.0592860359	-0.1244739674	-0.041585337	-0.1663692	-0.0072110759	-0.0786350467	0.0213984944	0.0747743077	0.00447166	-0.022588999999999998	-0.061815199999999994	-0.00169574	0.00125722	-0.000623447
0.17634838	-0.1309732018	-0.1619041444	0.0896178919	0.041586198	0.046277549	0.0569540616	-0.0080097493	-0.078330892	0.0237075627	0.07357980480000001	-0.00689925	0.0149274	0.00286587	-0.00209694	0.00064786	-0.0008684869999999999
0.19568171	0.0318620357	0.0937933575	-0.0646282441	0.0942061278	-0.1030653073	-0.0524383206	-0.0088076158	-0.07799517339999999	0.0259951375	0.07226671650000001	-0.00681131	-0.024142	-0.056838	-0.00100994	0.00125223	-0.000623447
0.11223388	-0.0943307293	-0.0909361408	0.0537664439	-0.1284900907	-0.0296595065	0.0403892565	-0.0096045951	-0.0776280263	0.0282591448	0.07083715900000001	-0.00330285	-0.00636013	-0.024998	-0.00191213	0.000972349	-0.000623447
0.10100013	0.0441029825	0.06566845019999999	-0.015929146499999998	0.13594332439999998	0.0424858962	-0.0462576034	-0.0104006067	-0.0772295986	0.0304975321	0.0692934363	-0.00682726	-0.0290358	-0.049824	-0.00105873	0.00111843	-0.000623447
0.058574790000000015	-0.057862155599999986	-0.0902559876	-0.0434958764	-0.0442525881	-0.0447241571	-0.0038967117	-0.0111955706	-0.0768000508	0.03270827	0.0676380363	0.00901213	-0.028988099999999996	-0.0429038	-0.00172404	0.00106839	-0.000623447
0.062496079	-0.0361566095	0.0957815557	0.0075397673	0.0381712859	4.68367e-05	0.0587476665	-0.0119894067	-0.0763395561	0.0348893543	0.065873627	-0.000398499	-0.0176024	-0.027103500000000003	-0.00140587	0.00103032	-0.000785196
0.047580160999999996	-0.0007771003999999999	-0.0756425785	0.0303072487	-0.0251644961	0.0552405175	-0.0908107219	-0.0127820349	-0.07584830000000001	0.037038807400000005	0.06400305190000001	-0.00522701	-0.025546	-0.057754999999999994	-0.0013887000000000005	0.00107074	-0.0008107369999999999
0.057373039999999986	-0.0382555725	0.0550496036	-0.0593448979	0.0394793363	-0.08169587589999999	0.0734664695	-0.0135733754	-0.0753264804	0.0391546809	0.0620293259	-0.00938335	-0.0198566	-0.0240969	-0.0011850700000000005	0.00100069	-0.0008144409999999997
0.0746001585	-0.0357037505	-0.0419046996	0.0727550837	-0.0886564447	0.0237117765	-0.0502970239	-0.0143633485	-0.0747743077	0.0412350562	0.059955629800000014	3.83585e-05	-0.029026299999999998	-0.0474546	-0.00158613	0.0009397230000000001	-0.000623447
0.1110539285	-0.0097190745	-0.0151216575	-0.0681601562	0.1248749612	0.0185940432	-0.0099099057	-0.0151518747	-0.0741920043	0.0432780475	0.0577853059	-0.00317367	-0.0175177	-0.0190053	-0.00086008	0.00117394	-0.00102086
0.07498485999999999	-0.038638033	-0.0180501092	0.0307594508	-0.0005710401999999999	-0.0825066283	0.022845591	-0.0159388744	-0.07357980480000001	0.0452818024	0.0555218517	-0.00245816	-0.0171366	-0.0415499	-0.00142648	0.00111088	-0.000623447
0.04807348199999999	0.0444642223	0.0310925056	-0.0238685923	0.045861978600000006	-0.0180887284	0.0048056331	-0.016724268400000002	-0.072937956	0.0472445043	0.0531689154	0.00011887200000000001	-0.0154408	-0.0556696	-0.000902681	0.0011807	-0.000623447
0.08616885800000001	-0.0505615011	-0.0350347573	0.0010246352	-0.0166908591	0.0332349802	-0.0741190321	-0.0175079777	-0.07226671650000001	0.0491643739	0.0507302891	0.00129598	-0.0056405	-0.0324306	-0.00168995	0.00114881	-0.000843337
0.06993638	0.0065868696	-0.005253640600000001	-0.0079143295	0.033878369500000005	-0.0920627804	0.0771196278	-0.0182899231	-0.0715663568	0.0510396705	0.0482099028	0.00798441	-0.0124185	-0.0287128	-0.000844193	0.00134632	-0.000855113
0.07134667000000001	-0.0819959261	-0.0087204314	-0.0022571136	-0.0982048819	0.0564044664	-0.0897405988	-0.019070026	-0.07083715900000001	0.052868694	0.0456118188	0.00503169	-0.00635625	-0.0179582	-0.00161092	0.0011975000000000006	-0.000971108
0.09336987	0.0037073219	0.0142003411	0.0342037486	0.1071454249	-0.0339487845	0.0627461308	-0.0198482077	-0.0700794171	0.0546497862	0.0429402241	-0.00126628	-0.0214296	-0.00310185	-0.0008036610000000001	0.0009901380000000002	-0.000842885
0.11230337	-0.0475649767	0.0085053284	-0.0398517137	-0.1626394742	0.040636475	-0.1005056128	-0.0206243899	-0.0692934363	0.05638133240000001	0.0401994245	0.00473339	-0.014446200000000001	-0.053390599999999996	-0.0014555499999999995	0.00130848	-0.0008532849999999999
0.09053031	-0.0637207664	-0.0297197216	0.06965804469999999	0.1604028266	0.0333138211	0.0727717662	-0.0213984944	-0.0684795334	0.0580617626	0.0373938371	0.00123279	-0.00400994	-0.0020951	-0.00143722	0.0008626739999999999	-0.000895108
0.15298873999999998	0.0436607026	0.0227168069	-0.0438600878	-0.0334815555	-0.08987571970000001	-0.0827661613	-0.0221704431	-0.0676380363	0.0596895534	0.0345279838	0.00798467	-0.026471699999999997	-0.07623349999999998	-0.00096461	0.00121535	-0.00072766
0.1508259	-0.0691842303	-0.0297227358	0.0634151844	0.019115593	0.0397916209	0.052302760700000006	-0.0229401584	-0.0667692842	0.0612632291	0.0316064831	0.00796919	0.00376057	-0.00238375	-0.00147823	0.0008986139999999998	-0.0006234480000000001
0.14310119	0.057311706	0.045719989	-0.0464689095	0.0444845728	-0.0595352225	-0.1436041463	-0.0237075627	-0.065873627	0.0627813628	0.0286340436	-0.00621178	-0.0225523	-0.0697893	-0.00104865	0.00117307	-0.0006234480000000001
0.09566407	-0.0226709824	-0.0092231539	0.055881165199999985	-0.0382032831	-0.055863898	0.0639122341	-0.0244725786	-0.06495142570000001	0.0642425783	0.0256154559	-0.00926205	-0.012752500000000005	-0.026001	-0.00155761	0.0009015160000000002	-0.0006234480000000001
0.10736701	0.0680812341	0.0032716558000000003	-0.0620510789	0.0157383131	0.049911847800000006	-0.1007388106	-0.0252351292	-0.06400305190000001	0.06564555080000001	0.0225555848	-0.00485559	-0.0285166	-0.07260819999999997	-0.0009342589999999999	0.00108995	-0.0006234480000000001
0.10353045999999996	-0.011018458500000002	0.0031431768	0.048596814800000006	-0.0014669887	-0.0135310667	0.0630336774	-0.0259951375	-0.0630288878	0.0669890084	0.0194593619	-0.00210178	-0.010226899999999999	-0.036758400000000004	-0.00163595	0.00101923	-0.00078378
0.08432335	0.0664808381	-0.0022598079000000003	-0.0264245439	-0.0550986429	-0.0160412552	0.0179725308	-0.026752527	-0.0620293259	0.068271733	0.0163317771	-0.00435823	-0.0208952	-0.06688989999999999	-0.00109751	0.0011458	-0.0006234480000000001
0.10705752	0.0096184532	0.0132088828	0.041701694	-0.0044500591	0.1175041957	0.0166564722	-0.0275072215	-0.061004769	0.06949256179999999	0.0131778711	-0.00382902	-0.00157694	-0.025871299999999996	-0.00163022	0.000932387	-0.000801154
0.15907607	0.0850873652	-0.0724103929	-0.0316139291	0.019787248700000003	-0.0656419596	0.04580209440000002	-0.0282591448	-0.059955629800000014	0.0706503878	0.0100027269	-0.00926193	-0.035968599999999996	-0.08021139999999999	-0.00059271	0.0011305000000000002	-0.0008637589999999998
0.1198174	0.0470568212	0.0788796338	0.0318577839	-0.0243542812	0.0394806732	0.07077733230000001	-0.0290082213	-0.0588823313	0.0717441615	0.0068114617	0.00713262	-0.0208947	-0.048149000000000004	-0.00134101	0.00126762	-0.0006234480000000001
0.10278926	0.081896863	-0.0886352972	-0.0028459313	0.0358106123	0.0280849651	-0.0495504406	-0.0297543755	-0.0577853059	0.0727728912	0.0036092188	-0.00645654	-0.031089299999999997	-0.0815566	-0.000659767	0.00119962	-0.000786163
0.10254269999999999	-0.0041290501	0.0818173994	0.0118654159	0.0198518869	-0.017140676599999998	0.0996261738	-0.0304975321	-0.0566649955	0.0737356442	0.000401159	-0.00116964	-0.020903400000000003	-0.025825999999999998	-0.0011825	0.00117555	-0.000866146
0.09242432	0.0663084374	-0.0738722931	-0.0026225814000000003	-0.0951414826	-0.0197137241	-0.0209357716	-0.0312376164	-0.0555218517	0.0746315476	-0.0028075473	-0.00327891	-0.0365194	-0.0834348	-0.0009307639999999999	0.00125214	-0.000879625
0.10702504999999997	-0.0079165406	0.066349894	-0.0413639269	0.0513956423	0.0949215691	0.0381169371	-0.0319745538	-0.0543563352	0.0754597894	-0.0060117288	0.00140144	-0.020909999999999998	-0.014970500000000001	-0.0011477700000000002	0.0011302999999999999	-0.0008530509999999999
0.14065677599999998	0.0825198588	-0.0381027908	-0.0045804314	-0.0411789218	-0.1076010189	-0.0378873501	-0.03270827	-0.0531689154	0.0762196185	-0.0092062214	-0.000583736	-0.032118400000000005	-0.0823378	-0.000538265	0.00149311	-0.0006234480000000001
0.147291636	-0.0242775777	0.0695644145	-0.0200150386	-0.0393623288	0.0629726286	0.0511870166	-0.0334386912	-0.051960071	0.07691034599999999	-0.0123858767	0.0123137	-0.0129629	-0.025137299999999998	-0.0012290300000000005	0.00123423	-0.0008345669999999999
0.107667311	0.08449154449999999	-0.0469193054	0.0170957223	0.0394210265	0.007409068299999998	-0.0804833359	-0.0341657437	-0.0507302891	0.07753134589999999	-0.0155455703	0.000151039	-0.0298399	-0.077045	-0.0011358300000000002	0.00146431	-0.0006234480000000001
0.131600459	-0.0335069891	0.0740063358	-0.0616248353	-0.0178094008	-0.0109809243	0.0751653073	-0.0348893543	-0.0494800651	0.078082055	-0.0186802098	-0.00694262	-0.011595200000000005	-0.0186649	-0.00138294	0.0011074600000000002	-0.000977128
0.11711052000000002	0.06846376400000001	-0.0502278099	0.0607979342	-0.019801091200000003	0.0416495233	-0.052709886	-0.035609450099999995	-0.0482099028	0.0785619741	-0.0217847431	0.0013907	-0.0209062	-0.08183899999999998	-0.0009150540000000002	0.00122334	-0.0008350519999999998
0.08470997400000001	-0.0395903751	0.0687892474	-0.094869493	0.0385156069	0.0626045663	0.0344534862	-0.0363259585	-0.0469203142	0.0789706681	-0.0248541669	0.000148726	-0.014727700000000003	-0.026853700000000005	-0.00104574	0.00136468	-0.00100911
0.085890194	0.0406371677	-0.0150200529	0.0858682482	-0.0514416996	-0.0627599651	-0.022565716800000003	-0.037038807400000005	-0.0456118188	0.0793077664	-0.0278835343	0.00108347	-0.0208451	-0.0716062	-0.00126742	0.00129031	-0.000623449
0.06490758999999999	0.010158527	-0.0017069612	-0.1188100145	0.0063890625	0.1051267162	0.0300170588	-0.037747925	-0.0442849438	0.0795729635	-0.030867963	-0.00170977	-0.0148524	-0.0312547	-0.00127377	0.00126336	-0.000905552
0.045136059999999985	-0.0135062161	-0.0121369825	0.0557177282	-0.036501031	-0.016588951799999998	0.0041957014	-0.038453239900000005	-0.0429402241	0.0797660189	-0.0338026431	0.00138654	-0.0183801	-0.0426773	-0.00147333	0.00111662	-0.000710063
0.05382057	0.015118929	-0.0086528157	-0.0569889685	-0.0364819768	-0.0097883917	0.0795624498	-0.0391546809	-0.0415782013	0.0798867576	-0.0366828449	0.00211636	-0.0208644	-0.0249167	-0.00112696	0.00128591	-0.00085132
0.05287541	-0.0555865286	0.0039790889	0.0320986293	-0.030338302	0.0661665253	-0.0698935717	-0.0398521774	-0.0401994245	0.07993507009999999	-0.0395039266	0.00142465	-0.014417	-0.029125400000000006	-0.00173182	0.00115616	-0.000755378
0.060008499999999985	0.0085427789	-0.0111443413	0.0048915961	0.1082038375	-0.0539857067	0.0612538149	-0.0405456591	-0.038804449	0.0799109126	-0.0422613414	0.0026934999999999997	-0.0208771	-0.0190258	-0.00104742	0.00117349	-0.000897247
0.09131315	-0.0119329946	0.0475669776	-0.0201210447	-0.1330715083	-0.0247369244	-0.0818022344	-0.0412350562	-0.0373938371	0.0798143071	-0.0449506455	0.00645825	-0.0208423	-0.05266849999999999	-0.0015291599999999995	0.00157328	-0.0007013589999999999
0.1731748	-0.1094105509	-0.0629793544	0.0691764507	0.0273298582	0.0805381642	0.0467644082	-0.0419202993	-0.0359681572	0.079645341	-0.0475675045	0.00222365	0.0179238	0.022198	-0.00187329	0.0008891679999999998	-0.000623449
0.163088966	0.0498266647	0.0211438446	-0.013661085	0.030622364	-0.0584333437	-0.0567673377	-0.0426013192	-0.0345279838	0.0794041677	-0.050107701	0.0005102840000000001	-0.0208483	-0.0540654	-0.00143152	0.0013742000000000001	-0.000623449
0.107831516	-0.0659195155	-0.0017448251	0.0192280024	-0.0551529886	-0.0214155578	0.07722824639999999	-0.0432780475	-0.0330738971	0.07909100570000001	-0.052567141100000006	0.00265929	-0.00224904	-0.0068920000000000006	-0.00152917	0.0009623139999999999	-0.00091211
0.105413315	0.0577239591	0.0079987691	-0.0101517957	0.0206396205	0.0008311296000000001	-0.0919170396	-0.0439504158	-0.0316064831	0.0787061389	-0.0549418609	0.000626185	-0.0208484	-0.06488540000000001	-0.0014417	0.00129525	-0.000796767
0.095835655	-0.0609446059	0.0065891073	-0.0141548251	0.0556572067	0.010578175	0.0574818091	-0.044618356500000005	-0.0301263332	0.0782499164	-0.0572280333	0.00420569	-0.00462065	-0.00417775	-0.00152917	0.00111198	-0.000761092
0.08453846000000001	0.032701749	0.0078754967	0.0110019502	-0.0369787519	-0.07010187309999999	-0.0308002541	-0.0452818024	-0.0286340436	0.0777227516	-0.0594219737	0.00062368	-0.0208285	-0.0466767	-0.00167704	0.00127146	-0.000623449
0.10395837599999999	-0.0791277146	-0.0136288093	-0.003184609	-0.015336831499999997	0.06566304190000001	0.0201019662	-0.0459406864	-0.0271302159	0.0771251226	-0.0615201462	0.00397441	0.00212728	-0.0008129339999999999	-0.00183509	0.0009623139999999999	-0.0007920149999999998
0.106761719	0.042772940700000005	0.0216199609	0.0305281306	0.0552119934	-0.0184029678	-0.0782224369	-0.046594942400000006	-0.0256154559	0.07645757110000001	-0.0635191694	0.000612537	-0.0208315	-0.040867900000000006	-0.00168491	0.00145129	-0.000623449
0.105952268	-0.065638826	-0.005062631	0.0082220448	-0.0430738653	-0.0248922914	0.0711527156	-0.0472445043	-0.024090374	0.0757207024	-0.06541582139999999	0.000586583	0.0109466	-0.0008132359999999997	-0.0018901	0.00113613	-0.0007849699999999999
0.13744278099999999	0.0599836079	-0.0071582273	0.0153610451	0.0309089615	0.0370607796	-0.0702873744	-0.0478893067	-0.0225555848	0.0749151845	-0.06720704549999999	0.003594	-0.0208543	-0.07018250000000001	-0.00138869	0.00129239	-0.0007926039999999999
0.11429522	-0.0393373737	-0.0129752589	-0.029380373	0.007931798299999999	0.0041958782	0.0704559408	-0.0485292848	-0.0210117067	0.0740417477	-0.06888995490000001	0.00546092	0.004220300000000001	-0.0173962	-0.00174928	0.0009623139999999999	-0.000793286
0.157617512	0.0947360472	0.0047633295	0.0382541979	-0.0250237585	-0.0615232176	-0.0104576485	-0.0491643739	-0.0194593619	0.07310118389999999	-0.07046183730000001	0.000624758	-0.0208888	-0.0811458	-0.00100082	0.00132247	-0.000623449
0.126320569	-0.0321974166	0.0009117128	-0.0381410152	-0.0329187919	0.1268337482	0.0534472263	-0.0497945101	-0.0178991758	0.0720943458	-0.0719201593	0.000594589	-0.014390600000000003	-0.0210304	-0.0018341999999999998	0.0009623139999999999	-0.000623449
0.07127821899999999	0.0759474086	-0.0140831649	0.0598012155	0.0621414472	-0.0437397027	-0.0292395944	-0.05041963	-0.0163317771	0.0710221462	-0.0732625707	-0.00450663	-0.0208813	-0.0576622	-0.00137311	0.0009623139999999999	-0.000623449
0.115161285	-0.0863612818	0.0169780493	-0.0226891626	-0.1217627476	0.0160623642	0.0615148799	-0.0510396705	-0.0147577975	0.0698855571	-0.0744869079	0.000571085	-0.00422971	-0.00940477	-0.00184648	0.000718089	-0.000809345
0.097338319	0.057688447	-0.0597568106	0.07848451440000001	0.0995458558	0.0272664887	-0.014088276100000003	-0.0516545692	-0.0131778711	0.0686856091	-0.07559119780000001	0.000599034	-0.0208774	-0.0438841	-0.00144335	0.00105273	-0.000623449
0.031129766	-0.034961949900000004	0.0561793628	-0.0921372125	-0.0341833206	-0.005311854	0.0354531302	-0.0522642642	-0.0115926346	0.06742339	-0.0765736605	0.0094979	-0.0208837	-0.0318041	-0.00139373	0.000899458	-0.000623449
0.05619966599999999	0.054945176	-0.0421514584	0.1298761176	-0.0073069395	0.0180439316	0.0156265093	-0.052868694	-0.0100027269	0.0661000441	-0.0774327128	0.000598734	-0.020894799999999998	-0.059488400000000004	-0.00112434	0.00102217	-0.000623449
0.06488357599999997	-0.0305248158	0.0253143002	-0.1168284064	0.0355865759	0.07644781070000001	0.0265351315	-0.0534677978	-0.0084087885	0.0647167712	-0.07816697	0.000584058	-0.0293651	-0.021124900000000002	-0.00101204	0.00101926	-0.000868941
0.08582702799999997	0.0511190302	0.0109084276	0.1037601325	-0.0053172306	-0.0504837096	0.0397679915	-0.0540615151	-0.0068114617	0.0632748254	-0.0787752489	0.000594586	-0.023375999999999997	-0.0682284	-0.00136408	0.0009623139999999999	-0.000623449
0.039864374	0.0330916632	0.001386673	-0.1404206708	-0.0013029379	0.0637544696	0.032920465	-0.0546497862	-0.0052113902	0.061775514	-0.079256569	0.00361766	-0.0208588	-0.0593376	-0.00101804	0.00112494	-0.000623449
0.037853864999999993	0.0607202625	0.0393987443	0.104237523	0.0991151928	-0.0009651724	0.0092013612	-0.0552325519	-0.0036092188	0.0602201963	-0.0796101548	0.000616895	-0.0208012	-0.059279099999999994	-0.0015955399999999995	0.00124218	-0.000623449
0.04429827899999999	0.0500968119	0.0057555135	-0.1283814877	-0.054719466	-0.0390809359	0.0204309958	-0.0558097533	-0.002005593	0.0586102822	-0.0798354362	0.000637824	-0.031867400000000004	-0.0592866	-0.0012101900000000005	0.00142361	-0.000526156
0.078966411	0.0300576891	0.0223059434	0.1020756642	0.0369847356	0.0726397862	-0.0277133135	-0.05638133240000001	-0.000401159	0.0569472315	-0.0799320503	0.000616463	-0.0207868	-0.036702099999999994	-0.00187735	0.00118757	-0.000523757
0.067835652	0.017928091599999998	-0.0110619329	-0.0917200089	0.0221382281	-0.0113378584	0.0027660855	-0.0569472315	0.0012034366	0.0552325519	-0.0798998413	0.000601511	-0.0341215	-0.04261	-0.00111154	0.00108151	-0.000623449
0.06148406599999999	0.01922785	0.0466292626	0.0978293391	-0.0739459432	0.0078258676	0.0012133576	-0.0575073938	0.0028075473	0.0534677978	-0.0797388611	0.000600845	-0.025747199999999998	-0.0506791	-0.00198125	0.00105042	-0.000623449
0.066083937	-0.0065823259	-0.0661171226	-0.1045208686	0.0320011615	0.058400797	-0.0218867811	-0.0580617626	0.0044105266	0.0516545692	-0.0794493692	0.0005931080000000001	-0.0207952	-0.0325076	-0.00135233	0.0009623139999999999	-0.0007654769999999998
0.031214778999999998	0.0133869745	0.0532011593	0.0733060905	0.0266166824	-0.0646748046	0.0576019109	-0.0586102822	0.0060117288	0.0497945101	-0.0790318321	0.0005945869999999999	-0.020749200000000002	-0.032442700000000005	-0.00183235	0.0009623139999999999	-0.000623449
0.0459435	0.0129747871	-0.038151942	-0.0978506515	-0.0449378096	0.0641589224	-0.05280435	-0.0591528974	0.007610508399999999	0.0478893067	-0.0784869228	0.0005945869999999999	-0.020792599999999998	-0.0508568	-0.0012826300000000005	0.0009623139999999999	-0.000623449
0.100931492	-0.0195857553	0.029468834500000006	0.0757389772	0.0653383924	-0.0171383809	0.0269317323	-0.0596895534	0.0092062214	0.0459406864	-0.0778155195	0.000586295	-0.0207782	-0.013866700000000001	-0.0023187	0.00103855	-0.000789517
0.105534455	0.0231865082	-0.0280314812	-0.0832630079	-0.0451573514	-0.068908702	-0.0085767781	-0.0602201963	0.0107982247	0.0439504158	-0.0770187042	0.0045673	-0.020835	-0.0574076	-0.00140939	0.00125887	-0.000760032
0.083688442	-0.0196249431	0.033764596800000005	0.0787915097	0.0206122843	0.0699928244	0.0003776805	-0.0607447724	0.0123858767	0.0419202993	-0.0760977612	0.0006028580000000001	-0.020803799999999997	-0.029285900000000007	-0.00213123	0.00108587	-0.00062345
0.10019055199999999	0.0358731092	-0.0171275895	-0.0730284892	0.0009557115	-0.0537460353	-0.0508548055	-0.0612632291	0.0139685379	0.0398521774	-0.0750541746	0.00267711	-0.0302163	-0.057058199999999996	-0.00112375	0.00129702	-0.00062345
0.10148760000000001	-0.0411169666	0.043835722	0.0814471424	-0.0753700989	0.0143509007	0.0089090724	-0.061775514	0.0155455703	0.037747925	-0.07388962639999999	0.00059966	-0.0208095	-0.0281149	-0.00208836	0.00104043	-0.000623449
0.09714644	0.0416883887	-0.0551883626	-0.0547102272	0.0503768658	0.0070932634	-0.0719535696	-0.062281575599999986	0.0171163386	0.035609450099999995	-0.0726059935	0.00060295	-0.0304695	-0.062253499999999996	-0.00116311	0.00118207	-0.00062345
0.08851158	-0.0303598072	0.0301530966	0.0207771846	-0.0479059985	-0.0616322564	0.0773845236	-0.0627813628	0.0186802098	0.0334386912	-0.0712053446	0.00058457	-0.018296700000000003	-0.0327	-0.00177133	0.00122083	-0.0009118080000000001
0.10157319	0.051854798499999986	0.0044726814	-0.0354015838	-0.0272365047	0.032456744100000004	-0.0594664431	-0.0632748254	0.0202365536	0.0312376164	-0.06968993700000001	0.00595711	-0.0272667	-0.0795622	-0.00131755	0.00128606	-0.000623449
0.12075867999999998	-0.059342104000000014	0.005079697	0.0223233691	0.0136909438	0.0209294769	0.0357087024	-0.0637619136	0.0217847431	0.0290082213	-0.0680622132	0.00901574	-0.0110147	-0.0304519	-0.00204056	0.000962315	-0.000623449
0.100601691	0.034328033	-0.0169658945	-0.0088366423	-0.0380461206	-0.044044106900000005	-0.0089860446	-0.0642425783	0.0233241543	0.026752527	-0.0663247964	0.000610349	-0.0208736	-0.0667635	-0.001285	0.00112727	-0.00062345
0.100458861	-0.0666446286	-0.0450022513	0.030350717000000006	0.0106545202	0.0887952177	-0.0050140106	-0.0647167712	0.0248541669	0.0244725786	-0.0644804868	0.00573975	-0.00888149	-0.018986000000000003	-0.00183124	0.0009623139999999999	-0.000623449
0.13220372000000002	0.04840382	0.0130040879	-0.0107911191	0.047237748200000006	-0.0894106165	0.0260348176	-0.0651844444	0.0263741644	0.0221704431	-0.0625322567	0.00647116	-0.0353833	-0.0541856	-0.0008618789999999999	0.00122529	-0.00078653
0.13003503	-0.0687201867	-0.0344984931	0.0168996358	-0.0835695474	0.0398970126	-0.029015186600000006	-0.06564555080000001	0.0278835343	0.0198482077	-0.060483246	0.00550098	-0.013132	-0.0234935	-0.00212593	0.0010263300000000002	-0.000845948
0.069429811	0.0148877217	0.0208361267	-0.0139483091	0.1275498161	-0.0330860677	-0.003614232	-0.0661000441	0.0293816684	0.0175079777	-0.058336757	0.000585469	-0.029974400000000002	-0.023521599999999997	-0.00128471	0.000962315	-0.0008935889999999998
0.06883721799999999	-0.0616402451	0.023811924	-0.004245772199999999	-0.1032447399	-0.0482895365	-0.0609239207	-0.0665478783	0.030867963	0.0151518747	-0.0560962492	0.0005945869999999999	-0.0208838	-0.042564099999999994	-0.00182847	0.000962315	-0.000623449
0.068391731	-0.0731004239	-0.026439706	-0.0007691503999999999	0.0635207953	0.0388377624	0.0245772517	-0.0669890084	0.0323418192	0.0127820349	-0.0537653335	0.0005847690000000001	-0.016359799999999997	-0.0007928869999999999	-0.00161774	0.000962315	-0.000854453
0.084041274	-0.0093580708	0.0393609259	0.026653074300000003	0.0395138656	-0.0641749803	-0.0376275223	-0.06742339	0.0338026431	0.0104006067	-0.0513477665	0.00060413	-0.0329319	-0.0481978	-0.00159825	0.00111272	-0.00062345
0.06880037	-0.0455153952	-0.0411874265	-0.0453090997	-0.0443981119	-0.032433431400000004	0.031838239	-0.0678509792	0.0352498461	0.0080097493	-0.0488474444	0.00407355	-0.0209035	-0.0335962	-0.00115609	0.000962315	-0.0008049039999999997
0.03832368299999999	-0.0461036391	0.022705649100000003	0.0520456783	0.0420666063	0.0309580538	-0.0857904999	-0.068271733	0.0366828449	0.0056116301	-0.046268397	0.0005903169999999999	-0.0208629	-0.0335724	-0.00178302	0.000962315	-0.000736313
0.03961170499999999	-0.0061485572	-0.07382095940000001	-0.0687720263	0.0091743316	-0.0889035266	0.0366930885	-0.0686856091	0.0381010623	0.0032084234000000003	-0.0436147809	0.0005986219999999999	-0.0274553	-0.033587	-0.00131842	0.00104478	-0.00062345
0.082517166	-0.0836798284	0.047180941100000005	0.0707321363	-0.06910973599999999	-0.0002282816	-0.026689133	-0.0690925657	0.0395039266	0.0008023078999999999	-0.0408908726	0.000591696	-0.00546756	-0.0185734	-0.00209264	0.0009088220000000002	-0.00062345
0.096201765	0.051040891	-0.0677708976	-0.0104480305	0.0714255403	-0.0199665813	-0.0732555228	-0.06949256179999999	0.0408908726	-0.001604535	-0.0381010623	0.000597021	-0.0208727	-0.0619573	-0.00145111	0.00101544	-0.00062345
0.054046459000000005	-0.0315054861	0.0304159478	-0.0094718072	0.0122021586	-0.0585034998	0.0496916461	-0.0698855571	0.0422613414	-0.0040099232	-0.0352498461	0.00343208	-0.013640799999999998	-0.0427968	-0.00191821	0.00104472	-0.00062345
0.095751026	0.0564722741	0.0145317944	-0.006851618100000001	-0.0140612948	-0.0324936852	-0.015274441399999996	-0.0702715121	0.0436147809	-0.006411676	-0.0323418192	0.000612454	-0.020893900000000003	-0.07724110000000001	-0.00103229	0.0011834800000000006	-0.00062345
0.168489335	-0.0988366811	-0.0091651894	-0.0193619376	-0.0631775196	0.0770816661	-0.08579167800000001	-0.0706503878	0.0449506455	-0.0088076158	-0.0293816684	0.00386185	0.000348589	-0.0169854	-0.00248596	0.000962315	-0.00062345
0.078680232	0.0064277989	-0.0592989063	0.0287036126	0.0701062712	-0.1078126232	0.0754537713	-0.0710221462	0.046268397	-0.0111955706	-0.0263741644	0.0005978569999999999	-0.0188271	-0.017033699999999995	-0.00143344	0.000962315	-0.000552125
0.08025008300000001	-0.0260781749	0.06879190660000001	-0.0414509543	-0.1039741578	0.0377690808	-0.1196176641	-0.0713867496	0.0475675045	-0.0135733754	-0.0233241543	0.00061814	-0.020890099999999998	-0.048326	-0.0018980999999999998	0.00136382	-0.00062345
0.06824752	-0.0240140733	-0.049380461	0.0456030408	0.1068014585	0.011629322	0.0732590029	-0.0717441615	0.0488474444	-0.0159388744	-0.0202365536	0.00060202	-0.018530900000000003	-0.0170488	-0.0013777000000000001	0.00119232	-0.00062345
0.05963130499999999	-0.0078330108	0.0729165132	-0.0723569463	-0.0965439071	-0.0796186431	-0.0970920222	-0.0720943458	0.050107701	-0.0182899231	-0.0171163386	0.000614125	-0.0208957	-0.062315199999999994	-0.00124825	0.00130263	-0.00062345
0.11321792100000005	-0.0642596542	-0.1066696636	0.0790714043	0.0208339708	0.0578553858	0.0752724377	-0.0724372672	0.0513477665	-0.0206243899	-0.0139685379	0.000584524	-0.00388218	-0.0170268	-0.00177025	0.000962315	-0.0007788629999999998
0.13481042800000004	0.0627730338	0.096910685	-0.0712904503	0.0462166379	-0.0399374482	-0.1434633216	-0.0727728912	0.052567141100000006	-0.0229401584	-0.0107982247	0.000620982	-0.0288311	-0.0698063	-0.00124825	0.00135223	-0.000549867
0.14090291200000002	-0.0627953428	-0.0899459669	0.0954936509	-0.1050958929	-0.019930095	0.0964896286	-0.07310118389999999	0.0537653335	-0.0252351292	-0.007610508399999999	0.00059459	-0.00773918	-0.0241976	-0.00226827	0.000962315	-0.00062345
0.100669221	0.05850267660000001	0.0605602939	-0.0653848833	0.0966068756	0.0468659727	-0.0654012957	-0.0734221124	0.0549418609	-0.0275072215	-0.0044105266	0.000594589	-0.0209003	-0.05996720000000001	-0.0012335	0.000962315	-0.00062345
0.048627400999999994	-0.0238123248	-0.0440335996	0.0456911318	-0.0080401689	-0.0310287679	0.0563704257	-0.0737356442	0.0560962492	-0.0297543755	-0.0012034366	0.00059459	-0.0208844	-0.0395337	-0.00179706	0.000962315	-0.00062345
0.042497402000000004	0.0401000605	0.0248811553	-0.0474907451	-0.0099560562	-0.0137641935	0.0334001141	-0.0740417477	0.0572280333	-0.0319745538	0.002005593	0.0006164419999999999	-0.020900400000000003	-0.055706500000000006	-0.00153909	0.00123008	-0.00062345
0.09199751800000001	-0.048368809000000006	-0.0295953485	0.049469089	0.006300706999999999	0.080030916	-0.0043167439	-0.0743403923	0.058336757	-0.0341657437	0.0052113902	0.00312051	-0.014256399999999999	-0.0168793	-0.00215177	0.000962315	-0.00062345
0.10129792	0.0288325383	-0.0110788609	-0.0403405558	0.0513603819	-0.06113697730000001	0.0147549228	-0.0746315476	0.0594219737	-0.0363259585	0.0084087885	0.00059459	-0.0267416	-0.0578691	-0.00124583	0.000962315	-0.00062345
0.08661560000000001	-0.0422661885	0.0192404227	0.0465535742	-0.0793303831	0.0236842059	0.0499847145	-0.0749151845	0.060483246	-0.038453239900000005	0.0115926346	0.00571319	-0.013429300000000005	-0.028746800000000006	-0.00182723	0.00106757	-0.000528857
0.08670922199999999	0.0715799463	0.011316958	-0.0004358523	0.0905135786	0.0174094787	-0.0592765616	-0.07519127440000001	0.0615201462	-0.0405456591	0.0147577975	0.000604018	-0.0209579	-0.07002960000000001	-0.00130693	0.00110845	-0.00062345
0.06963987699999999	-0.030246029	-0.0117196277	-0.0161897629	-0.0278393688	-0.0322066252	0.0296274946	-0.0754597894	0.0625322567	-0.0426013192	0.0178991758	0.000594591	-0.0182907	-0.0362776	-0.00182502	0.000962315	-0.00062345
0.048043102000000004	0.0586345443	-0.0155309818	0.0066883058	0.0055484213	0.0347492884	0.0174660772	-0.0757207024	0.0635191694	-0.044618356500000005	0.0210117067	0.000594589	-0.020962099999999997	-0.0565263	-0.00132256	0.000962315	-0.00062345
0.058432621	-0.0128472626	0.0111111286	0.0074816905000000015	0.0299810198	0.0905016265	9.11253e-05	-0.0759739873	0.0644804868	-0.046594942400000006	0.024090374	0.00364751	-0.0209301	-0.0257416	-0.00181382	0.000962315	-0.00062345
0.07906027899999997	0.0498350788	-0.0470200127	-0.0174563627	0.0064306932	-0.0833812044	0.0564644055	-0.0762196185	0.06541582139999999	-0.0485292848	0.0271302159	0.000606881	-0.0256555	-0.06789110000000001	-0.0013910000000000005	0.00112239	-0.00062345
0.113078884	-0.0763737245	0.0553696267	-0.008050753	-0.0578160787	0.0909530304	0.0096242479	-0.07645757110000001	0.0663247964	-0.05041963	0.0301263332	0.00059459	-0.0209482	-0.000201557	-0.00204432	0.000962315	-0.00062345
0.088675056	0.0548537391	-0.0642048094	0.0662557246	0.0851182551	-0.0133058862	-0.026754084700000003	-0.0766878214	0.06720704549999999	-0.0522642642	0.0330738971	0.000612153	-0.020968200000000003	-0.055786800000000004	-0.00163886	0.0012179	-0.00062345
0.06487995199999999	-0.0615017845	0.0417399787	-0.0698508478	-0.030527025	-0.0265847651	0.0484772632	-0.07691034599999999	0.0680622132	-0.0540615151	0.0359681572	0.000601861	-0.0209608	-0.00401154	-0.00174667	0.00106397	-0.00062345
0.070619919	0.0477180885	0.0197463442	0.0913104361	0.0188416866	0.0023192325	-0.0586234559	-0.0771251226	0.06888995490000001	-0.0558097533	0.038804449	0.00305332	-0.0209264	-0.059202599999999994	-0.00186176	0.00120774	-0.00062345
0.055159155999999994	-0.0380235994	0.0107784272	-0.1231538557	0.0672663984	0.0484578557	0.003343813	-0.0773321295	0.06968993700000001	-0.0575073938	0.0415782013	0.000610564	-0.0209496	-0.0209819	-0.0015842199999999995	0.00119583	-0.00062345
0.07011602600000001	0.0537051029	0.0422628729	0.0918407958	0.0114808939	-0.0671574269	-0.0050181847	-0.07753134589999999	0.07046183730000001	-0.0591528974	0.0442849438	0.00379539	-0.033757199999999994	-0.0645	-0.00158788	0.00140428	-0.00062345
0.05765485	-0.0187587923	-0.017646923999999998	-0.1270833233	-0.0512208491	0.0636696485	0.0349398978	-0.0777227516	0.0712053446	-0.0607447724	0.0469203142	0.00844984	-0.020950999999999997	-0.0502864	-0.0013554900000000006	0.0013284900000000005	-0.00041201800000000016
0.02076060000000001	0.0301561685	0.0537068528	0.102125891	0.0701537804	0.0210497009	-0.0116397101	-0.0779063275	0.0719201593	-0.062281575599999986	0.0494800651	0.009630540000000005	-0.0159908	-0.048786500000000003	-0.00158397	0.0013022	-0.000419644
0.03085705	-0.0051086721	-0.0590277717	-0.1142283728	-0.097218541	-0.041176673	0.0728476111	-0.078082055	0.0726059935	-0.0637619136	0.051960071	0.00956634	-0.0209669	-0.049408999999999995	-0.0012292300000000006	0.00132538	-0.0005456090000000001
0.09506612999999996	-0.0103023568	0.0626233369	0.1207836305	0.0292557802	0.0777898984	0.0407814256	-0.0782499164	0.0732625707	-0.0651844444	0.0543563352	0.00555851	-0.013058000000000002	-0.0261998	-0.00204349	0.000962315	-0.00052413
0.09140460999999996	0.027254868	-0.069284921	-0.0828426132	-0.0102138542	-0.064284164	-0.0154256202	-0.0784098948	0.07388962639999999	-0.0665478783	0.0566649955	0.00560292	-0.020972499999999998	-0.0541769	-0.00129122	0.00130778	-0.000512493
0.10391017	-0.0281935628	0.0683142267	0.0909969923	-0.023583282200000003	0.0237454626	0.0279097756	-0.0785619741	0.0744869079	-0.0678509792	0.0588823313	0.005562699999999999	-0.013271999999999999	-0.017919499999999998	-0.00200958	0.0009623160000000001	-0.00064691
0.10478712999999996	0.0400698726	-0.0563503898	-0.0490161796	0.0388844098	0.0340254352	-0.1067479963	-0.0787061389	0.0750541746	-0.0690925657	0.061004769	0.00559068	-0.025597400000000003	-0.0623136	-0.00117106	0.000962315	-0.000524638
0.08314378999999998	-0.0380746217	0.0022905236	0.0605820887	0.0115677463	-0.0661285036	0.0908471092	-0.0788423748	0.07559119780000001	-0.0702715121	0.0630288878	0.00558299	-0.0164418	-0.024749599999999997	-0.00173654	0.00110812	-0.000541683
0.12526384	0.1085707268	0.022527099900000003	-0.0511330593	0.0310104758	0.0370497341	-0.0358207667	-0.0789706681	0.0760977612	-0.0713867496	0.06495142570000001	0.00562713	-0.025812799999999997	-0.0764409	-0.000674106	0.00130897	-0.000561547
0.12481011	0.0158731259	0.0173755655	0.011973063	0.0136325868	-0.0062488758	-0.0016615962	-0.07909100570000001	0.0765736605	-0.0724372672	0.0667692842	0.00556542	-0.0209908	-0.036330699999999994	-0.00178598	0.0009623160000000001	-0.000423751
0.06001588999999999	0.0581956388	-0.0204071477	-0.0562688958	-0.0178418046	-0.0617170684	0.0247157772	-0.0792033756	0.0770187042	-0.0734221124	0.0684795334	0.00805436	-0.0210338	-0.0555788	-0.00111108	0.00104405	-0.000415668
0.08951291999999997	-0.0032250624	0.049194155700000006	0.0658605742	-0.046394245999999986	0.072757816	-0.0768308759	-0.0793077664	0.0774327128	-0.0743403923	0.0700794171	0.00556944	-0.0210002	-0.032044	-0.00214912	0.0009045139999999999	-0.000324052
0.05802115999999999	0.0322564282	-0.0670903921	-0.0618013149	0.0428431168	-0.0406061775	0.0467948082	-0.0794041677	0.0778155195	-0.07519127440000001	0.0715663568	0.0079561	-0.026067400000000004	-0.0498256	-0.00163273	0.0009623160000000001	-0.000405574
0.07230538999999997	-0.01714311	0.048954268	0.0450590276	-0.0796836587	-0.0168504996	0.0120163141	-0.0794925697	0.07816697	-0.0759739873	0.072937956	0.00922064	-0.0124466	-0.032854400000000006	-0.00238057	0.0009623160000000001	-0.00034443699999999996
0.10487597	0.0511601176	-0.0562283167	-0.0312633137	0.0364760803	0.0737984099	0.0046348326	-0.0795729635	0.0784869228	-0.0766878214	0.0741920043	0.00558862	-0.0210612	-0.053101	-0.00122055	0.00109559	-0.0004987980000000001
0.0383292	0.0186426264	0.0660127387	0.0308574773	-0.0297442613	-0.0087335195	0.0117563243	-0.079645341	0.0787752489	-0.0773321295	0.0753264804	0.00557987	-0.021059	-0.0447099	-0.00160762	0.00116613	-0.000357865
0.030788600000000006	0.0042054962	-0.0708111228	-0.0440042496	-0.0727397632	-0.0096577382	0.049343565	-0.079709695	0.0790318321	-0.0779063275	0.0763395561	0.00558627	-0.021072099999999996	-0.046421199999999996	-0.00125728	0.00109326	-0.000515811
0.06331486000000001	-0.0292912901	0.09869772	0.06097326440000001	0.0287920384	0.055657270300000006	-0.04242204	-0.0797660189	0.079256569	-0.0784098948	0.0772295986	0.00557916	-0.0210854	-0.017679900000000002	-0.00181623	0.0009623160000000001	-0.00051698
0.06890208	0.0327413081	-0.152312219	-0.015787095600000002	0.013218399	-0.0951447902	0.005222969	-0.0798143071	0.0794493692	-0.0788423748	0.07799517339999999	0.00559039	-0.0211125	-0.0515124	-0.00125872	0.0009623160000000001	-0.000660095
0.07904361999999998	-0.0522065847	0.1486400633	0.007515264499999999	-0.0311090279	0.005123928	0.0068638002	-0.0798545546	0.0796101548	-0.0792033756	0.0786350467	0.00907101	-0.017833099999999998	-0.017632	-0.00193795	0.00104437	-0.000653315
0.06680892	0.021313249300000003	-0.1063842354	0.0422802438	0.0100636561	0.028260584100000007	-0.1094578066	-0.0798867576	0.0797388611	-0.0794925697	0.0791481873	0.00559669	-0.0210872	-0.0468805	-0.00162435	0.0011611700000000006	-0.000467075
0.09628786	-0.0620336317	0.0897548569	-0.0459471297	0.0376166727	-0.0239719588	0.0433832244	-0.0799109126	0.0798354362	-0.079709695	0.0795337681	0.00555193	-0.0210711	0.010949700000000001	-0.00199956	0.0009623160000000001	-0.0006609469999999999
0.0992235	0.0198222519	-0.04880735730000002	0.0540460373	-0.06473985780000001	-0.053306871500000005	-0.072240061	-0.0799270173	0.0798998413	-0.0798545546	0.0797911678	0.00558618	-0.0210719	-0.051818600000000006	-0.00151641	0.00108628	-0.000539658
0.10791885	-0.0808493325	-0.0014898875	-0.06916232509999999	0.0162939899	0.08493928619999999	0.0739010245	-0.07993507009999999	0.0799320503	-0.0799270173	0.0799199714	0.00354742	-0.00904006	0.012793100000000005	-0.00159805	0.000895031	-0.0008515
