0.0	-0.0100663667	-0.0100185093	-0.0371439438	-0.0029032733	0.0708620611	-0.0372526806	0.07993507009999999	0.0799320503	0.0799270173	0.0799199714	0.032289799999999994	-0.10839800000000001	-0.0435416	0.000135656	-0.000410529	0.00011601600000000001
0.02650045999999999	-0.0080164362	-0.0065393122	-0.0158368451	-0.0087696671	-0.047942128499999986	-0.0931398935	0.0799270173	0.0798998413	0.0798545546	0.0797911678	0.0276123	-0.1015	-0.046440499999999996	2.8702800000000002e-05	-0.000450239	0.000209874
0.26628861	-0.042308672	0.1217934018	-0.0362097565	-0.024160225	0.0423129825	-0.0275688336	0.0799109126	0.0798354362	0.079709695	0.0795337681	0.0331113	-0.155048	-0.144249	0.00196245	-0.000405198	0.0
0.3073833	0.0332651959	-0.0382526048	-0.0469211942	0.1699396928	0.1141114296	0.0098333601	0.0798867576	0.0797388611	0.0794925697	0.0791481873	0.0163021	-0.0604904	-0.088969	-0.000279131	-0.000434682	0.000543665
0.17237213	0.0421630746	-0.0613987551	-0.017730699	0.0384331567	-0.0159394927	-0.1013416619	0.0798545546	0.0796101548	0.0792033756	0.0786350467	0.014119399999999999	0.00953075	-0.05930890000000001	0.0005338319999999999	-3.94574e-05	0.000745641
0.16004172	0.0227377591	-0.0393182111	0.0001220291	-0.0490214885	0.006020618399999999	-0.0121215476	0.0798143071	0.0794493692	0.0788423748	0.07799517339999999	0.014249000000000001	-0.040492900000000005	-0.0220254	-0.00013585	0.000225769	0.00022845
0.26140655	-0.0406095504	0.0959513267	-0.0535201869	-0.0304837417	-0.0440494692	-0.0521948791	0.0797660189	0.079256569	0.0784098948	0.0772295986	0.014326599999999997	-0.11196199999999999	-0.14793199999999998	0.00022579099999999998	0.00100289	0.00036875300000000004
0.19764485	-0.012536538	-0.0176489243	0.0499155194	0.0204375905	0.0612765617	0.0203431572	0.079709695	0.0790318321	0.0779063275	0.0763395561	0.0142464	-0.06857139999999999	-0.07074939999999999	-0.000422835	0.00025199	0.00022845
0.08909355	-0.0120085587	-0.0134034039	0.0310451411	-0.0275758602	-0.0176521199	-0.027597501	0.079645341	0.0787752489	0.0773321295	0.0753264804	-0.00276263	-0.0731037	-0.0612327	-2.54386e-05	0.000538823	-0.000248031
0.05727497999999999	-0.0070783459	-0.0269138364	0.040653749700000005	0.0056861742000000005	0.0230355111	-0.0102876761	0.0795729635	0.0784869228	0.0766878214	0.0741920043	-0.00781144	-0.0605815	-0.08167100000000001	-0.00021336	0.00046892900000000004	-0.000375529
0.054366209999999984	-0.0161639775	-0.0048568331	0.0051802959	-0.0274536453	-0.0308541081	-0.0316580188	0.0794925697	0.07816697	0.0759739873	0.072937956	-0.00369976	-0.0651565	-0.059802699999999986	2.71306e-05	0.000233195	-0.000375529
0.16183605999999998	-0.0308619451	0.0348872309	0.0067324080000000005	-0.002691425	0.0076697591	0.0025765557	0.0794041677	0.0778155195	0.07519127440000001	0.0715663568	-0.00374674	-0.112605	-0.139689	-0.000464092	0.000183027	-0.0002278340000000001
0.18229581000000009	-0.0047561561	-0.0357082685	0.014913443500000003	0.0314948417	-0.0053009185	-0.0167214613	0.0793077664	0.0774327128	0.0743403923	0.0700794171	-0.00365948	-0.0685329	-0.049127699999999996	0.000156954	0.00023312799999999998	-0.00050819
0.048824180000000016	-0.0168384036	-0.0150270937	0.0086097478	-0.0336577088	0.0234661512	-0.005237797	0.0792033756	0.0770187042	0.0734221124	0.0684795334	-0.00368006	-0.0802583	-0.0774582	0.000108906	0.00028990099999999996	-0.000438057
0.02922351	-0.0093756654	-0.0232922491	0.005569539300000001	-0.0097712526	0.0041061747	-0.0132747229	0.07909100570000001	0.0765736605	0.0724372672	0.0667692842	-0.00367449	-0.0834434	-0.06553870000000002	6.0750200000000013e-05	0.000461484	-0.000375529
0.033922900000000006	-0.0077911868	-0.0311915176	0.0143685737	-0.008138479799999999	-0.0015299128	-0.0250012412	0.0789706681	0.0760977612	0.0713867496	0.06495142570000001	-0.00366223	-0.0713613	-0.0531816	0.000145528	0.000495195	-0.000446469
0.03909089	-0.0059419462	-0.031516228	-0.005706368000000001	-0.005013295300000001	0.0237935269	-0.0125765265	0.0788423748	0.07559119780000001	0.0702715121	0.0630288878	-0.00368272	-0.08198039999999998	-0.06013780000000001	0.00035550199999999994	0.00034620699999999996	-0.000375529
0.05920101000000001	0.0323305666	-0.0888368537	-0.0229452407	0.0760868162	0.0458774648	0.0240502492	0.0787061389	0.0750541746	0.0690925657	0.061004769	-0.00366566	-0.08541119999999999	-0.0636085	-0.000535598	0.000500756	-0.000375529
0.13857691149999998	0.0697766833	-0.1093708195	-0.0575478604	0.0320554034	-0.0078468399	-0.0140287749	0.0785619741	0.0744869079	0.0678509792	0.0588823313	-0.00377627	-0.0183477	-0.0346819	-0.000150856	0.000409988	-1.5149700000000001e-06
0.061462448499999996	0.0498077477	-0.0933010903	-0.0474237253	-0.0820987923	0.0509115653	-0.0176488689	0.0784098948	0.07388962639999999	0.0665478783	0.0566649955	-0.00372449	-0.00670908	-0.058252	-0.000186128	0.000732737	0.00016450299999999998
0.026517388	0.0603429576	-0.0992906982	-0.06522141740000001	-0.030332449	0.0349640375	-0.0180272812	0.0782499164	0.0732625707	0.0651844444	0.0543563352	0.000894728	-0.00668492	-0.054695400000000005	-0.000379573	0.000800838	5.9700799999999996e-05
0.021349617000000005	0.0563006322	-0.1134154424	-0.0349107106	-0.076121998	0.0001715832	-0.0401533815	0.078082055	0.0726059935	0.0637619136	0.051960071	0.00516129	-0.00670842	-0.0532319	-0.000234108	0.000660205	8.552389999999997e-05
0.20027089999999997	0.0067126976	-0.0088633247	-0.1319585501	-0.0593747559	-0.0676174208	-0.0713601504	0.0779063275	0.0719201593	0.062281575599999986	0.0494800651	0.00946617	-0.06960380000000001	-0.039029699999999994	0.00195971	0.000732737	-2.54949e-05
0.452000775	-0.01790546	0.2577123031	-0.185692515	0.0845061617	-0.035602874	0.0446362256	0.0777227516	0.0712053446	0.0607447724	0.0469203142	-0.00560701	-0.176352	-0.250895	0.000623913	0.00123754	0.0005001869999999999
0.252684015	-0.015300486100000003	0.08858832189999999	0.1144015294	0.028350644900000006	0.0330012311	0.0819761657	0.07753134589999999	0.07046183730000001	0.0591528974	0.0442849438	-0.014025999999999999	-0.156391	-0.166983	-0.00102371	0.00058867	-1.11605e-05
0.109503075	0.0061770729	0.16360610890000002	0.1137566237	-0.0096212221	-0.0550345371	0.0666209442	0.0773321295	0.06968993700000001	0.0575073938	0.0415782013	-0.018144	-0.15567	-0.223883	-0.000546873	0.000732737	0.000323217
0.166307745	-0.0078543128	0.0669855966	0.1247692872	0.052012116	-0.0044345588	0.0562634992	0.0771251226	0.06888995490000001	0.0558097533	0.038804449	-0.0180864	-0.163747	-0.136028	-0.00113256	0.000331839	-9.65609e-05
0.089429345	-0.0146403022	0.0667186961	0.08394187880000001	0.0393714147	-0.0386783794	0.0268483034	0.07691034599999999	0.0680622132	0.0540615151	0.0359681572	-0.0181428	-0.175488	-0.165705	-0.00181217	0.000250062	0.00010115100000000001
0.1375885	-0.0056603927	0.1070101053	0.08565462630000001	-0.0006011409	-0.0290716004	0.0320703364	0.0766878214	0.06720704549999999	0.0522642642	0.0330738971	-0.031555400000000004	-0.162972	-0.171129	-0.000407666	-0.00016355	0.000407753
0.13725715	-0.0165714914	0.0774317722	0.0582943813	-0.0013189272	-0.015652494399999998	0.0543674774	0.07645757110000001	0.0663247964	0.05041963	0.0301263332	-0.0181793	-0.153789	-0.13283499999999998	-0.00127116	0.000246973	0.00015368899999999998
0.09471964999999996	-0.0046972392	0.0931607956	0.0605672954	0.0113282783	-0.0616834611	0.0285028165	0.0762196185	0.06541582139999999	0.0485292848	0.0271302159	-0.0182429	-0.162914	-0.181418	-0.00111225	-0.00016355	0.000323217
0.15075245	-0.0184308761	0.0371683088	0.051006144100000005	0.0258516995	-0.0332886704	0.05941304450000001	0.0759739873	0.0644804868	0.046594942400000006	0.024090374	-0.0182114	-0.151136	-0.0845665	-0.0009048330000000001	0.000328247	0.000180602
0.08679578999999997	-0.0205988133	0.0242291196	0.0406456292	-0.0002308741	-0.0387145939	0.0439142199	0.0757207024	0.0635191694	0.044618356500000005	0.0210117067	-0.00390076	-0.132201	-0.107475	-0.000655645	0.000549276	0.000323218
0.07863125500000001	-0.0182399767	-0.0046600473	0.029508778500000006	0.0069673096	-0.0318733837	0.0293026485	0.0754597894	0.0625322567	0.0426013192	0.0178991758	-0.00465222	-0.132194	-0.0701122	-0.000447799	0.00031461099999999996	-4.44709e-05
0.04910278500000001	-0.0220461494	0.0050324906	0.0258747558	-0.0263341155	-0.0328390758	0.0118342361	0.07519127440000001	0.0615201462	0.0405456591	0.0147577975	-0.00471966	-0.11385899999999999	-0.0719116	-0.00039305300000000003	0.000159027	0.000323218
0.04909328	-0.0212523077	0.0103311697	0.0276607323	-0.0212563466	-0.0244107981	0.0279526448	0.0749151845	0.060483246	0.038453239900000005	0.0115926346	-0.00465468	-0.113798	-0.0858975	-0.000730428	0.00040162300000000004	0.000203561
0.04214600000000001	-0.0193912256	-0.009403307	0.0251065176	-0.0089608902	-0.0356699195	0.0187429208	0.0746315476	0.0594219737	0.0363259585	0.0084087885	-0.00464158	-0.11381600000000001	-0.0738614	-0.000566452	0.000719566	0.000323218
0.03935383	-0.0199187414	-0.0166771264	0.0211459727	-0.0113417009	-0.0181319638	0.0149153755	0.0743403923	0.058336757	0.0341657437	0.0052113902	-0.0046213	-0.122378	-0.0612709	-0.000566452	0.000517817	0.000161346
0.035073295000000004	-0.0178526679	-0.0327198023	0.010674226100000002	-0.0064436088	-0.0286975764	0.004942354	0.0740417477	0.0572280333	0.0319745538	0.002005593	-0.00253671	-0.11756300000000001	-0.06624189999999999	-0.0007377489999999999	0.000724735	7.55069e-05
0.034117665000000005	-0.0165507874	-0.0354845178	0.0055338146	-0.0163093968	-0.0229340646	0.0106972981	0.0737356442	0.0560962492	0.0297543755	-0.0012034366	-0.00250436	-0.11985599999999999	-0.062975	-0.00045462199999999996	0.0005574730000000001	-4.46124e-05
0.044471499000000005	-0.0141635497	-0.0480602223	-0.0089128125	-0.0230880917	0.0049072863	-0.0028963226	0.0734221124	0.0549418609	0.0275072215	-0.0044105266	-0.000983181	-0.11383599999999999	-0.055146600000000004	-0.000407676	0.000724735	0.000323218
0.039099320999999986	-0.0102713438	-0.0392414467	-0.0089372853	-0.0201472018	-0.0236360371	-0.0141501604	0.07310118389999999	0.0537653335	0.0252351292	-0.007610508399999999	0.008568539999999998	-0.11388599999999999	-0.068074	-0.000143693	0.000724735	0.000255797
0.18336611	-0.0076416462	0.0703966662	-0.0306282073	-0.0455546481	-0.0385274092	0.0150816332	0.0727728912	0.052567141100000006	0.0229401584	-0.0107982247	-0.00949417	-0.155595	-0.131019	0.000641696	0.000313002	0.00023993099999999998
0.12903228000000005	-0.0094770116	0.0598723644	0.0069300198	-0.0171059439	0.0362318313	0.080051864	0.0724372672	0.0513477665	0.0206243899	-0.0139685379	-0.0118267	-0.155383	-0.18296500000000002	-0.00038734	0.000350296	0.000664436
0.11758618999999998	-0.0010786995	-0.009883798	0.0316546957	0.024357632	-0.047764291900000005	0.0018900765	0.0720943458	0.050107701	0.0182899231	-0.0171163386	0.00480184	-0.148864	-0.13205799999999998	0.000175579	0.00062097	0.000627396
0.10724754	0.0004851232	0.0674872255	0.0094810923	-0.0516620994	0.0310715783	0.0625241427	0.0717441615	0.0488474444	0.0159388744	-0.0202365536	-0.011767	-0.160158	-0.168775	0.000552144	0.000314494	0.0004570830000000001
0.08871144999999997	0.0057126368	-0.0494675041	-0.0208144267	0.0899988689	0.0452499718	0.050462111	0.0713867496	0.0475675045	0.0135733754	-0.0233241543	-0.0154142	-0.158052	-0.178011	-0.00055718	0.00054575	0.000323218
0.17445026999999996	0.0068747096	-0.0617461039	-0.023036354900000004	0.0227216932	-0.0144283632	-0.0095987721	0.0710221462	0.046268397	0.0111955706	-0.0263741644	-0.00851558	-0.14735499999999999	-0.105521	0.0008509769999999999	0.00043287800000000004	0.000156954
0.192621455	0.0030639951	-0.0100918983	-0.0239272517	-0.0411384684	0.0699984726	0.0421041807	0.0706503878	0.0449506455	0.0088076158	-0.0293816684	-0.0250642	-0.187789	-0.22408699999999998	0.00106997	0.000384791	8.25773e-05
0.239358425	0.0186360808	-0.1145912797	-0.0434228293	0.06716848519999999	0.0360512191	-0.0149765832	0.0702715121	0.0436147809	0.006411676	-0.0323418192	-0.00937536	-0.133802	-0.10953099999999999	0.000577715	0.000754427	0.000323218
0.05467208999999999	0.0132187749	-0.0981682426	-0.0414289365	-0.0293223094	0.0421554184	-0.0114980626	0.0698855571	0.0422613414	0.0040099232	-0.0352498461	-0.00760117	-0.127195	-0.117815	0.000995724	0.000522739	0.000212777
0.03608002	0.0092613234	-0.1029983707	-0.0508982141	-0.0102784142	0.0391975265	-0.0137611857	0.06949256179999999	0.0408908726	0.001604535	-0.0381010623	-0.00715895	-0.128218	-0.104901	0.00120141	0.0006406280000000001	0.000323218
0.04548565	0.0102878552	-0.104749721	-0.050128931	-0.0346138738	0.0351719869	0.0006380277	0.0690925657	0.0395039266	-0.0008023078999999999	-0.0408908726	0.00255405	-0.11605499999999999	-0.09475080000000001	0.00124654	0.0008646869999999999	0.000323218
0.05675739	0.0146555885	-0.1150249558	-0.0566037427	-0.0007020980000000001	0.0103558501	-0.0050247977	0.0686856091	0.0381010623	-0.0032084234000000003	-0.0436147809	0.00290984	-0.11236099999999999	-0.0791573	0.0009633240000000002	0.000619459	0.00010938000000000004
0.061206929999999986	0.012222248	-0.1187591142	-0.0605970067	-0.030643355	0.0304019065	-0.0008881668	0.068271733	0.0366828449	-0.0056116301	-0.046268397	0.00496242	-0.08762339999999999	-0.0741228	0.0007372789999999998	0.000767221	0.000323218
0.02660089000000001	0.0150496504	-0.1277900994	-0.0680334073	-0.0085751818	-0.0033960963	-0.0279218459	0.0678509792	0.0352498461	-0.0080097493	-0.0488474444	0.00417008	-0.0761178	-0.07411779999999997	0.000788955	0.000645645	0.00021051099999999998
0.03227458	0.0089047718	-0.1189218535	-0.0640034722	-0.059381298099999986	0.0403730692	-0.0097325433	0.06742339	0.0338026431	-0.0104006067	-0.0513477665	0.00620466	-0.06664340000000002	-0.06540840000000002	0.00068438	0.000669487	0.000323218
0.04803001000000001	0.0128718835	-0.1208822268	-0.0704227028	0.01761517	-0.0429806857	-0.042241570599999986	0.0669890084	0.0323418192	-0.0127820349	-0.0537653335	-0.00607676	-0.0834443	-0.0633907	0.00062121	0.000694408	7.27092e-05
0.28301698	-0.0119213064	0.017282731200000002	-0.1130379609	-0.01374449	-0.0500360272	-0.0478700838	0.0665478783	0.030867963	-0.0151518747	-0.0560962492	-0.027844400000000002	-0.150516	-0.111104	-0.0008200760000000001	-0.000455257	0.000411045
0.12681105	0.0029936045	0.0374703366	-0.081357439	-0.0278299223	0.0913363741	0.0479419448	0.0661000441	0.0293816684	-0.0175079777	-0.058336757	-0.014968200000000001	-0.144521	-0.121171	0.000819803	-0.00023920400000000002	0.00051257
0.2646947	0.0550145189	0.1747833649	-0.0695544015	0.0258731123	-0.0535701429	0.0423502466	0.06564555080000001	0.0278835343	-0.0198482077	-0.060483246	-0.030372500000000007	-0.15621	-0.23875300000000002	-0.000540324	0.00032506799999999997	0.000988559
0.12371359999999999	0.0398837323	0.0905788332	0.1052763181	-0.0105713966	-0.0068506444	0.0310544383	0.0651844444	0.0263741644	-0.0221704431	-0.0625322567	-0.022927700000000002	-0.15818800000000002	-0.191526	-0.00102265	-0.000411444	0.0008661209999999998
0.05747985	0.050750477	0.0983367279	0.1052526849	-0.0201612611	-0.0039777724	0.005479193	0.0647167712	0.0248541669	-0.0244725786	-0.0644804868	-0.030397900000000005	-0.158135	-0.195182	-0.00153038	-0.0008297269999999999	0.0008661209999999998
0.05623004999999999	0.0389512283	0.06715189769999999	0.1056772839	-0.001521542	-0.0150337874	-0.0079690873	0.0642425783	0.0233241543	-0.026752527	-0.0663247964	-0.0194724	-0.17852200000000001	-0.184136	-0.00150283	-0.0008627239999999999	0.000649237
0.02501694999999997	0.023061953	0.0594697267	0.0740586238	0.0158476333	-0.016775653600000003	-0.0092300185	0.0637619136	0.0217847431	-0.0290082213	-0.0680622132	-0.019493599999999996	-0.17851199999999998	-0.164173	-0.0015890999999999998	-0.000850237	0.000650935
0.05418655000000002	0.0130970345	0.0481162753	0.0568235492	0.0064811947	-0.0352630472	0.0041732087	0.0632748254	0.0202365536	-0.0312376164	-0.06968993700000001	-0.0195169	-0.164169	-0.155673	-0.00127798	-0.000750138	0.0008661209999999998
0.035600599999999996	0.005870391500000001	0.0537214137	0.047926239	-0.0105884822	-0.0050853432	0.0168891083	0.0627813628	0.0186802098	-0.0334386912	-0.0712053446	-0.019540099999999998	-0.155973	-0.157773	-0.00135857	-0.00104592	0.0007368649999999999
0.03877764999999999	-0.0054497771	0.005022145	0.0112882296	0.0454254975	-0.0217914778	-0.0004330524	0.062281575599999986	0.0171163386	-0.035609450099999995	-0.0726059935	-0.0149476	-0.16154100000000002	-0.147371	-0.00124008	-0.00104592	0.000491052
0.12677748000000005	-0.014479465	-0.0101328631	-0.0022073504	0.01370913	-0.0147026739	0.0065826777	0.061775514	0.0155455703	-0.037747925	-0.07388962639999999	-0.00921782	-0.15299100000000002	-0.0978892	-0.0007720459999999998	-0.000628705	0.0008661209999999998
0.03410357999999997	-0.0150306954	-3.43365e-05	0.0144603305	-0.0173543441	-0.018798156200000003	-0.0177307526	0.0612632291	0.0139685379	-0.0398521774	-0.0750541746	-0.00406584	-0.14491099999999998	-0.10929900000000001	-0.0007720099999999997	-0.000689452	0.000737668
0.042260789999999986	-0.0169433899	0.0133907449	0.0059449614000000005	-0.0213531964	0.0127884393	0.0018525593	0.0607447724	0.0123858767	-0.0419202993	-0.0760977612	-0.0025746	-0.154156	-0.115914	-0.00040879199999999994	-0.000616821	0.0006753260000000001
0.02651184	-0.0177699532	0.006060478100000001	0.01039217	-0.0129932303	-0.0275155858	-0.0119127713	0.0602201963	0.0107982247	-0.0439504158	-0.0770187042	-0.00226671	-0.158984	-0.119848	-0.000472611	-0.00038596800000000004	0.000729493
0.05466342	-0.0171700085	0.0049618712	0.0110691377	0.0015664955	0.0184964646	-0.0076717958	0.0596895534	0.0092062214	-0.0459406864	-0.0778155195	-0.00521638	-0.14106400000000002	-0.121602	-9.574e-06	-0.00042709800000000016	0.0008661209999999998
0.236617065	-0.0034896099	-0.0591960357	-0.0279913481	0.1039640184	0.0052660913	-0.0077971574	0.0591528974	0.007610508399999999	-0.0478893067	-0.0784869228	-0.015845500000000002	-0.225327	-0.143964	-0.00113937	3.46697e-05	7.04258e-05
0.128341515	-0.0186937301	-0.0330560399	-0.0634073153	-0.0152495594	0.06390095429999999	-0.0098693498	0.0586102822	0.0060117288	-0.0497945101	-0.0790318321	-0.019768599999999997	-0.194984	-0.109922	-0.000496037	0.000592005	7.04258e-05
0.06745601000000001	-0.0144485076	-0.032629757999999995	-0.0593400867	-0.0038013942	0.0352803621	-0.0318934709	0.0580617626	0.0044105266	-0.0516545692	-0.0794493692	-0.0134077	-0.168647	-0.10466400000000001	-0.000547219	0.0007945209999999999	0.00040673
0.22030285	0.0161941049	0.1870839994	-0.096149859	-0.0146972536	-0.0162938865	-0.0475178402	0.0575073938	0.0028075473	-0.0534677978	-0.0797388611	-0.0230515	-0.196742	-0.195474	0.000302003	0.000196402	0.00079447
0.15485695	0.008018377	0.1427656482	0.0444066586	0.0017651864	0.0921428498	0.0417478657	0.0569472315	0.0012034366	-0.0552325519	-0.0798998413	-0.021185	-0.186425	-0.23380900000000002	-0.0007779589999999999	-0.000473845	0.00113103
0.07908150000000001	-0.0017974216	0.0693468074	0.1205712741	0.0222872786	-0.015960446	-0.0054317883	0.05638133240000001	-0.000401159	-0.0569472315	-0.0799320503	-0.028585700000000002	-0.20670999999999998	-0.203362	-0.000605787	-0.000522126	0.000932507
0.0449205	-0.0057688024	0.0601105587	0.08286569440000001	0.032700823399999995	0.0099199243	0.0084538699	0.0558097533	-0.002005593	-0.0586102822	-0.0798354362	-0.028669599999999996	-0.199264	-0.18556199999999998	-0.0007080210000000001	-0.000413173	0.0007518819999999999
0.04990904999999999	-0.0152064506	0.0408066568	0.0619789213	0.0364244308	-0.0252950952	-0.0086340785	0.0552325519	-0.0036092188	-0.0602201963	-0.0796101548	-0.0246824	-0.19693	-0.161865	-0.000960736	-0.0004354	0.000874757
0.05969459999999999	-0.0192555092	0.047052437	0.047536018	0.0229666463	-0.0293551923	0.0134225924	0.0546497862	-0.0052113902	-0.061775514	-0.079256569	-0.0108575	-0.171525	-0.1517	-0.000960736	-0.000242476	0.0008616869999999997
0.0485511	-0.0275574511	0.0318483304	0.046898744000000006	0.0232561262	-0.0490540477	0.0155017717	0.0540615151	-0.0068114617	-0.0632748254	-0.0787752489	-0.013314	-0.16438	-0.126424	-0.00112064	-0.00024623900000000004	0.0007518819999999999
0.04866950000000002	-0.029050991600000006	0.031490916800000004	0.0406267198	0.0081817761	-0.0496916126	0.018603539	0.0534677978	-0.0084087885	-0.0647167712	-0.07816697	-0.013295900000000001	-0.153892	-0.113004	-0.0008907179999999998	-0.000313306	0.0005540030000000001
0.04141980000000002	-0.0304415937	0.0355053148	0.0442501816	-0.0025592123	-0.052886315	0.0239039518	0.052868694	-0.0100027269	-0.0661000441	-0.0774327128	-0.011184	-0.148642	-0.10258800000000001	-0.000572143	-0.00046625199999999995	0.0005526859999999999
0.02616400000000001	-0.0347363784	0.0357881907	0.0440181005	-0.008885645	-0.0545451126	0.021777672	0.0522642642	-0.0115926346	-0.06742339	-0.0765736605	-0.0133089	-0.15390299999999998	-0.0949677	-0.000761115	-0.000447135	0.000567753
0.05077236999999999	-0.036993364	0.0419709254	0.0433559931	0.010482853	-0.0327645893	-0.0020953287	0.0516545692	-0.0131778711	-0.0686856091	-0.07559119780000001	-0.00681753	-0.16428900000000002	-0.09403570000000004	-0.000382833	-0.00030303599999999996	0.00043087400000000004
0.09261972500000004	-0.035605564900000004	0.0362163242	0.007067229200000001	0.0110214476	-0.0001117536	-0.0144374319	0.0510396705	-0.0147577975	-0.0698855571	-0.0744869079	0.00152796	-0.173524	-0.11003399999999999	7.15767e-05	-0.000987274	0.000388703
0.060797524999999984	-0.0374267959	0.0130435888	-0.0116825983	0.0004392579	0.0322422631	-0.0145314389	0.05041963	-0.0163317771	-0.0710221462	-0.0732625707	0.00287542	-0.17335899999999999	-0.09675349999999999	0.000624411	-0.0009831969999999999	0.0007518829999999997
0.08315105	-0.0217879964	-0.0139076339	-0.026505936400000003	0.0300460272	0.0543662586	-0.0273041522	0.0497945101	-0.0178991758	-0.0720943458	-0.0719201593	0.00705092	-0.144994	-0.08617529999999997	0.000548994	-0.000257967	0.0007518829999999997
0.05014082	-0.0132057742	-0.0452166574	-0.0184910326	0.0268627753	0.0184799504	-0.0676629916	0.0491643739	-0.0194593619	-0.07310118389999999	-0.07046183730000001	0.0120315	-0.132028	-0.06608789999999999	0.000530185	-3.46392e-05	0.0007518829999999997
0.06358206000000001	-0.0107739028	-0.0485430471	-0.0039236570000000005	-0.0092353976	0.0411372409	-0.0518483672	0.0485292848	-0.0210117067	-0.0740417477	-0.06888995490000001	0.0149213	-0.114229	-0.0582134	0.000634838	0.00032769300000000005	0.000985273
0.045330699999999995	-0.005669900699999999	-0.0470786503	-0.003088983	-0.0063450366	0.0145540515	-0.0629247571	0.0478893067	-0.0225555848	-0.0749151845	-0.06720704549999999	0.0235901	-0.106677	-0.06140610000000001	0.000595053	0.0007052339999999999	0.000884255
0.035942950000000015	-0.006387433100000001	-0.0410562092	5.136140000000001e-05	-0.0140300172	0.0263608045	-0.06082804	0.0472445043	-0.024090374	-0.0757207024	-0.06541582139999999	0.02384	-0.0967328	-0.0634639	0.000530185	0.000363604	0.000951578
0.054572	-0.008105234000000001	-0.0415352362	-0.0051091554	-0.0227203421	0.0066120163	-0.0607960576	0.046594942400000006	-0.0256154559	-0.07645757110000001	-0.0635191694	0.0217106	-0.06734169999999999	-0.0497483	0.000530185	0.000493794	0.00089505
0.033942400000000005	-0.0052410781	-0.0403717806	0.0031481506	-0.0050641708	0.0111285005	-0.056967088	0.0459406864	-0.0271302159	-0.0771251226	-0.0615201462	0.0231395	-0.0583375	-0.048918500000000004	0.000609616	0.000262802	0.0007518829999999997
0.042817439999999984	-0.0115249331	-0.034861523900000004	0.0011973306	-0.0188087883	-0.0126280859	-0.0528056338	0.0452818024	-0.0286340436	-0.0777227516	-0.0594219737	0.0155149	-0.06380860000000001	-0.0420158	0.000714659	1.67852e-05	0.0008572039999999998
0.151811605	-0.0103236192	-0.0306247122	-0.0314104257	0.0486596591	-0.0086699814	0.0017699945000000004	0.044618356500000005	-0.0301263332	-0.0782499164	-0.0572280333	0.019904599999999998	-0.125962	-0.06683589999999999	9.00131e-05	-0.000462216	0.0007518829999999997
0.09373060500000002	0.0261909966	-0.063756162	-0.051344249	0.0788646867	0.042098389900000005	0.0364245113	0.0439504158	-0.0316064831	-0.0787061389	-0.0549418609	0.019802700000000003	-0.132172	-0.055919	-0.00126298	-0.000370375	0.000837085
0.21413707	0.0596908289	-0.0829231075	-0.0432799765	-0.000874419	0.0098719242	-0.0359516186	0.0432780475	-0.0330738971	-0.07909100570000001	-0.052567141100000006	0.00337193	-0.0497741	-0.0173351	-0.000317888	0.00020639	0.0008244519999999999
0.06128347	0.0424303961	-0.0602211545	-0.0483596321	-0.0573299639	0.0420539285	-0.0307025155	0.0426013192	-0.0345279838	-0.0794041677	-0.050107701	0.009801299999999999	-0.044728500000000004	-0.033061900000000005	-0.00018044	0.000498858	0.0010761700000000002
0.028343000000000007	0.0419455208	-0.0696880054	-0.026859699	-0.0458661397	0.011309408799999998	-0.0367177309	0.0419202993	-0.0359681572	-0.079645341	-0.0475675045	0.0149067	-0.047587300000000006	-0.036811	-0.00032809699999999996	0.000575445	0.00118452
0.028634600000000014	0.0359108769	-0.0501255787	-0.0424070127	-0.0516582573	0.0540177048	-0.034473444900000004	0.0412350562	-0.0373938371	-0.0798143071	-0.0449506455	0.014242099999999999	-0.0356786	-0.0337082	-0.000232695	0.000714553	0.00115986
0.01662050000000001	0.0458654121	-0.0650236287	-0.0141513001	-0.0238335263	-0.0121550317	-0.0680092887	0.0405456591	-0.038804449	-0.0799109126	-0.0422613414	0.0148006	-0.0317584	-0.0338009	-0.00039624699999999996	0.000714553	0.00108243
0.13597291	0.009737869	-0.0253554725	-0.0654786386	-0.0527695391	0.0019052548	0.0003976946	0.0398521774	-0.0401994245	-0.07993507009999999	-0.0395039266	0.0110274	-0.06781530000000001	-0.0315577	0.00046309300000000003	-4.22892e-05	0.00134424
0.23032037	0.0074584208999999985	-0.0151692363	-0.0415017308	0.0197711305	0.047629347	0.0467872562	0.0391546809	-0.0415782013	-0.0798867576	-0.0366828449	0.00985179	-0.104965	-0.111387	-0.00121764	0.00036371300000000015	0.00118766
0.13292964	0.0551732638	-0.051285423200000006	-0.0284888366	0.0218329788	0.0178622819	0.0193734711	0.038453239900000005	-0.0429402241	-0.0797660189	-0.0338026431	0.0095414	-0.05735980000000001	-0.057366199999999985	-0.000801075	0.000274203	0.00107387
0.046574205	0.0560850223	-0.0450735299	-0.0343793506	-0.0132514781	-0.0162022235	0.0056911033	0.037747925	-0.0442849438	-0.0795729635	-0.030867963	0.0118208	-0.0598002	-0.058629099999999996	-0.00053214	3.50579e-05	0.00137762
0.05019705499999999	0.0481771868	-0.0291450416	-0.0431039514	-0.0306856738	0.0433221313	0.008868366400000001	0.037038807400000005	-0.0456118188	-0.0793077664	-0.0278835343	0.015643200000000003	-0.051043599999999995	-0.06595930000000001	-0.000325569	0.00037873400000000004	0.00132211
0.02580019	0.0495222762	-0.0480165239	-0.0094042863	-0.0166948643	-0.052097068	-0.0274914523	0.0363259585	-0.0469203142	-0.0789706681	-0.0248541669	0.00820816	-0.054097000000000006	-0.062038499999999996	-0.00040956699999999995	0.00029843299999999997	0.00125859
0.16688024	-0.0212956247	0.0486902255	-0.0958598155	-0.0781124539	0.0123647374	-0.0084505206	0.035609450099999995	-0.0482099028	-0.0785619741	-0.0217847431	0.0103113	-0.116342	-0.053571400000000005	0.00125623	0.000384016	0.00112867
0.31926653000000005	-0.0024720781	0.017958476299999998	-0.0412932191	0.0752974524	0.0791959401	0.0401651674	0.0348893543	-0.0494800651	-0.078082055	-0.0186802098	0.00351757	-0.125868	-0.174297	-0.00165117	0.00110075	0.00110838
0.387217314	0.033570926	-0.0379367735	0.0098964166	0.037323016	-0.06236269570000001	-0.0217448281	0.0341657437	-0.0507302891	-0.07753134589999999	-0.0155455703	0.000485861	-0.0698784	0.018985400000000003	-2.1725799999999998e-05	9.269209999999999e-05	0.00104761
0.167455394	-0.0216509963	0.0372122436	-0.0258863775	-0.0595872928	0.0781993182	0.0386014203	0.0334386912	-0.051960071	-0.07691034599999999	-0.0123858767	0.0106704	-0.0936224	-0.07105410000000001	-0.000445898	0.00042025699999999994	0.00116562
0.036411339999999986	0.0010676497	-0.0084131676	0.042421807	0.017559177	-0.0137943914	-0.0082604421	0.03270827	-0.0531689154	-0.0762196185	-0.0092062214	0.00823806	-0.08559669999999997	-0.051781600000000004	-0.000445898	0.000314771	0.00119375
0.06242816000000001	-0.0021542652	0.0043983492	-0.0007795557	-0.0111036968	0.0291380179	0.0163110395	0.0319745538	-0.0543563352	-0.0754597894	-0.0060117288	0.0050642	-0.06757769999999999	-0.0184481	-0.000445898	0.00042025699999999994	0.0012463000000000005
0.02063655000000001	0.010049595	-0.0144376105	0.0265414898	0.0119006905	-0.0406381227	-0.0096367119	0.0312376164	-0.0555218517	-0.0746315476	-0.0028075473	0.012470700000000001	-0.0643745	-0.0184516	-0.000445898	0.00035115	0.00111494
0.05485718000000001	-0.015576008999999997	0.0201591032	-0.0083786824	-0.0038493259	-0.0492226123	0.0074495889	0.0304975321	-0.0566649955	-0.0737356442	0.000401159	0.00513482	-0.08087909999999998	-0.0231456	-0.000351607	0.00042025699999999994	0.0007518839999999998
0.12697437	-0.0296596533	0.038080739	0.008787992	0.0025816954	-0.0191187734	0.0461830088	0.0297543755	-0.0577853059	-0.0727728912	0.0036092188	0.0013457	-0.0974737	-0.052136699999999994	-0.00151761	0.000279825	0.00099744
0.0921495	-0.0100803941	0.0110206572	0.0121897516	0.006727365	-0.0015981261	0.0409189641	0.0290082213	-0.0588823313	-0.0717441615	0.0068114617	0.0120821	-0.07953799999999997	-0.0240368	-0.00105914	0.00042025699999999994	0.000888792
0.030720600000000008	-0.0017776709	-0.0036286555	0.0310683721	0.0139709217	-0.033151924	0.017951701100000002	0.0282591448	-0.059955629800000014	-0.0706503878	0.0100027269	0.0208388	-0.07692710000000001	-0.0185269	-0.00105914	0.00035274300000000003	0.00109814
0.032503850000000015	0.0109275162	-0.003149035	0.0096034633	0.006265353299999999	5.2537e-05	0.02687387	0.0275072215	-0.061004769	-0.06949256179999999	0.0131778711	0.0125554	-0.0578991	-0.0185237	-0.00105914	0.000420258	0.00106187
0.01831905000000001	0.0192985278	-0.0116778988	0.019910769	0.0070076951	-0.045384115700000005	-0.0003713579	0.026752527	-0.0620293259	-0.068271733	0.0163317771	0.0176813	-0.0509081	-0.018509599999999998	-0.0009732000000000001	0.00042025699999999994	0.00109969
0.0340349	0.0167304556	0.0001092373	-0.004117157	-0.0184406346	-0.0082520874	0.0161951072	0.0259951375	-0.0630288878	-0.0669890084	0.0194593619	0.023997900000000003	-0.0537131	-0.0322949	-0.00104281	0.000304747	0.00113713
0.07310844999999999	0.0260022652	-0.0104915917	0.0096641719	-0.01637028	-0.015355866	0.0033823412	0.0252351292	-0.06400305190000001	-0.06564555080000001	0.0225555848	0.016205	-0.0480441	-0.04180759999999999	-0.000158513	0.00042025699999999994	0.0011342600000000002
0.04488425	0.0318269576	-0.0045645177	-0.0088054472	-0.0210889158	-0.004133471	0.007484954300000002	0.0244725786	-0.06495142570000001	-0.0642425783	0.0256154559	0.017547199999999995	-0.043171	-0.0405216	-0.00069263	0.000209995	0.00113754
0.0373127	0.0195714915	-0.0005275111	0.0154587878	-0.0373401797	-0.0413021761	0.0005516024	0.0237075627	-0.065873627	-0.0627813628	0.0286340436	0.019521700000000003	-0.0484215	-0.034888	-0.00027105099999999996	0.00018738200000000002	0.00109265
0.26647937999999993	-0.0603698236	0.121928235	-0.072815332	-0.0084017286	-0.0873259806	0.0388715719	0.0229401584	-0.0667692842	-0.0612632291	0.0316064831	-0.00496703	-0.131947	-0.11951400000000001	-0.00097703	-0.000277702	0.00078693
0.139193435	-0.0686261165	0.1167125704	0.020609784	0.0199266785	0.0652149362	0.0446004352	0.0221704431	-0.0676380363	-0.0596895534	0.0345279838	-0.0142926	-0.192597	-0.165707	-0.00101952	-4.505970000000001e-05	0.000601565
0.21515886	-0.0484545186	0.0724248206	0.056130406900000006	-0.012478268600000002	-0.023023917	0.0058794655	0.0213984944	-0.0684795334	-0.0580617626	0.0373938371	-0.00266503	-0.14579	-0.0904933	-2.308150000000001e-05	-0.000161068	0.00111933
0.191684035	-0.0717538329	0.1293267595	0.0586920116	0.005284997099999999	0.0631081549	0.0099334697	0.0206243899	-0.0692934363	-0.05638133240000001	0.0401994245	-0.014249000000000001	-0.204074	-0.17484	1.51062e-05	-4.94084e-05	0.00051979
0.219976394	-0.0336240798	0.0208484615	0.0765336169	0.091096262	-0.0347041158	0.005931920699999999	0.0198482077	-0.0700794171	-0.0546497862	0.0429402241	-0.000177496	-0.165129	-0.07433439999999998	-0.0008832989999999998	-0.000188231	0.000811648
0.114283484	-0.0624252437	0.08591203300000001	0.0452110661	-0.0211923462	0.0377405954	0.0186530383	0.019070026	-0.07083715900000001	-0.052868694	0.0456118188	-0.00241338	-0.194116	-0.111358	-0.000166877	-0.000272968	0.0009312290000000002
0.1882411	-0.0155417732	0.0109774682	0.0396717553	0.1082126986	0.0466807452	0.0502306247	0.0182899231	-0.0715663568	-0.0510396705	0.0482099028	-0.00111653	-0.16375399999999998	-0.12978800000000001	-0.00218059	0.00041648099999999996	0.000991112
0.26131798	-0.0308236311	0.0264462138	0.016002368700000002	0.0043195263	-0.0426829967	-0.0164182333	0.0175079777	-0.07226671650000001	-0.0491643739	0.0507302891	0.00465036	-0.133495	-0.0467899	2.2929e-06	-7.94879e-05	0.0011581400000000006
0.18822878	-0.0159147775	0.0322227731	0.0035046974	0.05583755730000002	0.0957925441	0.0634158312	0.016724268400000002	-0.072937956	-0.0472445043	0.0531689154	-0.00251998	-0.13248800000000002	-0.14921199999999998	-0.0013495	0.000106576	0.00117287
0.23734736399999998	0.0300760941	-0.0326746276	0.0236162433	0.0801396848	-0.09905351789999996	-0.011259486200000002	0.0159388744	-0.07357980480000001	-0.0452818024	0.0555218517	0.00837294	-0.06619889999999999	-0.0389228	-0.0005069580000000001	-5.834880000000003e-06	0.00121544
0.025516161000000002	-0.0048744584	0.0114925679	0.012283816	-0.0477284265	-0.0110782183	0.0511848682	0.0151518747	-0.0741920043	-0.0432780475	0.0577853059	0.014451599999999997	-0.0716421	-0.0464414	-0.0006011640000000001	-1.52629e-05	0.00124132
0.049401165	0.0030808992	-0.0203126445	0.034359266	-0.0014713835	-0.0672352485	0.0145305115	0.0143633485	-0.0747743077	-0.0412350562	0.059955629800000014	0.0199747	-0.07997619999999997	-0.0211728	-0.0006011640000000001	3.39244e-05	0.00139764
0.067530569	-0.0377359054	0.0274398481	-0.0096042132	-0.0626306913	-0.0329886588	0.0475847859	0.0135733754	-0.0753264804	-0.0391546809	0.0620293259	0.016614	-0.0800256	-0.0102444	7.91597e-05	2.82672e-06	0.00104522
0.20698256600000006	-0.0413660255	0.0276540426	0.007910393	0.023811279100000003	0.018501245	0.0791704947	0.0127820349	-0.07584830000000001	-0.037038807400000005	0.06400305190000001	0.0129202	-0.114551	-0.0829102	-0.00169296	-7.94879e-05	0.0009777030000000001
0.2080714	-0.0036489057	-0.0230931865	0.0424247467	0.0064470103	-0.0502954234	0.024128318500000003	0.0119894067	-0.0763395561	-0.0348893543	0.065873627	0.019956599999999998	-0.057538099999999995	0.007681699999999999	-0.000645922	-7.94879e-05	0.000956137
0.06619759499999997	-0.0137903807	-0.0103200374	0.0201644501	-0.0144923544	-0.0402843492	0.0236054417	0.0111955706	-0.0768000508	-0.03270827	0.0676380363	0.022068099999999997	-0.069909	-0.014653999999999999	-0.000418488	0.000270337	0.0009664680000000001
0.04773805	-0.0145942104	-0.0137352512	0.030333891600000006	-0.0273323638	-0.0314141388	0.0076078876	0.0104006067	-0.0772295986	-0.0304975321	0.0692934363	0.022078900000000002	-0.0724993	0.00764815	-0.0006763110000000001	0.000253266	0.00114827
0.0510565	-0.0181462767	-0.0083306961	0.0178426631	-0.023508274300000003	-0.016290608300000002	0.0221974281	0.0096045951	-0.0776280263	-0.0282591448	0.07083715900000001	0.0238418	-0.06778569999999999	-0.00338305	-0.00106705	0.000510003	0.00112477
0.03509305	-0.016033596	-0.0234822006	0.0335300894	-0.0259275994	-0.0621267504	0.0004335526	0.0088076158	-0.07799517339999999	-0.0259951375	0.07226671650000001	0.0199399	-0.0582105	-0.0194252	-0.00104081	0.0005900090000000001	0.00111954
0.128322455	-0.0487207608	0.0170450226	-0.007721016999999998	-0.0360636262	-0.0231971679	0.0263813609	0.0080097493	-0.078330892	-0.0237075627	0.07357980480000001	0.019906	-0.09800650000000001	-0.0343775	-0.00017749200000000001	3.92919e-05	0.0010627700000000002
0.12280599999999996	-0.0150475008	-0.012730798400000002	-0.0014794013	0.035869667200000004	0.0747880789	0.0286016816	0.0072110759	-0.0786350467	-0.0213984944	0.0747743077	0.0219001	-0.0955406	-0.08161029999999997	-0.00130857	-6.22941e-05	0.00125237
0.153490415	0.0265824861	-0.0424039438	0.0099664831	0.031566529	-0.048663385700000006	-0.016955085800000002	0.006411676	-0.07890751509999999	-0.019070026	0.07584830000000001	0.0165995	-0.053776300000000006	-0.043182599999999995	-1.0574e-05	-8.04844e-05	0.0012086000000000006
0.06396852	0.010766096299999998	-0.0294513525	0.014897316	-0.030830362200000006	0.0274339034	-0.0115462938	0.0056116301	-0.0791481873	-0.016724268400000002	0.0768000508	0.022038	-0.06758650000000001	-0.0447579	-0.00042677199999999996	0.00011006799999999999	0.00146474
0.04131184999999999	-0.0038118722	-0.026815118	0.006649451999999999	-0.026642444700000004	-0.0369392232	-0.0242377423	0.004811019000000001	-0.07935696639999999	-0.0143633485	0.0776280263	0.015323699999999999	-0.06693099999999999	-0.033920099999999995	-0.00042677199999999996	-0.000168967	0.00128169
0.11568872	-0.0397107449	0.0122334855	-0.027837481400000003	-0.0343187305	0.033601827	-0.0042129018	0.0040099232	-0.0795337681	-0.0119894067	0.078330892	0.012056	-0.105394	-0.078185	-0.0008395889999999999	-1.7881600000000002e-05	0.00125173
0.11759933	0.0148118833	-0.0412514322	0.0168081629	0.0353276525	0.0030965018	-0.006858269	0.0032084234000000003	-0.0796785214	-0.0096045951	0.07890751509999999	0.0111565	-0.0422555	-0.0431848	-0.0008395889999999999	0.00018924099999999999	0.00108763
0.045531699999999994	0.0072906822	-0.0286713769	0.0004900532	-0.0263769969	0.0047127427000000005	-0.0122358841	0.0024066004	-0.0797911678	-0.0072110759	0.07935696639999999	0.021214	-0.0561788	-0.054550699999999994	-0.0008395889999999999	0.00018924099999999999	0.00129133
0.045290349999999986	0.0151592556	-0.0399851999	0.0080663356	-0.0016909485	0.0076337249	-0.0167091482	0.001604535	-0.0798716619	-0.004811019000000001	0.0796785214	0.030218900000000007	-0.0562845	-0.0504476	-0.000437086	0.00018924099999999999	0.00153036
0.02340619999999999	0.0105602722	-0.0330921668	0.0001572552	-0.0218736834	0.013529005	-0.0108967603	0.0008023078999999999	-0.0799199714	-0.0024066004	0.0798716619	0.0301973	-0.0434734	-0.055262	-0.000437086	0.000111729	0.00149269
0.028327884999999994	0.0115681332	-0.0371163478	0.0018355591	-0.0122468688	-0.0032523958	-0.0264066733	0.0	-0.0799360767	-0.0	0.0799360767	0.0301847	-0.0485037	-0.039143199999999996	-0.000497012	6.98913e-05	0.00153425
0.043705785	0.0090183026	-0.0363098226	-0.0034930871	-0.0346316311	-0.0049716565	-0.0055697321	-0.0008023078999999999	-0.0799199714	0.0024066004	0.0798716619	0.0302365	-0.04032480000000002	-0.0409749	-0.0008191489999999999	0.000391652	0.00156322
0.10793989999999999	-0.0155278179	-0.0335441539	-0.0152422299	-0.0268723221	-0.0917381627	-0.0089272623	-0.001604535	-0.0798716619	0.004811019000000001	0.0796785214	0.023243299999999998	-0.0563075	-0.031464599999999995	0.00012586400000000005	0.00012077100000000005	0.00127004
0.170075485	-0.0569171972	0.0102259197	-0.05811593900000001	-0.0216185905	0.0781898292	0.0418147538	-0.0024066004	-0.0797911678	0.0072110759	0.07935696639999999	0.011999600000000001	-0.13436800000000002	-0.08446419999999999	-0.00024425	-5.4298699999999996e-05	0.0012597900000000006
0.14627785499999998	0.0572637781	-0.0559242981	0.0098857941	0.12286646	0.0073176453	0.0136484018	-0.0032084234000000003	-0.0796785214	0.0096045951	0.07890751509999999	0.00508673	-0.050544	-0.0734076	-0.0006253519999999999	0.000326567	0.0011320700000000002
0.17377723	0.028420799999999996	-0.0232266248	-0.0539294461	-0.0234738512	-0.0399490893	-0.0320810143	-0.0040099232	-0.0795337681	0.0119894067	0.078330892	0.0218342	-0.047699599999999995	-0.00811819	0.00038644	-0.00027515	0.00129648
0.20828166	-0.0240239228	-0.0178572036	-0.042822423	-0.0376432207	0.0989471718	-0.002567214	-0.004811019000000001	-0.07935696639999999	0.0143633485	0.0776280263	0.0184242	-0.08467539999999997	-0.0896031	-0.000542752	0.000334237	0.00148612
0.1166789	0.0116965865	-0.0528390941	0.016242176100000002	-0.0001844608	-0.0028020754	-0.0520965199	-0.0056116301	-0.0791481873	0.016724268400000002	0.0768000508	0.018514199999999998	-0.041129	-0.044513	-0.00048825	0.00018924099999999999	0.00112657
0.04627584500000001	0.0064795449	-0.0410836282	-0.0057074284	-0.025214027200000003	0.0403877749	-0.0312915368	-0.006411676	-0.07890751509999999	0.019070026	0.07584830000000001	0.0161585	-0.035124800000000005	-0.06097730000000001	-0.000542752	7.02601e-05	0.00138212
0.036523644999999993	0.0137736759	-0.0439389457	0.0069888383	0.0015960807000000002	0.016192626499999998	-0.0380152397	-0.0072110759	-0.0786350467	0.0213984944	0.0747743077	0.0184713	-0.0403327	-0.0707502	-0.00034679199999999996	0.00018924099999999999	0.00131246
0.04697149999999999	0.0134619886	-0.0413962728	-0.0029427525	-0.0092869644	0.0190121101	-0.0405176782	-0.0080097493	-0.078330892	0.0237075627	0.07357980480000001	0.0213843	-0.029066599999999998	-0.0661877	-0.000778093	0.000267258	0.00136774
0.024525400000000003	0.016120144	-0.0394847746	-0.0061868186	-0.0134185086	0.0168363789	-0.0449470071	-0.0088076158	-0.07799517339999999	0.0259951375	0.07226671650000001	0.018486900000000004	-0.022528599999999996	-0.060040099999999985	-0.0007856339999999999	0.00018924099999999999	0.00146103
0.058247330000000014	0.0164569333	-0.048928123600000005	-0.005555359300000001	-0.011464043	-0.0512557676	-0.0453270035	-0.0096045951	-0.0776280263	0.0282591448	0.07083715900000001	0.018467700000000004	-0.00743419	-0.0477077	-0.000497818	2.85406e-05	0.00129352
0.14115694	-0.085196089	0.0188448472	-0.1055938352	-0.0352890611	-0.0952891179	0.032360739900000005	-0.0104006067	-0.0772295986	0.0304975321	0.0692934363	0.0184857	-0.09750589999999999	-0.0643294	-0.000300685	-0.000308837	0.00113912
0.32121655600000004	-0.06707816650000001	0.0211467338	-0.0861485268	0.11603298	0.1846466945	0.1273925394	-0.0111955706	-0.0768000508	0.03270827	0.0676380363	0.000484144	-0.136122	-0.15035199999999999	-0.00300518	0.000301689	0.000882615
0.219100286	0.1694633481	0.0736062548	-0.0768855467	0.3625005711	-0.06329682910000001	-0.0330083723	-0.0119894067	-0.0763395561	0.0348893543	0.065873627	0.00160353	-0.0417596	-0.12237	-0.00149397	0.000372834	0.00121299
0.09311842	0.13633258880000002	0.1238369793	0.0075936669	0.0494941065	-0.06294371730000001	-0.0668475279	-0.0127820349	-0.07584830000000001	0.037038807400000005	0.06400305190000001	-0.00137689	-0.0325459	-0.098888	-0.000609927	0.00012010100000000001	0.00120092
0.07368019	0.1302970962	0.1010281677	0.0884062741	-0.07861371589999999	0.0192806819	-0.0532405651	-0.0135733754	-0.0753264804	0.0391546809	0.0620293259	0.00517805	-0.0393565	-0.117791	-0.000228222	0.000309291	0.0009435820000000002
0.12083226	0.0787985957	0.0478059326	-0.0441913869	-0.14845488210000002	0.022345967400000003	-0.06417129440000001	-0.0143633485	-0.0747743077	0.0412350562	0.059955629800000014	0.00223196	-0.00502983	-0.0685987	0.00036286900000000004	0.000380075	0.000918113
0.16191516	0.0852024772	0.0444996616	0.0017585669	-0.0482455534	0.1559504135	0.010980468	-0.0151518747	-0.0741920043	0.0432780475	0.0577853059	0.013336500000000001	-0.018255700000000003	-0.122188	-0.00071563	0.000715398	0.0011842
0.0429836	0.1095046026	0.052382014000000005	0.0376836783	-0.0332908545	0.0364701675	-0.0325516226	-0.0159388744	-0.07357980480000001	0.0452818024	0.0555218517	0.0154918	-0.0129601	-0.118618	-0.000514522	0.000321232	0.00114022
0.028579970000000007	0.098263923	0.0633866256	0.007683813100000002	-0.026145158	0.0710226813	-0.0379582988	-0.016724268400000002	-0.072937956	0.0472445043	0.0531689154	0.00997812	-0.00683086	-0.122202	-0.00055363	0.000270519	0.00131746
0.017516490000000003	0.1041059347	0.0665689107	0.01059064	-0.0103149368	0.050344322699999985	-0.0471244376	-0.0175079777	-0.07226671650000001	0.0491643739	0.0507302891	0.011620700000000001	-0.00722757	-0.117925	-0.00042095	0.000232365	0.00126429
0.03807354	0.1035895285	0.0692499444	0.011357964	-0.0149391309	0.0318603674	-0.047318127800000005	-0.0182899231	-0.0715663568	0.0510396705	0.0482099028	0.011098899999999998	-0.00474063	-0.106728	-0.000788768	0.00019230700000000001	0.00119481
0.030281500000000006	0.0958726323	0.0816514394	-0.0044076098	-0.0181974683	0.0241764623	-0.0450558563	-0.019070026	-0.07083715900000001	0.052868694	0.0456118188	0.010451100000000001	-0.00565128	-0.122228	-0.0007728089999999997	0.00043939900000000004	0.00119622
0.04041287	0.1009946297	0.0714029605	0.021620624900000003	-0.0220595561	0.0208144388	-0.059345657	-0.0198482077	-0.0700794171	0.0546497862	0.0429402241	0.0126	-0.006186100000000001	-0.10565999999999999	-0.0004649	0.000445423	0.00108693
0.101671985	0.0516331957	0.0258732267	-0.085805265	-0.08927799550000001	-0.0296748475	-0.030836677200000006	-0.0206243899	-0.0692934363	0.05638133240000001	0.0401994245	0.00949256	0.00790476	-0.060029499999999986	4.4785699999999994e-05	0.000186085	0.00109477
0.08943392	-0.0293938887	0.0068076764000000005	-0.1912775761	-0.0075304844	0.0921080134	-0.0066562748	-0.0213984944	-0.0684795334	0.0580617626	0.0373938371	0.013087399999999999	-0.016965900000000003	-0.08591319999999998	-6.502770000000001e-05	0.0004970759999999999	0.00137566
0.114931985	0.0270111286	-0.0112354259	-0.0049835878000000005	0.0100996682	0.15678874210000002	0.0279942794	-0.0221704431	-0.0676380363	0.0596895534	0.0345279838	0.00405153	-0.0042832	-0.10534	-0.000255439	-0.000189948	0.000777363
0.18441707	-0.0526908613	-0.0109646996	-0.0870796151	-0.0340973101	0.011315811100000002	-0.07009419110000001	-0.0229401584	-0.0667692842	0.0612632291	0.0316064831	0.0108983	-0.08512609999999997	-0.117907	-0.0005711819999999999	0.00053831	0.00141657
0.19139274	-0.0432009846	-0.0452401104	0.0300772184	0.0166399352	-0.0750242178	-0.1330479701	-0.0237075627	-0.065873627	0.0627813628	0.0286340436	0.010321799999999999	-0.0214102	-0.0478859	4.61378e-05	0.000672975	0.00102697
0.04333092	-0.017977343	-0.0420375053	-0.0017854502	0.005383298199999999	0.0852145331	-0.006458606	-0.0244725786	-0.06495142570000001	0.0642425783	0.0256154559	0.00349517	-0.0251952	-0.0456727	3.3891e-05	0.00017962	0.00113149
0.15987973	-0.0290596595	-0.047581072800000006	0.0192219344	0.0009038882	0.0818529368	-0.0189961476	-0.0252351292	-0.06400305190000001	0.06564555080000001	0.0225555848	0.00420825	-0.047407300000000006	-0.106223	-0.00103918	0.00028565400000000004	0.00148047
0.11985767	-0.0443098397	-0.045507190700000005	0.0076307708	0.0082130421	-0.0145895014	-0.0657191262	-0.0259951375	-0.0630288878	0.0669890084	0.0194593619	0.00160293	-0.0426555	-0.062309500000000004	-0.00028681599999999996	0.000542301	0.00111774
0.07610912	-0.0230810852	-0.0557891313	0.011307241	0.045028055	-0.037579477	0.0646661107	-0.026752527	-0.0620293259	0.068271733	0.0163317771	-0.00536374	-0.054011500000000004	-0.0398945	-0.000500253	0.00028565400000000004	0.0008803949999999999
0.078809184	-0.0598265806	-0.035555875	-0.0012113867	-0.0278380253	-0.0744516903	0.06279527160000001	-0.0275072215	-0.061004769	0.06949256179999999	0.0131778711	0.000827244	-0.0868516	-0.034826199999999995	-0.000834075	0.000115365	0.00107048
0.090345116	-0.1053839566	-0.0107629397	-0.0214112513	0.0005587081	-0.0510650159	0.0249845765	-0.0282591448	-0.059955629800000014	0.0706503878	0.0100027269	0.00177397	-0.119201	-0.0469749	-0.00027137200000000003	7.31792e-05	0.000777363
0.14134042	-0.034394267400000005	-0.0414454827	0.0065721647	0.0716709893	-0.016452713799999998	0.1244393738	-0.0290082213	-0.0588823313	0.0717441615	0.0068114617	0.010359700000000001	-0.0777463	-0.019405099999999998	-0.0013335	0.000285655	0.000777363
0.06482456	-0.0283590604	-0.0526797543	0.0490659734	0.0047044235	-0.1168107118	0.0773001185	-0.0297543755	-0.0577853059	0.0727728912	0.0036092188	0.00687351	-0.05807130000000001	-0.00324563	-0.000875378	0.000285655	0.0008293189999999999
0.07606657	-0.0737366883	-0.021513072	-0.0215583028	-0.052633651100000005	-0.0581152152	0.0541826755	-0.0304975321	-0.0566649955	0.0737356442	0.000401159	0.0048102	-0.07764469999999997	0.00953347	-0.00047410000000000003	-9.412719999999999e-05	0.0007773639999999999
0.17035486	-0.0965913737	-0.0186417101	-0.0076585269	-0.0149422875	-0.0013903574	0.0723276472	-0.0312376164	-0.0555218517	0.0746315476	-0.0028075473	-0.00411133	-0.104876	-0.04461180000000002	-0.00140588	0.000285655	0.000487791
0.07860132	-0.0792103019	-0.0397091306	0.0341688284	0.0163657217	-0.0618604771	0.1035294332	-0.0319745538	-0.0543563352	0.0754597894	-0.0060117288	0.00357304	-0.0854811	-0.0170739	-0.00159599	0.000285655	0.0007773639999999999
0.039902355	-0.0733774694	-0.0392943258	0.0306429546	0.003744038	-0.0545584365	0.0822570356	-0.03270827	-0.0531689154	0.0762196185	-0.0092062214	0.0115144	-0.0910218	-0.0239085	-0.00140572	8.42111e-05	0.0007773639999999999
0.042105364999999985	-0.07326179740000001	-0.0395570713	0.028084079	-0.0051821503000000005	-0.045637057	0.0559933753	-0.0334386912	-0.051960071	0.07691034599999999	-0.0123858767	0.00527723	-0.0855229	-0.0166664	-0.00120005	0.000285655	0.000832794
0.02836972	-0.06813623719999999	-0.0443848705	0.0341424382	0.0084447328	-0.05805751570000001	0.053039138	-0.0341657437	-0.0507302891	0.07753134589999999	-0.0155455703	0.0103223	-0.0682855	-0.015656899999999998	-0.00118362	0.00021924900000000008	0.000851513
0.05392826	-0.07328874	-0.0350525969	0.0225160097	-0.019180576	-0.0861512126	0.029949874700000007	-0.0348893543	-0.0494800651	0.078082055	-0.0186802098	0.018774700000000002	-0.0654465	-0.00911924	-0.000649431	0.000124194	0.000944253
0.18380788	-0.1511342807	0.0368851722	-0.0152212356	-0.0076760428	-0.0762472442	0.033299549	-0.035609450099999995	-0.0482099028	0.0785619741	-0.0217847431	-0.00716182	-0.10660399999999999	-0.06409590000000001	-0.00135291	-0.000240182	0.0007773639999999999
0.12115597999999995	-0.162115139	0.06068322480000001	0.034166708500000004	0.0393347344	-0.0552095025	0.0448704158	-0.0363259585	-0.0469203142	0.0789706681	-0.0248541669	-0.011586200000000001	-0.125796	-0.107205	-0.00230235	-0.000240182	0.000638194
0.09076245	-0.1489533064	0.0129124006	0.1020186324	0.0049771592	-0.0646172438	0.0238070728	-0.037038807400000005	-0.0456118188	0.0793077664	-0.0278835343	-0.0071241	-0.14568	-0.0674633	-0.00193443	-0.000150135	0.00071372
0.05476927	-0.1329967805	-0.0059896537	0.08775951439999999	0.0488345712	-0.0302012844	0.0377313977	-0.037747925	-0.0442849438	0.0795729635	-0.030867963	-0.00716182	-0.13441199999999998	-0.0403478	-0.0017611599999999997	-0.000240182	0.0007773639999999999
0.11566987999999995	-0.1003294651	-0.0307613233	0.0586973111	0.055835155199999986	-0.0350664159	0.038466503	-0.038453239900000005	-0.0429402241	0.0797660189	-0.0338026431	-0.00052339	-0.13172799999999998	0.0019500999999999998	-0.00144764	0.000335646	0.000385721
0.15979501	-0.0531027634	-0.0315118407	0.0141868416	0.125896598	0.0424249206	0.0382539873	-0.0391546809	-0.0415782013	0.0798867576	-0.0366828449	-0.011758	-0.114228	-0.044756300000000006	-0.00273012	0.0007064889999999999	0.000351964
0.23082965	0.0637279633	0.01694342	-0.0199044224	0.1970311095	-0.0905216529	-0.0705469918	-0.0398521774	-0.0401994245	0.07993507009999999	-0.0395039266	-0.00868022	-0.00508238	-0.0468635	-0.00126672	0.000548064	0.00106012
0.13943490000000006	0.0260053225	0.0246709265	0.0046087009	-0.0554884046	-0.0212547069	-0.0936965384	-0.0405456591	-0.038804449	0.0799109126	-0.0422613414	0.00723994	0.0044218	-0.032872900000000004	-5.56613e-05	-6.14145e-05	0.0008802579999999998
0.11768873	-0.0212345196	-0.0095972795	0.011863648700000002	-0.088930372	0.090825759	-0.0462945809	-0.0412350562	-0.0373938371	0.0798143071	-0.0449506455	0.00710957	-0.0089443	-0.0947067	-0.000452108	0.00038930800000000016	0.0008802579999999998
0.05210527	0.0034146543	-0.0165771718	0.0559585224	-0.0340141392	0.027289074	-0.0791352989	-0.0419202993	-0.0359681572	0.079645341	-0.0475675045	0.00328098	-0.00234197	-0.0681963	-0.000569049	0.00020297	0.0008802579999999998
0.05295937	0.0083365087	-0.010764183	0.0399432286	-0.0207157047	0.0154370803	-0.065122075	-0.0426013192	-0.0345279838	0.0794041677	-0.050107701	0.020103	-0.00276652	-0.07212169999999997	-0.000750227	0.00038930800000000016	0.00114849
0.02344803999999999	0.0108771426	-0.0093631151	0.0312526733	-0.0151108949	0.0218467564	-0.0644968774	-0.0432780475	-0.0330738971	0.07909100570000001	-0.052567141100000006	0.0155335	0.00455412	-0.0631549	-0.0007759589999999999	0.00038930800000000016	0.00117458
0.03465814	0.0143443674	-0.0097607353	0.028631621800000007	-0.0168217117	0.0019305087	-0.0591656476	-0.0439504158	-0.0316064831	0.0787061389	-0.0549418609	0.0180482	-0.0014373700000000005	-0.071387	-0.000530844	0.000284956	0.00116565
0.02546375	0.0107735889	-0.0048501717	0.0206302273	-0.0195739881	0.0131148358	-0.0511695634	-0.044618356500000005	-0.0301263332	0.0782499164	-0.0572280333	0.0216255	0.00387118	-0.0681645	-0.00053853	0.00038930800000000016	0.00101058
0.030382920000000008	0.0142203766	-0.0110065334	0.025514416600000003	-0.0404615731	-0.0334748534	-0.0317409303	-0.0452818024	-0.0286340436	0.0777227516	-0.0594219737	0.0119895	0.0123441	-0.06240660000000001	-0.00053853	0.00038930800000000016	0.0008802579999999998
0.12303323	-0.0767432294	0.0092706153	-0.0879603708	-0.0376834988	-0.0771070116	0.0739425566	-0.0459406864	-0.0271302159	0.0771251226	-0.0615201462	0.00334867	-0.07437299999999998	-0.06819860000000001	-0.0007215489999999999	0.000299864	0.000715055
0.24478276399999999	-0.0741394465	0.0027893528000000004	-0.05342771	0.0328561322	0.1154254126	0.08275634330000001	-0.046594942400000006	-0.0256154559	0.07645757110000001	-0.0635191694	-0.000542144	-0.122339	-0.129882	-0.0022554000000000003	0.00116177	0.000485961
0.280321086	0.0550714375	-0.0049239637	0.0417972568	0.1338550242	0.0260787149	-0.0486620544	-0.0472445043	-0.024090374	0.0757207024	-0.06541582139999999	-0.00546343	-0.0117035	-0.06864119999999999	-0.00135154	0.000534129	0.00102493
0.09131585	0.0678197505	0.0341197774	0.022649973	0.048155267	-0.018922141200000003	-0.0939406577	-0.0478893067	-0.0225555848	0.0749151845	-0.06720704549999999	0.00184407	-0.011774600000000001	-0.08361219999999997	-0.000388208	0.000199856	0.00110665
0.058096633499999994	0.0536658356	0.0267035523	0.046380866500000006	-0.031458555	0.0396535677	-0.0834806641	-0.0485292848	-0.0210117067	0.0740417477	-0.06888995490000001	0.01057	-0.0159491	-0.104529	-0.00019783900000000008	-3.4930699999999997e-06	0.00119852
0.0524950245	0.0505307977	0.0330490392	0.0239447495	-0.0425943187	0.06185404200000001	-0.08398533650000001	-0.0491643739	-0.0194593619	0.07310118389999999	-0.07046183730000001	0.008133849999999998	-0.000434979	-0.09852899999999999	-0.000354781	0.00027582	0.00106388
0.03561826899999999	0.0488625729	0.0214070306	0.0288812346	-0.040266553	0.001264336	-0.0626356167	-0.0497945101	-0.0178991758	0.0720943458	-0.0719201593	0.0018922999999999998	0.00146524	-0.105343	-0.000688865	0.00027582	0.000984714
0.16175239	-0.007401188	0.0146426871	-0.0801938355	-0.0004595734	-0.0796891446	0.1866389391	-0.05041963	-0.0163317771	0.0710221462	-0.0732625707	0.0088333	-0.0964096	-0.10559	-0.00162967	0.000123413	0.000944135
0.0441925	-0.0084102974	0.0037594614	-0.0275435212	-0.0212950545	0.0578462502	0.1192025704	-0.0510396705	-0.0147577975	0.0698855571	-0.0744869079	0.0331218	-0.08172609999999997	-0.105558	-0.00162943	0.00017863099999999998	0.000895823
0.18004160000000002	0.0450111739	0.0021476181	0.0143099755	0.0022187293	0.0122517327	0.0235941308	-0.0516545692	-0.0131778711	0.0686856091	-0.07559119780000001	0.016159700000000003	-0.020543099999999998	-0.08037859999999998	-0.000425305	0.00035573099999999997	0.00104894
0.04535725	0.0514481496	0.0099887149	0.012546563500000002	-0.0028270417	0.0162416327	0.0015957492	-0.0522642642	-0.0115926346	0.06742339	-0.0765736605	0.023652700000000002	-0.038766300000000004	-0.0623456	-0.000425305	0.000384132	0.00104518
0.031075799999999997	0.0577478458	0.0133451303	0.0109419376	0.0004251971	-0.0019483052	-0.0411414914	-0.052868694	-0.0100027269	0.0661000441	-0.0774327128	0.0271113	-0.036539	-0.06229019999999999	-0.000156895	0.000315871	0.0008751609999999997
0.03225335	0.0558437445	0.0219741386	0.0040367898	-0.0110974571	0.0292154392	-0.0282832986	-0.0534677978	-0.0084087885	0.0647167712	-0.07816697	0.0217229	-0.0351298	-0.0601851	-0.00011570100000000001	0.000122171	0.00110728
0.040323125	0.0586369974	0.0208602941	0.004210592	-0.0196990394	0.0203408824	-0.0330582358	-0.0540615151	-0.0068114617	0.0632748254	-0.0787752489	0.027301799999999998	-0.028546699999999998	-0.0714527	-2.8180500000000002e-05	0.000354011	0.00108877
0.05335112500000001	0.0702194202	0.0285227986	0.010111544	-0.0008138152	0.0273845437	-0.033803372000000005	-0.0546497862	-0.0052113902	0.061775514	-0.079256569	0.0199889	-0.015101499999999999	-0.0793303	-0.000218276	0.000124358	0.00101421
0.071443955	0.0652186872	0.0197285664	-0.0013690037	-0.0380935591	-0.0421316197	-0.0320113073	-0.0552325519	-0.0036092188	0.0602201963	-0.0796101548	0.0160276	-0.015310299999999997	-0.066972	0.000632331	-5.9296099999999996e-05	0.00107826
0.095885645	-0.01123528	0.0103021996	-0.1165178526	-0.0587908692	0.039482342	0.0259479698	-0.0558097533	-0.002005593	0.0586102822	-0.0798354362	0.030527	-0.0736427	-0.074383	0.00042887400000000004	-0.000102896	0.00114406
0.14817200000000005	0.030076403	-0.00664095	-0.0258442353	0.028776529900000007	0.1233339217	0.065798197	-0.05638133240000001	-0.000401159	0.0569472315	-0.0799320503	0.0198743	-0.05995900000000001	-0.0963664	-0.000982494	0.00019073700000000001	0.0008120169999999997
0.10424445	0.0701191664	0.0024531071	0.0218124983	0.0131170803	-0.014808936399999997	-0.0434118148	-0.0569472315	0.0012034366	0.0552325519	-0.0798998413	0.0169949	-0.0469103	-0.0622863	-0.00028398599999999996	0.000354011	0.00103496
0.059179534999999985	0.0632019298	0.0124100665	-0.0162007257	-0.007344413	0.0341015788	-0.0398325396	-0.0575073938	0.0028075473	0.0534677978	-0.0797388611	0.020218299999999998	-0.03969280000000002	-0.0768842	3.97337e-05	0.00010494600000000001	0.00092493
0.014706490000000006	0.07040219389999999	0.0125557356	0.0024749807	-0.0199690641	0.0379849777	-0.0472983693	-0.0580617626	0.0044105266	0.0516545692	-0.0794493692	0.0159556	-0.0436892	-0.0787395	3.15029e-05	0.00018113099999999998	0.000917504
0.039574575	0.067883178	0.0201645913	-0.0130843369	-0.0176657577	0.0600014447	-0.0414412825	-0.0586102822	0.0060117288	0.0497945101	-0.0790318321	0.00902838	-0.046489499999999996	-0.0915266	0.00017962400000000005	0.000354011	0.000937702
0.05370501999999999	0.0809828447	0.015113978	0.0036428745	-0.0261236393	0.0275578447	-0.0622764143	-0.0591528974	0.007610508399999999	0.0478893067	-0.0784869228	0.012899200000000001	-0.0358078	-0.08883289999999999	-0.000264732	0.000120144	0.0008867489999999998
0.031668169999999995	0.0764079678	0.028973643700000006	-0.029362019500000006	-0.0215509457	0.0540174458	-0.037675247200000005	-0.0596895534	0.0092062214	0.0459406864	-0.0778155195	0.00661778	-0.0332365	-0.0947577	-0.000292822	0.000150486	0.00116613
0.044403520000000016	0.0947526435	0.016108379	0.0224474554	-0.0277706183	0.005324373100000001	-0.0587149147	-0.0602201963	0.0107982247	0.0439504158	-0.0770187042	0.0133579	-0.0249094	-0.08962589999999998	-0.000622904	0.000152474	0.00101411
0.15758614999999998	0.0101689065	0.0066998369	-0.1174021888	-0.0763114938	-0.0874981935	-0.0289803412	-0.0607447724	0.0123858767	0.0419202993	-0.0760977612	0.015043299999999999	-0.0359003	-0.038837699999999996	0.000658402	-0.00033823	0.000903687
0.3778517200000001	-0.10872733	0.12582234539999998	-0.2827881477	0.0906392644	0.006955250699999999	-0.1178214906	-0.0612632291	0.0139685379	0.0398521774	-0.0750541746	-0.00210962	-0.181857	-0.13600299999999999	-0.0007867669999999997	0.000478371	0.000993453
0.404160875	0.0381807403	-0.0481848679	0.0182719227	0.1228167697	0.1240984564	0.0087865179	-0.061775514	0.0155455703	0.037747925	-0.07388962639999999	0.010600700000000001	-0.026435400000000005	-0.07661339999999997	0.00192842	-4.11651e-05	0.0006953889999999999
0.254011105	0.0583089304	-0.0439940498	0.0568850359	0.0246105772	-0.0903768522	0.1798916137	-0.062281575599999986	0.0171163386	0.035609450099999995	-0.0726059935	0.0119155	-0.127416	-0.0705933	-0.000566462	9.429900000000004e-05	0.000411823
0.039162999999999996	0.03116743	-0.0185486717	0.0368082232	-0.0767127171	0.0081257694	0.17430376179999998	-0.0627813628	0.0186802098	0.0334386912	-0.0712053446	0.017809499999999995	-0.122484	-0.0644995	-0.000336981	0.000292576	0.00042892900000000004
0.1038372	0.0371859361	-0.0201582891	0.0100134107	-0.01180567	0.0399153236	0.1488165873	-0.0632748254	0.0202365536	0.0312376164	-0.06968993700000001	0.025425200000000002	-0.13275599999999999	-0.09150900000000001	-0.000972425	-0.00012151	0.000558199
0.15581889999999998	0.0926446379	0.0008516627	0.0170867895	0.0095846856	-0.0359521717	0.072355396	-0.0637619136	0.0217847431	0.0290082213	-0.0680622132	0.0250842	-0.0749089	-0.06591160000000001	-6.736e-05	-0.0004452	0.000770112
0.0822305	0.0735053784	0.0078044657	-0.0133813376	-0.06443530019999999	-0.0055222963	0.1006829454	-0.0642425783	0.0233241543	0.026752527	-0.0663247964	0.026493700000000002	-0.08151139999999997	-0.08733789999999997	-0.000981158	-0.000313929	0.0007808869999999999
0.0579257	0.0926683216	0.0002900623	0.0149308398	-0.0027062978	-0.0136730346	0.1089784796	-0.0647167712	0.0248541669	0.0244725786	-0.0644804868	0.0340824	-0.07453379999999997	-0.0876438	-0.00142449	-0.000275374	0.00116007
0.09010395	0.0920208492	0.003912449	-0.0122321879	-0.0263204766	-0.0657874458	0.1231350036	-0.0651844444	0.0263741644	0.0221704431	-0.0625322567	0.0322608	-0.0579035	-0.07640819999999998	-0.000710604	-0.000225824	0.000715177
0.10372739999999996	0.0591101741	-0.017746154	-0.0309880631	-0.0626947091	-0.1000536642	0.1496598927	-0.06564555080000001	0.0278835343	0.0198482077	-0.060483246	0.0216704	-0.0437097	-0.0438841	-0.00115252	-0.000437881	0.000989586
0.065783625	0.0430662254	-0.0071149448	-0.0429192435	-0.0580476604	-0.0135894126	0.2183910724	-0.0661000441	0.0293816684	0.0175079777	-0.058336757	0.00537553	-0.0394715	-0.043956999999999996	-0.00152229	-2.84919e-05	0.00111398
0.065906755	0.0433938228	-0.0348704815	0.0165179021	-0.05893649860000001	-0.1283222741	0.1611143933	-0.0665478783	0.030867963	0.0151518747	-0.0560962492	0.0144791	-0.050254599999999996	-0.018611000000000003	-0.00124957	-4.904060000000001e-05	0.000993767
0.32651577800000003	-0.1120980234	0.1122717137	-0.2511136291	0.0123643869	-0.1180593873	-0.0209377622	-0.0669890084	0.0323418192	0.0127820349	-0.0537653335	-0.0006771580000000001	-0.172476	-0.09994910000000004	-0.00035952699999999995	-0.0007507010000000001	0.00042947
0.2358750420000001	-0.0872015286	0.020348335	0.0019000146	0.0777649191	0.15039577710000002	0.0351895889	-0.06742339	0.0338026431	0.0104006067	-0.0513477665	-0.00397865	-0.190079	-0.144617	-0.00320813	-0.000490278	0.000132443
0.455161275	0.0225413358	-0.0888496553	0.0699381382	0.0580912222	-0.0216748949	0.0144637582	-0.0678509792	0.0352498461	0.0080097493	-0.0488474444	0.0190639	-0.0492909	0.0125397	-0.00131185	-8.49665e-05	0.00051433
0.10081381	0.013126451	-0.0761477454	0.0558995336	-0.0306636432	-0.0190237691	-0.0191722146	-0.068271733	0.0366828449	0.0056116301	-0.046268397	0.023151400000000003	-0.07757369999999998	-0.027415199999999997	-0.000974732	-9.37427e-05	0.0007382079999999999
0.042904565000000006	0.008581835500000001	-0.05432516440000002	0.0240589504	-0.052867032	0.0616907795	0.0001590172	-0.0686856091	0.0381010623	0.0032084234000000003	-0.0436147809	0.0262839	-0.0837961	-0.0403745	-0.0006409780000000001	-0.000134521	0.000775483
0.1336749	0.0717025327	-0.0555909345	0.035010358	0.0381264746	0.0129035382	-0.014637691	-0.0690925657	0.0395039266	0.0008023078999999999	-0.0408908726	0.019915400000000003	-0.06363540000000001	-0.09044730000000001	-0.00121621	0.00020118799999999999	0.000544966
0.24770665	0.0088664837	-0.0376037268	-0.0528456487	-0.059767521	-0.1893751158	0.0009873434	-0.06949256179999999	0.0408908726	-0.001604535	-0.0381010623	0.0297507	-0.08788659999999998	-0.0318773	0.000653201	-0.00100686	0.00056851
0.37745327	-0.0995855778	0.0529341696	-0.10702529	-0.0482366538	0.08032748599999999	0.017623941100000002	-0.0698855571	0.0422613414	-0.0040099232	-0.0352498461	0.00337023	-0.160124	-0.159202	-0.00124691	-0.000219287	0.00022598
0.06934657000000001	-0.1156265374	0.0480024616	0.0147790455	-0.0380223812	0.0093230713	-0.1116783409	-0.0702715121	0.0436147809	-0.006411676	-0.0323418192	0.00790685	-0.172247	-0.151116	-0.00112134	-0.0006978980000000001	0.000513818
0.06542521999999998	-0.1186293985	0.041107395	0.08394382019999999	0.0067363431	0.0783201637	-0.0750281134	-0.0706503878	0.0449506455	-0.0088076158	-0.0293816684	0.00679118	-0.181122	-0.15085199999999999	-0.00166693	-0.0010564900000000002	0.000314589
0.08012007999999997	-0.1075895166	-0.0014858359	0.1185299745	0.005687627	0.0026544382	-0.0917720564	-0.0710221462	0.046268397	-0.0111955706	-0.0263741644	0.0031257	-0.162217	-0.11715199999999999	-0.00197869	-0.000937097	0.00036042800000000004
0.08798823	-0.0665382685	-0.0445995193	0.0677206326	0.1126468588	0.0451841197	-0.0308409876	-0.0713867496	0.0475675045	-0.0135733754	-0.0233241543	0.00990968	-0.150095	-0.0961737	-0.0024075	-0.000560449	0.000517049
0.27582612	-0.0007679699000000001	-0.0669389192	-0.0192131116	0.0973475198	-0.1787675114	-0.0731531148	-0.0717441615	0.0488474444	-0.0159388744	-0.0202365536	0.023005	-0.0965137	0.014532499999999999	-0.000509214	-0.000521166	0.000548346
0.3017011350000001	-0.1198336436	0.0681741583	-0.0140209039	-0.0793830828	0.0473819433	-0.0924905875	-0.0720943458	0.050107701	-0.0182899231	-0.0171163386	0.00322215	-0.183887	-0.134226	-0.000583766	-0.0008746610000000001	6.06633e-05
0.145239435	-0.0636564531	-0.0483595389	0.0508884975	0.0650186995	0.06078172940000001	-0.0039852221000000005	-0.0724372672	0.0513477665	-0.0206243899	-0.0139685379	0.0120991	-0.16225599999999998	-0.11638599999999999	-0.00187346	-0.000673615	0.000507753
0.15043215	-0.0447876289	-0.0558386805	0.0419136795	0.0126772977	0.0029638996	-0.0238859781	-0.0727728912	0.052567141100000006	-0.0229401584	-0.0107982247	0.0214673	-0.13264	-0.0433703	-0.0015140000000000002	-0.000564657	0.00080798
0.047835399999999965	-0.040961589	-0.0571755944	0.0320022163	-0.0004459461	-0.0134173467	-0.042857153	-0.07310118389999999	0.0537653335	-0.0252351292	-0.007610508399999999	0.025046799999999998	-0.13336900000000002	-0.0558995	-0.00121698	-0.000272791	0.0007769119999999999
0.025021799999999983	-0.0510540983	-0.0487682502	0.0225617298	-0.0251175573	-0.0044074059	-0.0277155669	-0.0734221124	0.0549418609	-0.0275072215	-0.0044105266	0.0213669	-0.127609	-0.0554683	-0.00125978	-0.000272791	0.000516698
0.01532915	-0.0511422605	-0.0484580137	0.0155447044	-0.0304366636	-5.8617e-05	-0.0270911827	-0.0737356442	0.0560962492	-0.0297543755	-0.0012034366	0.0199306	-0.123196	-0.0516203	-0.00114902	-0.000272791	0.000518575
0.139727	-0.0184993544	-0.0657885361	0.0207767846	0.0463527255	0.005597141999999999	-0.0195754986	-0.0740417477	0.0572280333	-0.0319745538	0.002005593	0.0241625	-0.116606	-0.08723550000000001	-0.00251007	0.00016598400000000002	0.0005845480000000001
0.34282305	0.0237895974	-0.0573975129	-0.043791200700000005	0.0571322975	-0.1779834052	-0.0686428727	-0.0743403923	0.058336757	-0.0341657437	0.0052113902	0.023944200000000002	-0.0952096	0.0202831	0.000509927	-0.00107589	0.000596472
0.37605478	-0.1373420199	0.1686559387	-0.1570199701	-0.0388361207	0.0172722452	-0.1289117914	-0.0746315476	0.0594219737	-0.0363259585	0.0084087885	0.00339602	-0.166708	-0.18926800000000002	-0.000121259	-0.000409782	0.000404624
0.17137063999999996	-0.1171422605	0.0594278649	0.0787112272	0.0552697539	0.0762195193	-0.1021358554	-0.0749151845	0.060483246	-0.038453239900000005	0.0115926346	0.00326933	-0.19606500000000002	-0.18723499999999998	-0.00219346	-0.000956387	0.000226351
0.209752	-0.07465719559999999	-0.0419897986	0.0748087175	0.043319754800000006	0.0797448103	-0.0079940263	-0.07519127440000001	0.0615201462	-0.0405456591	0.0147577975	0.00320688	-0.155359	-0.06793710000000001	-0.00208016	-0.00020701200000000002	0.000357389
0.06355249500000001	-0.0386807428	-0.0839688282	0.0818953568	0.0825619046	-0.0718556776	-0.06254528599999999	-0.0754597894	0.0625322567	-0.0426013192	0.0178991758	0.012168700000000001	-0.145833	-0.048058300000000005	-0.0017785	-9.83345e-05	0.000450769
0.130395305	-0.0999976823	0.0120168627	0.0027300434000000003	-0.0659971823	-0.0010282152	-0.0990362427	-0.0757207024	0.0635191694	-0.044618356500000005	0.0210117067	0.00787767	-0.14553	-0.0304082	-0.000424373	-0.000727715	0.000271253
0.333203325	-0.1151205002	0.0369480553	0.0162508082	0.0213501029	0.1205835058	-0.0574956453	-0.0759739873	0.0644804868	-0.046594942400000006	0.024090374	-0.009479520000000005	-0.18492	-0.15470799999999998	-0.00280781	-8.592629999999997e-05	0.000289154
0.204499895	-0.0830831297	-0.0509602601	0.1018492862	0.0267038429	-0.0323392008	-0.090584202	-0.0762196185	0.06541582139999999	-0.0485292848	0.0271302159	0.00260591	-0.155669	-0.0470353	-0.00195634	0.000144862	0.000316711
0.07562174999999999	-0.0956404608	-0.021335374	0.0465678241	0.0081454288	-0.004608081599999999	-0.0809887268	-0.07645757110000001	0.0663247964	-0.05041963	0.0301263332	0.00210171	-0.173198	-0.0764827	-0.00201752	-0.000288364	0.00038512800000000004
0.05183948999999999	-0.088234551	-0.0345096471	0.06429481849999999	0.0109893071	0.0205853055	-0.0888590776	-0.0766878214	0.06720704549999999	-0.0522642642	0.0330738971	0.00852438	-0.16275699999999999	-0.07273699999999997	-0.00166514	-3.74686e-05	0.00036380099999999997
0.04129444	-0.0866736575	-0.027020577	0.0306292116	0.0167105953	-0.0204536217	-0.0952839549	-0.07691034599999999	0.0680622132	-0.0540615151	0.0359681572	0.009764	-0.159643	-0.0692751	-0.00191179	-0.00037310800000000003	0.000276512
0.03394580000000001	-0.088687512	-0.0406355069	0.0546199851	-0.0079697099	0.0256305705	-0.0878640349	-0.0771251226	0.06888995490000001	-0.0558097533	0.038804449	0.0126133	-0.149253	-0.0626192	-0.00192642	-0.00036301300000000003	0.000532799
0.09565043	-0.1063313314	0.0090410251	0.0076761934	-0.00457797	-0.0890269051	-0.1263997237	-0.0773321295	0.06968993700000001	-0.0575073938	0.0415782013	0.014177	-0.156883	-0.06460700000000001	-0.00103993	-0.000727715	9.46124e-05
0.17820819	-0.135266091	0.0909937519	0.006438395	0.0036175851	0.1613287925	-0.0745812679	-0.07753134589999999	0.07046183730000001	-0.0591528974	0.0442849438	-0.010044599999999999	-0.19833199999999998	-0.16413599999999998	-0.00112785	-0.0007419879999999997	-6.33664e-05
0.340769405	0.0826876249	0.0033231262	-0.1115487466	0.4196481335	0.1320222747	0.0824234443	-0.0777227516	0.0712053446	-0.0607447724	0.0469203142	0.012033499999999999	-0.178352	-0.198937	-0.00469913	7.53947e-05	0.000826177
0.453313615	0.17771914379999998	0.1617377012	-0.1135226348	0.2545781477	-0.2423101646	-0.1594577434	-0.0779063275	0.0719201593	-0.062281575599999986	0.0494800651	-0.0123693	-0.046900300000000006	-0.123974	-0.00038501	0.000178469	0.0007934489999999999
0.09305652	0.1361522552	0.1253597713	0.0930343726	-0.1104449211	0.0633596159	-0.0206136299	-0.078082055	0.0726059935	-0.0637619136	0.051960071	-0.00115408	-0.033003199999999996	-0.15137899999999999	0.000257191	0.000236685	0.0009038160000000002
0.04862913000000001	0.1409898637	0.1060005947	0.0923397224	-0.0867706932	0.0375573466	-0.0349064337	-0.0782499164	0.0732625707	-0.0651844444	0.0543563352	0.00699415	-0.0223817	-0.139013	0.000292655	0.000427035	0.00102787
0.13969640500000002	0.1140014872	0.0730830785	0.0273833074	-0.1451109974	0.0325839406	0.0254641648	-0.0784098948	0.07388962639999999	-0.0665478783	0.0566649955	-0.00337064	0.0121354	-0.108403	0.00116364	8.647969999999999e-05	0.00095532
0.268028875	0.0122423445	0.0249058102	-0.2351982934	-0.0561713292	-0.0155805513	0.1191495726	-0.0785619741	0.0744869079	-0.0678509792	0.0588823313	-0.0179416	-0.08361189999999999	-0.10916300000000001	-0.000642604	0.00105502	0.000591092
0.09413353999999996	0.0585021145	-0.018663476	0.0293717787	-0.0257328912	0.1213817016	0.1308014438	-0.0787061389	0.0750541746	-0.0690925657	0.061004769	-0.00756561	-0.07250419999999999	-0.132203	-0.000854303	0.000274522	0.000591092
0.10915789	0.0880952089	-0.004465235	0.046925521100000006	-0.0366171831	0.01196546	0.0388840511	-0.0788423748	0.07559119780000001	-0.0702715121	0.0630288878	-0.01824	-0.0512506	-0.10538	-0.000387133	0.000487764	0.0009188180000000001
0.030671399999999995	0.08676073710000001	0.0067520074	0.0315295198	-0.023245871	0.0350022387	0.0487301321	-0.0789706681	0.0760977612	-0.0713867496	0.06495142570000001	-0.0112782	-0.04580019999999999	-0.1137	-0.00023322099999999998	0.000487764	0.00096369
0.02400787	0.1029178682	0.0214192105	0.0136226451	-0.0152571055	-0.0082431208	0.01046169	-0.07909100570000001	0.0765736605	-0.0724372672	0.0667692842	-0.00556523	-0.042245300000000006	-0.11782000000000001	-0.000291906	0.00033474	0.000962999
0.04833720800000001	0.1003624634	0.0301534296	0.006847735799999999	-0.0162234128	0.0300096816	0.0007253479	-0.0792033756	0.0770187042	-0.0734221124	0.0684795334	0.000741628	-0.0368639	-0.0906743	-0.000387133	0.000397481	0.000995096
0.053632052	0.1020443866	0.0356102687	0.0088509717	-0.0507379508	-0.012761463	0.001227963	-0.0793077664	0.0774327128	-0.0743403923	0.0700794171	0.00376903	-0.025676599999999997	-0.10918299999999999	-0.000191475	0.000487764	0.0008628639999999998
0.11264669999999999	0.0054501172	-0.0037009909	-0.1303663847	-0.0764981889	-0.1014870966	0.0773639391	-0.0794041677	0.0778155195	-0.07519127440000001	0.0715663568	-0.00765167	-0.08422789999999998	-0.0906875	-0.000474798	0.00046179099999999997	0.0006885760000000001
0.13657843	-0.0714196557	0.0209569372	-0.1702574652	-0.006998340699999999	0.0360377748	0.1015050623	-0.0794925697	0.07816697	-0.0759739873	0.072937956	-0.0181688	-0.14552	-0.115809	-0.0009483810000000001	0.00043496	0.000396036
0.11317395	-0.0708273429	-0.0148305954	-0.0095352959	0.0152251243	0.0690953106	0.0497759794	-0.0795729635	0.0784869228	-0.0766878214	0.0741920043	-0.0142709	-0.148704	-0.141438	-0.00211702	4.4223e-05	0.000346151
0.12415504	-0.0030551359000000004	-0.0513314579	0.04542094730000002	0.0461625931	0.0244956448	0.0792892204	-0.079645341	0.0787752489	-0.0773321295	0.0753264804	-0.00501781	-0.13507	-0.07623689999999997	-0.00165017	0.00024328599999999997	0.000290727
0.11814631	0.0326967433	-0.0465093537	0.0314915851	0.0395517292	-0.0242854221	0.0629322332	-0.079709695	0.0790318321	-0.0779063275	0.0763395561	0.008849199999999998	-0.113348	-0.0629769	-0.000994554	0.0005291019999999999	0.0007352409999999998
0.06704907	0.0268901902	-0.0327773621	0.0116879077	-0.0094490426	-0.0314039415	0.0478100772	-0.0797660189	0.079256569	-0.0784098948	0.0772295986	0.00180023	-0.09455060000000001	-0.0722401	-0.0007182180000000001	0.00027152	0.000630369
0.03629047	0.0259446011	-0.0275475323	0.0097891019	-0.0298158208	-0.0079059452	0.045659713600000006	-0.0798143071	0.0794493692	-0.0788423748	0.07799517339999999	0.00458415	-0.094516	-0.075253	-0.0008715369999999999	0.000478795	0.0008789559999999999
0.04300205000000002	0.0331523529	-0.0267321552	0.0013625997	-0.0175336489	-0.0135057206	0.0649620747	-0.0798545546	0.0796101548	-0.0792033756	0.0786350467	0.010488899999999999	-0.07324179999999998	-0.0820087	-0.000839522	0.000410041	0.000959535
0.03372255999999998	0.0337954706	-0.032673347400000004	0.0049370506	-0.0323227012	-0.0251146579	0.051870183	-0.0798867576	0.0797388611	-0.0794925697	0.0791481873	0.00766229	-0.061502499999999995	-0.08418699999999997	-0.000809411	0.00020771	0.00106666
0.03227556	0.03393135	-0.0272407871	-0.0051792043	-0.0247767081	0.0069873072	0.0581375028	-0.0799109126	0.0798354362	-0.079709695	0.0795337681	0.0113494	-0.0511336	-0.0710171	-0.0008737009999999997	0.000219793	0.00104204
0.05426925	0.0307221077	-0.0334524072	0.007030882	-0.0447019164	-0.0861489402	0.0385406344	-0.0799270173	0.0798998413	-0.0798545546	0.0797911678	0.015815700000000002	-0.040413300000000006	-0.0543511	-0.000881901	0.0005080309999999999	0.0008901449999999998
0.14182889	-0.0197633622	-0.0221122766	-0.0677078917	-0.0594621647	-0.0747704639	-0.0061215661	-0.07993507009999999	0.0799320503	-0.0799270173	0.0799199714	0.0157377	-0.0698915	-0.029102	9.19915e-05	5.51907e-05	0.000576406
