0.0	-0.0033433232	0.0106014166	-0.0011709526	0.0156228084	-0.0454268986	0.0075232549	0.07993507009999999	0.0799320503	0.0799270173	0.0799199714	-0.000120595	-0.0213893	0.029842	0.000203608	-0.00011382200000000001	0.000857826
0.0948486493	-0.007864399499999999	0.0222719408	0.0044250296	0.0489073938	-0.0666046217	0.0468488985	0.0799270173	0.0798998413	0.0798545546	0.0797911678	-6.486569999999999e-05	-0.0469543	0.00499608	0.0	-0.000507216	0.000567188
0.1044394357	-0.0037721603	0.0167019051	-0.005477112199999999	0.0090198334	-0.014169783	0.0133476736	0.0799109126	0.0798354362	0.079709695	0.0795337681	0.00266515	-0.0131732	0.0413121	0.000157572	-0.000390308	0.000924954
0.11683754	-0.0072838775	0.0210325534	0.0089235205	0.0382259898	-0.06794126959999999	0.012902143	0.0798867576	0.0797388611	0.0794925697	0.0791481873	-0.00724696	-0.0411251	0.00276797	0.000440594	-0.000507216	0.000516296
0.06546524299999999	-0.0066832987	0.0180577812	-0.0002526001	0.0469074601	-0.0538812095	0.0439484278	0.0798545546	0.0796101548	0.0792033756	0.0786350467	-7.079699999999999e-05	-0.0298151	0.014636700000000002	-0.000229393	-0.000507216	0.000548516
0.031249068700000007	-0.006857527	0.0217865763	0.0133856642	0.0178694756	-0.0207767771	0.0063664590000000005	0.0798143071	0.0794493692	0.0788423748	0.07799517339999999	-9.01157e-05	-0.0189263	0.0123288	7.370239999999998e-23	-0.000507216	0.0006797839999999999
0.08132423569999997	-0.0067301512	0.0138477427	0.0091877868	0.0577779256	-0.0550576538	0.0406638713	0.0797660189	0.079256569	0.0784098948	0.0772295986	0.011039700000000001	-0.0424833	-0.00535672	-0.000357424	-0.0004181	0.000547286
0.071315746	-0.005598545	0.010931963700000002	-0.0004171538	0.0388520907	-0.0080724156	0.0257534391	0.079709695	0.0790318321	0.0779063275	0.0763395561	0.00767912	0.000338546	-0.00904524	0.0	-0.000430328	0.00048804199999999995
0.065033126	-0.0077022673	0.0146318331	0.0218163056	0.0452979738	-0.0369771824	0.027670233	0.079645341	0.0787752489	0.0773321295	0.0753264804	0.007867789999999998	-0.0268689	-0.033081900000000004	-0.00020214099999999997	-0.000420985	0.000427519
0.080320475	-0.0029294317	0.004985657100000001	-0.0097060041	0.020579108	-0.008769483	0.0195631394	0.0795729635	0.0784869228	0.0766878214	0.0741920043	0.00576912	-0.00288854	0.00103781	-0.000260237	-7.66463e-05	0.000427519
0.056680475	-0.0078985818	0.0123296156	0.0052268889	0.0050994039000000005	-0.0229834725	-0.0011434632	0.0794925697	0.07816697	0.0759739873	0.072937956	-0.00649107	-0.00480143	-0.011113600000000001	-1.9881900000000002e-23	-0.000423529	0.000427519
0.06673093999999999	-0.002068064	0.0159092399	0.0026554939	0.025162589300000003	-0.020420065	0.0093620336	0.0794041677	0.0778155195	0.07519127440000001	0.0715663568	0.00786215	-0.0095355	-0.0198774	-0.000718742	-0.000364674	0.000427519
0.08365052	-0.0040577569	0.011235973400000002	-0.0003774534	-0.0139509335	0.0087048403	-0.016102597	0.0793077664	0.0774327128	0.0743403923	0.0700794171	-0.00199768	0.005409000000000001	0.00352384	-0.00018396799999999998	-0.000190549	0.000427519
0.087314476	-0.002897639	0.0114395911	0.0103203699	0.0106929086	-0.0243827187	-0.0080458763	0.0792033756	0.0770187042	0.0734221124	0.0684795334	0.0006644460000000001	-0.013551400000000005	-0.022703599999999997	5.98792e-05	-0.00041474599999999996	0.00010627299999999999
0.050125261	-0.0005907273000000001	0.0017773508	-0.007827291	0.0059397863	0.0046564298	0.007096144	0.07909100570000001	0.0765736605	0.0724372672	0.0667692842	-0.00426966	-0.00157362	-0.00750386	-0.00027596	-0.000427676	9.476950000000001e-05
0.02878325	-0.0033733408	0.0049244882	-0.0026613331	-0.015616611200000003	0.012706568400000002	-0.0120649334	0.0789706681	0.0760977612	0.0713867496	0.06495142570000001	-0.00445864	-0.00335224	0.00245349	-5.17238e-05	-0.000434734	-1.11023e-05
0.062064120000000014	-0.0002713944	0.0025213605	0.0117222271	0.0250941034	0.0034106647	0.0267390035	0.0788423748	0.07559119780000001	0.0702715121	0.0630288878	0.00142797	-0.0148959	-0.028230900000000007	-0.00027596	-0.000389788	-2.09093e-05
0.07267564	-0.0014491673	-0.0094151869	-0.0017813373	0.0243814637	0.0239828199	0.0152119083	0.0787061389	0.0750541746	0.0690925657	0.061004769	-0.00558631	-0.0073536	0.00239433	-0.000513415	-0.00011638	1.8104300000000002e-05
0.031722311	0.0001443825	0.0017640754	-0.0011298783	-0.016274030800000002	0.0238875257	-0.0133548158	0.0785619741	0.0744869079	0.0678509792	0.0588823313	-0.00422538	-0.00579499	-0.00026079099999999996	-0.000181592	-2.75767e-05	0.00012043100000000005
0.07186661400000001	9.90807e-05	0.0021404142000000003	0.0051224024	0.0154153646	0.0098183919	0.0137820969	0.0784098948	0.07388962639999999	0.0665478783	0.0566649955	0.007853509999999998	-0.0245612	-0.016231799999999998	-0.000300116	-0.000304401	1.47692e-05
0.07278464149999997	0.0048705046000000005	-0.0106616503	-0.0156757553	-0.0128819548	0.02957023	-0.0029478253000000004	0.0782499164	0.0732625707	0.0651844444	0.0543563352	-0.0039601	0.00167312	-0.0008998639999999998	-0.000227247	4.7381e-07	4.4175e-06
0.046166810499999995	0.000183161	-0.0005548329	0.0008757956	-0.028247188	0.0099788163	-0.0429344342	0.078082055	0.0726059935	0.0637619136	0.051960071	-0.00247281	-0.00583792	-0.00789795	0.000114894	3.84412e-05	-0.000218882
0.04873718799999999	0.0046319113	-0.0005813228	0.0041199507000000005	0.0148370961	-0.0177768198	-0.0063649442	0.0779063275	0.0719201593	0.062281575599999986	0.0494800651	0.00142466	-0.0241556	-0.028503399999999998	6.8189e-05	-8.631559999999998e-06	-0.000194328
0.047382968	0.008666250300000001	-0.0098140533	-0.0108501211	-0.0275411792	0.0247002825	-0.0285881857	0.0777227516	0.0712053446	0.0607447724	0.0469203142	-0.00760405	-0.00583718	-0.01626	3.82458e-05	2.3661e-05	-0.000100715
0.074855855	-0.0004064719	-0.0051381744	0.0110818495	-0.0156810976	-0.0034311579	-0.0262778163	0.07753134589999999	0.07046183730000001	0.0591528974	0.0442849438	-0.00565557	-0.0362079	-0.044719300000000003	5.49434e-05	-6.70705e-05	-0.000274833
0.056708275	0.0095364079	-0.0204128867	-0.0057769727	-0.0035224838	0.0043675856	-0.0058325549	0.0773321295	0.06968993700000001	0.0575073938	0.0415782013	-0.0076171999999999985	-0.035291699999999995	-0.0162568	-0.00012119600000000001	0.00022387900000000002	-0.000234563
0.04664657000000001	0.0099661367	-0.0133400627	0.0008426116	-0.0319617616	0.0268709736	-0.0265846048	0.0771251226	0.06888995490000001	0.0558097533	0.038804449	-0.00886434	-0.013338399999999999	-0.0274536	-1.8278399999999998e-05	0.000141581	-0.000174792
0.06328958999999999	0.0113744321	-0.0127099564	-0.0030924202000000003	0.0195514536	0.0023706373	0.0098879203	0.07691034599999999	0.0680622132	0.0540615151	0.0359681572	-0.00142738	-0.035505699999999994	-0.034388300000000004	-0.000401993	0.000259075	-0.000208596
0.06586532	0.008799035	-0.0223941084	-0.0251639478	-0.0345383104	0.0426648801	-0.0121152627	0.0766878214	0.06720704549999999	0.0522642642	0.0330738971	-0.00888801	-0.00944656	-0.0162601	-0.000326782	0.000250092	-0.000408749
0.077326215	0.0111090061	-0.0137320379	-0.0032825006	-0.0080079623	0.0166342763	-0.022361712	0.07645757110000001	0.0663247964	0.05041963	0.0301263332	-0.00539995	-0.021499	-0.0474731	1.7404399999999996e-05	7.02771e-05	-0.000321296
0.08541610499999999	0.0132692994	-0.0238576194	-0.012482643	-0.0137444529	0.0229197405	-0.0004220575	0.0762196185	0.06541582139999999	0.0485292848	0.0271302159	-0.00161951	-0.0081189	-0.012818000000000001	-0.000521044	0.00018026200000000002	-0.000344872
0.046478205	0.011526193999999998	-0.0180248569	-0.0058222879000000005	-0.055870155	0.0639250561	-0.0295849835	0.0759739873	0.0644804868	0.046594942400000006	0.024090374	-0.00221137	-0.007812419999999999	-0.012593	5.2697299999999994e-05	0.000439175	-0.000419315
0.119614039	0.0102397895	-0.0199683084	0.0030048586	-0.0004007334	-0.0037489803	0.001999142	0.0757207024	0.0635191694	0.044618356500000005	0.0210117067	-0.0006845460000000001	-0.0418284	-0.0505226	0.00065198	0.000115625	-0.000419315
0.11595752599999999	0.013905223799999998	-0.0246849788	-0.0131940145	0.0156783812	-0.0135655976	0.0237667156	0.0754597894	0.0625322567	0.0426013192	0.0178991758	0.00974693	-0.0340252	-0.0150918	-0.000400584	0.000225083	-0.00033549599999999996
0.074846803	0.0152141286	-0.0241037679	-0.0199162843	-0.0469178152	0.0513318308	-0.0317657431	0.07519127440000001	0.0615201462	0.0405456591	0.0147577975	-0.00765581	-0.000562637	-0.0177905	-0.000102549	0.000268885	-0.000419315
0.04744915299999999	0.0128712281	-0.0153652929	-0.0129702465	-0.0383145557	0.005443638000000001	-0.0364233546	0.0749151845	0.060483246	0.038453239900000005	0.0115926346	-0.00706358	-0.020557699999999998	-0.032869800000000005	-3.71878e-05	0.000439175	-0.000419315
0.0600767021	0.015188598700000003	-0.028891596	-0.0043812218	-0.0078464125	0.0103525637	-0.006358031899999999	0.0746315476	0.0594219737	0.0363259585	0.0084087885	3.70171e-05	-0.038501099999999996	-0.0426341	-0.000135296	3.19151e-05	-0.000419315
0.04865967960000001	0.0167326059	-0.0209888811	-0.0217656925	-0.0519712901	0.0139583808	-0.0234921461	0.0743403923	0.058336757	0.0341657437	0.0052113902	-0.005628899999999999	-0.015271600000000001	-0.0348513	-6.3556500000000016e-06	0.000142604	-0.000419315
0.0231301075	0.0136059139	-0.0208979542	-0.009105966	-0.0624502007	0.0436810904	-0.038833867	0.0740417477	0.0572280333	0.0319745538	0.002005593	-0.00654835	-0.022274799999999997	-0.0279153	-9.82628e-05	0.000216126	-0.000419315
0.043037255	0.0094984621	-0.0209959517	-0.0141109368	-0.0415512286	0.0131969638	-0.0100361229	0.0737356442	0.0560962492	0.0297543755	-0.0012034366	-0.005527499999999999	-0.0384983	-0.042951800000000005	-0.00012918	3.19151e-05	-0.000419315
0.042367875	0.0116830947	-0.0308213307	-0.0119889842	-0.0146571669	0.0296599848	0.0244234174	0.0734221124	0.0549418609	0.0275072215	-0.0044105266	0.00493368	-0.03849330000000002	-0.0455039	-0.000395224	0.000255915	-0.000322367
0.06527066000000001	0.0165301439	-0.024581574900000003	-0.0183429884	-0.0483997871	0.0515627442	-0.0008316406	0.07310118389999999	0.0537653335	0.0252351292	-0.007610508399999999	-0.00186058	-0.0167598	-0.024080400000000002	-0.000283172	0.000353303	-0.000419315
0.042800378	0.0126008996	-0.028911893900000006	-0.0038335847	-0.05535751690000002	0.0478560533	-0.0035367397	0.0727728912	0.052567141100000006	0.0229401584	-0.0107982247	0.00492326	-0.0326086	-0.0222243	-3.76324e-06	0.00044012699999999996	-0.000419315
0.060362842000000014	0.0132763484	-0.028933039	-0.0104779455	-0.0073753026	0.015721253	0.0033400861	0.0724372672	0.0513477665	0.0206243899	-0.0139685379	0.00494374	-0.0313715	-0.0516752	0.000282062	0.000132865	-0.000419315
0.10269034	0.0152728743	-0.021576043	-0.0226037415	-0.0281017836	0.0558432781	-0.0056611048	0.0720943458	0.050107701	0.0182899231	-0.0171163386	0.00492917	-0.0234767	-0.00902893	-0.000523619	0.000369878	-0.000419315
0.08440932000000001	0.0104413342	-0.018139393	-0.0081806867	-0.05980230280000001	0.0227361127	-0.0463879046	0.0717441615	0.0488474444	0.0159388744	-0.0202365536	0.00493767	-0.0384926	-0.042163	1.0727e-05	0.00017920700000000002	-0.000419315
0.034337780000000005	0.0144023819	-0.012561021499999998	-0.0037473051	-0.0296136611	0.0047856832	-0.0061971673	0.0713867496	0.0475675045	0.0135733754	-0.0233241543	0.0124839	-0.04997	-0.0382331	-0.000146987	0.000249178	-0.000419315
0.04838058	0.011928245	-0.019004366	0.0025334334	-0.0608245047	0.0347448105	-0.0372183067	0.0710221462	0.046268397	0.0111955706	-0.0263741644	0.00494202	-0.023525900000000002	-0.0436594	-0.00010135600000000001	0.00011544300000000005	-0.000419315
0.08115932499999999	0.0084867638	-0.0060227553	0.0155889105	-0.0226485527	-0.0107591457	-0.0209727619	0.0706503878	0.0449506455	0.0088076158	-0.0293816684	0.0127986	-0.0491578	-0.06616260000000003	-0.000409721	3.19151e-05	-0.000530775
0.04700748	0.0082921651	-0.0101212023	-7.90981e-05	-0.0581581455	0.0074090275	-0.033257552	0.0702715121	0.0436147809	0.006411676	-0.0323418192	0.00494302	-0.0406786	-0.0514186	-0.00020260700000000002	3.19151e-05	-0.000419315
0.02179203	0.0040682198	-0.0049501814	0.0122641156	-0.0486105267	0.0214051357	-0.0333867433	0.0698855571	0.0422613414	0.0040099232	-0.0352498461	0.00784202	-0.038525199999999996	-0.055497300000000006	-9.14324e-05	3.19151e-05	-0.000561359
0.128416265	0.0159973289	-0.02891312	0.0198968795	0.011459696	-0.06986889610000001	0.0280428653	0.06949256179999999	0.0408908726	0.001604535	-0.0381010623	0.023311000000000002	-0.046273699999999994	-0.123453	-0.000116166	-0.00037899	-0.00025213599999999997
0.127933	0.0197188334	-0.029935311800000006	-0.0073942194	0.037141777	-0.082593709	0.0565046754	0.0690925657	0.0395039266	-0.0008023078999999999	-0.0408908726	0.0394092	-0.054457000000000005	-0.0899808	-0.0012235900000000005	-0.000641903	-0.000285385
0.17592605499999994	0.0053338744	-0.0176574262	-0.032958052	0.015079982	-0.0061935573	0.0058675875	0.0686856091	0.0381010623	-0.0032084234000000003	-0.0436147809	0.010539299999999998	-0.019160299999999998	-0.0359106	-0.00126359	3.19151e-05	-0.0007253519999999999
0.077868325	0.0024742508	-0.007882353299999999	-0.0359806407	-0.0175014098	-0.0107007729	-0.0141741547	0.068271733	0.0366828449	-0.0056116301	-0.046268397	0.00474872	-0.0362183	-0.0483551	-0.0008289110000000001	0.00042496099999999996	-0.000701572
0.047543205	0.0021116794	-0.0121922745	-0.0327753867	-0.029791113	-0.0093064343	0.0269212687	0.0678509792	0.0352498461	-0.0080097493	-0.0488474444	0.00424656	-0.0190687	-0.051118000000000004	-0.0007975660000000001	3.19151e-05	-0.000819752
0.04807559499999999	-0.0049016141	-0.0048262466	-0.0078974662	-0.0025190933	0.0093384849	0.0234756423	0.06742339	0.0338026431	-0.0104006067	-0.0513477665	0.010541600000000002	-0.0339724	-0.0417254	-0.0008428489999999999	9.012219999999999e-05	-0.0005735569999999999
0.04350517	-0.0042032693	-0.0091789473	-0.0032454993	0.0070012634	0.0233248852	0.035658057400000005	0.0669890084	0.0323418192	-0.0127820349	-0.0537653335	0.00410489	-0.040325900000000005	-0.048924199999999994	-0.000716913	-0.00021337599999999998	-0.0006144459999999999
0.08181307	-0.0051490753	-0.0037105001	0.0028726551	0.0439496972	0.0118054224	0.0748141912	0.0665478783	0.030867963	-0.0151518747	-0.0560962492	0.0210352	-0.0444509	-0.028342000000000006	-0.00118512	-7.320279999999997e-05	-0.000419315
0.05288368999999999	-0.0094828802	0.0139686876	-0.0033949283000000003	-0.000187614	0.0760094481	-0.0145883029	0.0661000441	0.0293816684	-0.0175079777	-0.058336757	0.018325499999999998	-0.034778699999999996	-0.030650099999999996	-0.0008798189999999998	0.000252341	-0.000552344
0.053167235	-0.0167270298	0.0205745021	0.0030178127	0.0020299514	0.0579624364	-0.0017224949	0.06564555080000001	0.0278835343	-0.0198482077	-0.060483246	0.0246091	-0.029914599999999996	-0.0202557	-0.00115467	7.96133e-05	-0.000737268
0.037041185	-0.0214295136	0.023513272	0.0177955921	-0.0218945761	0.0923970137	-0.0340385619	0.0651844444	0.0263741644	-0.0221704431	-0.0625322567	0.030303700000000006	-0.0346681	-0.0357496	-0.0011250600000000002	0.00011753200000000001	-0.0005828130000000001
0.07792459999999997	-0.0243680829	0.0231203146	0.0272765064	-0.0115883499	0.0309741735	-0.0174942206	0.0647167712	0.0248541669	-0.0244725786	-0.0644804868	0.0283096	-0.0521072	-0.0583654	-0.000829709	-0.00014113100000000001	-0.000419315
0.06229775	-0.0209399967	0.033655229	0.0199686146	-0.0014309576	0.0366789813	-0.0141965829	0.0642425783	0.0233241543	-0.026752527	-0.0663247964	0.0295536	-0.0487082	-0.035999800000000005	-0.00145998	-0.000133658	-0.000487354
0.08408009999999999	-0.0277922888	0.0441341141	0.0270296106	-0.0104978613	0.0511660882	-0.0568612719	0.0637619136	0.0217847431	-0.0290082213	-0.0680622132	0.026088	-0.0346649	-0.0446335	-0.00104103	0.000270151	-0.0008233449999999997
0.0837876	-0.0240181492	0.0331695014	0.0357047418	0.006343575	-0.0118049854	-0.0256813559	0.0632748254	0.0202365536	-0.0312376164	-0.06968993700000001	0.036324300000000004	-0.052368200000000004	-0.0646197	-0.00108203	1.4432999999999999e-05	-0.00040282699999999997
0.03966095	-0.0252378901	0.0425014613	0.0442099602	0.0149787807	-0.029752205	0.0071515114	0.0627813628	0.0186802098	-0.0334386912	-0.0712053446	0.027923700000000003	-0.0558549	-0.0747573	-0.0007858569999999999	1.4432999999999999e-05	-0.000459375
0.02666625	-0.0271727958	0.055872143	0.0557137797	0.0105836799	-0.0318596519	-0.0030979437	0.062281575599999986	0.0171163386	-0.035609450099999995	-0.0726059935	0.038454199999999994	-0.0463723	-0.07500939999999999	-0.0008147539999999999	1.4432999999999999e-05	-0.00036025099999999996
0.03194164999999999	-0.0381859958	0.0532332599	0.0560726908	0.0226626375	0.0252664395	-0.0302919896	0.061775514	0.0155455703	-0.037747925	-0.07388962639999999	0.0294074	-0.0453089	-0.08866649999999998	-0.000903053	1.4432999999999999e-05	-0.00043543900000000003
0.02232115	-0.0383696819	0.0661422649	0.0554273208	0.0269381161	0.0078767557	-0.0118575647	0.0612632291	0.0139685379	-0.0398521774	-0.0750541746	0.030334899999999998	-0.055596000000000007	-0.0887275	-0.0009268360000000001	1.4432999999999999e-05	-0.00023831099999999998
0.053739805	-0.0399288645	0.0748158972	0.06298609	0.0406617872	0.0414773794	-0.0079117145	0.0607447724	0.0123858767	-0.0419202993	-0.0760977612	0.027300900000000003	-0.0582297	-0.0725028	-0.00133536	-5.322810000000001e-05	-0.000399074
0.06860235499999999	-0.0441519652	0.0723937219	0.0701457991	0.0300656811	-1.27171e-05	-0.0102139611	0.0602201963	0.0107982247	-0.0439504158	-0.0770187042	0.027341300000000002	-0.083136	-0.1005	-0.00111057	1.4432999999999999e-05	-0.000419792
0.077510965	-0.048165452	0.08560782199999999	0.056022708600000005	0.07249369230000001	-0.0152700506	0.0086248015	0.0596895534	0.0092062214	-0.0459406864	-0.0778155195	0.0271531	-0.0630596	-0.065044	-0.00143549	6.575029999999999e-05	-0.000479362
0.045526164999999987	-0.0554343572	0.0992851394	0.0589313789	0.0427293717	-0.0007722363	-0.0378536598	0.0591528974	0.007610508399999999	-0.0478893067	-0.0784869228	0.019963099999999998	-0.047486099999999996	-0.061537699999999994	-0.00113176	1.4432999999999999e-05	-0.0005094419999999999
0.022024349999999988	-0.05891855660000001	0.1139271782	0.08517069210000001	0.0470889177	-0.012166219	-0.0619178376	0.0586102822	0.0060117288	-0.0497945101	-0.0790318321	0.019992	-0.054741099999999994	-0.0650459	-0.00120164	1.4432999999999999e-05	-0.000664207
0.07010764500000001	-0.05773232740000001	0.1129547605	0.0779627331	0.0413216205	-0.0588077587	-0.0482417236	0.0580617626	0.0044105266	-0.0516545692	-0.0794493692	0.022377	-0.059407299999999996	-0.0918646	-0.0007488269999999998	-6.36869e-05	-0.000470385
0.046764705	-0.0572890294	0.1094208604	0.0876095473	0.0749581499	-0.0780299175	0.0031428137	0.0575073938	0.0028075473	-0.0534677978	-0.0797388611	0.026598200000000002	-0.054293499999999995	-0.0795822	-0.00105704	-0.00020847099999999998	-0.000520334
0.058768399999999985	-0.0614948968	0.1253744206	0.1037101583	0.0532751212	-0.055934581	-0.0361105829	0.0569472315	0.0012034366	-0.0552325519	-0.0798998413	0.0199724	-0.0441846	-0.0954679	-0.000766463	-0.00040828	-0.00048776
0.038928875	-0.0647089311	0.1264614925	0.098847578	0.0859819617	-0.07996463200000001	-0.0054163163	0.05638133240000001	-0.000401159	-0.0569472315	-0.0799320503	0.0269943	-0.0399388	-0.09174500000000001	-0.0007037710000000001	-7.44635e-05	-0.00040550300000000004
0.08021122499999997	-0.0694351579	0.1453141896	0.1015875958	0.0871766487	-0.0304347292	-0.0041272864	0.0558097533	-0.002005593	-0.0586102822	-0.0798354362	0.020006799999999998	-0.0451279	-0.0687753	-0.00109833	1.4432999999999999e-05	-0.0008233459999999998
0.05728625000000001	-0.0712806	0.1281621111	0.0963086766	0.1495947103	-0.0692590952	0.050536532300000006	0.0552325519	-0.0036092188	-0.0602201963	-0.0796101548	0.0199968	-0.047898699999999995	-0.0854995	-0.00125215	-0.000426603	-0.000662577
0.07272100000000001	-0.0794432303	0.1620331097	0.1130645694	0.093448153	-0.0002088416	-0.0350897421	0.0546497862	-0.0052113902	-0.061775514	-0.079256569	0.017245799999999995	-0.030579200000000008	-0.0655887	-0.0015685	-0.000109136	-0.000683554
0.28326965000000004	-0.0519709948	0.0128302583	0.0209661116	0.2563243779	-0.1517159286	0.1740966387	0.0540615151	-0.0068114617	-0.0632748254	-0.0787752489	0.025181799999999997	0.0246904	-0.134947	-0.00385819	-0.000387305	-0.000237298
0.350464404	0.0535520192	-0.2122535865	-0.2360336179	0.2232399021	-0.4191280743	0.3162761971	0.0534677978	-0.0084087885	-0.0647167712	-0.07816697	0.000800516	-0.0624014	-0.0998173	-0.000623541	-9.41336e-05	0.000312114
0.17465523100000002	0.0517108627	-0.14734392289999998	-0.1929421233	-0.0560651092	-0.0362828072	0.0655604432	0.052868694	-0.0100027269	-0.0661000441	-0.0774327128	-0.00934212	-0.09898839999999999	-0.12403399999999999	-9.55555e-05	-0.00101845	-0.000309762
0.219307745	0.0208912395	-0.1736798589	-0.1238311574	0.0082158328	0.0004146583	-0.0059993496	0.0522642642	-0.0115926346	-0.06742339	-0.0765736605	0.025324	-0.0153042	-0.07481979999999999	6.21156e-05	-0.000537411	8.639239999999997e-05
0.07383811	0.0315447741	-0.15539689210000002	-0.1265957222	-0.0476457471	0.0066859717	-0.06678909870000001	0.0516545692	-0.0131778711	-0.0686856091	-0.07559119780000001	0.0175988	-0.0395604	-0.0867883	-0.00046488599999999997	-0.000508244	0.000127988
0.0178957	0.0330104612	-0.148396677	-0.1156697171	-0.0437770322	-0.0058216944	-0.0408787977	0.0510396705	-0.0147577975	-0.0698855571	-0.0744869079	0.0166052	-0.039641300000000004	-0.08033859999999997	-0.00042423	-0.00049147	-2.2012e-05
0.018767952	0.0376625016	-0.1434102093	-0.1215204364	-0.0094301645	-0.0085516799	-0.0113000357	0.05041963	-0.0163317771	-0.0710221462	-0.0732625707	0.0166226	-0.041157400000000004	-0.08117009999999998	-0.0006915889999999999	-0.000538284	-8.12596e-06
0.040225897999999996	0.0230403818	-0.1346650308	-0.1024581553	0.0140360849	0.0227846257	-0.0459582231	0.0497945101	-0.0178991758	-0.0720943458	-0.0719201593	0.0165663	-0.0344144	-0.0724888	-0.000607309	-0.000317013	0.000181229
0.0259269	0.0242920032	-0.1273320835	-0.0875601767	0.0043826149	0.0077396333999999985	-0.0401367426	0.0491643739	-0.0194593619	-0.07310118389999999	-0.07046183730000001	0.019626599999999998	-0.0391027	-0.06791160000000003	-0.00070314	-0.000177448	0.00014460299999999998
0.056626695	0.0479515105	-0.07684650679999999	-0.1021728756	-0.08489038689999999	-0.0060011943	0.0455081349	0.0485292848	-0.0210117067	-0.0740417477	-0.06888995490000001	0.0165946	-0.046164699999999996	-0.0687757	-0.000160323	-0.000490682	8.728209999999999e-05
0.06520609000000001	0.0484392645	-0.0778151164	-0.0919091839	-0.0766833507	0.0148333753	0.110727592	0.0478893067	-0.0225555848	-0.0749151845	-0.06720704549999999	0.0224144	-0.034638499999999996	-0.069176	-0.000845528	-0.00030187	1.21033e-05
0.031448835000000015	0.0231513359	-0.0982618565	-0.08601913509999999	0.0433182917	0.0373075791	-0.0377942969	0.0472445043	-0.024090374	-0.0757207024	-0.06541582139999999	0.0197466	-0.034651	-0.06363390000000001	-0.000724935	-0.00038105	0.000276859
0.11865255	0.0466883597	-0.0268743398	-0.07998120980000001	-0.180594363	-0.0189816314	0.0498192043	0.046594942400000006	-0.0256154559	-0.07645757110000001	-0.0635191694	0.016576499999999997	-0.0527696	-0.08676	0.000357047	-0.000147557	0.000107579
0.070695225	0.0410694599	0.051504575	-0.0683946005	-0.28246731010000004	0.001550061	0.15147204220000002	0.0459406864	-0.0271302159	-0.0771251226	-0.0615201462	0.0165141	-0.0556354	-0.0808026	-0.000423098	-0.000479465	-1.65605e-05
0.057930794999999986	0.0404046666	0.0378847537	-0.0645509446	-0.2246448889	0.0619600734	0.1042469745	0.0452818024	-0.0286340436	-0.0777227516	-0.0594219737	0.016531	-0.041525599999999996	-0.08907330000000001	5.96148e-05	-0.00033894599999999996	7.08756e-05
0.10520362999999996	0.0367575643	-0.0468724245	-0.0571498801	-0.0097350595	0.0498837082	0.0005233592	0.044618356500000005	-0.0301263332	-0.0782499164	-0.0572280333	0.025748200000000002	-0.0452842	-0.07232519999999999	-0.00106218	-9.93626e-05	0.000219092
0.05167846999999999	0.0266190582	-0.0534392868	-0.0534738536	-0.0345629277	0.0510447387	-0.063342678	0.0439504158	-0.0316064831	-0.0787061389	-0.0549418609	0.023755599999999998	-0.050294099999999994	-0.0768475	-0.000659526	-0.000439504	0.000158814
0.05508125000000001	0.0307932168	-0.0356475812	-0.0418427496	-0.06703445820000001	0.062643205	-0.0286831032	0.0432780475	-0.0330738971	-0.07909100570000001	-0.052567141100000006	0.0164675	-0.0635738	-0.0663405	-0.0010048600000000002	-0.00034688300000000003	0.00020098799999999998
0.05262694999999999	0.0294981377	-0.0340436728	-0.0244963936	-0.0312582143	0.0787123148	-0.0336443021	0.0426013192	-0.0345279838	-0.0794041677	-0.050107701	0.020355900000000003	-0.08066149999999997	-0.0630577	-0.00108319	0.000106124	0.00023701200000000001
0.08213539999999997	0.0291456289	-0.0155236304	-0.0226773848	-0.0489335929	0.0593213492	-0.0169756326	0.0419202993	-0.0359681572	-0.079645341	-0.0475675045	0.016449499999999995	-0.065084	-0.07433939999999999	-0.00039151400000000003	-0.00019890400000000002	0.00020632
0.061065200000000014	0.0255477422	-0.0451874539	-0.0178037765	0.023553839500000003	0.0569500616	-0.0264857587	0.0412350562	-0.0373938371	-0.0798143071	-0.0449506455	0.022586500000000002	-0.0521149	-0.07175160000000001	-0.00104559	-0.00026576400000000004	0.00027281
0.032211674999999995	0.019337855	-0.0478288953	-0.0118001145	0.00842778	0.039929596	-0.0990629993	0.0405456591	-0.038804449	-0.0799109126	-0.0422613414	0.016513999999999997	-0.049888999999999996	-0.07126139999999999	-0.00089611	-8.380549999999998e-05	0.000135787
0.071741665	0.0360850205	0.037242345	-0.0112369633	-0.1401304045	-0.0224003967	0.0599521901	0.0398521774	-0.0401994245	-0.07993507009999999	-0.0395039266	0.0105602	-0.05977390000000001	-0.0715323	-2.07177e-05	-2.6110999999999998e-05	-4.37675e-05
0.09506299000000004	0.0316614136	0.0071436253	-0.0067251829	-0.035940431200000005	0.0326678529	0.0257442232	0.0391546809	-0.0415782013	-0.0798867576	-0.0366828449	0.018966900000000002	-0.0401569	-0.0751992	-0.000792003	-0.00032887199999999996	0.000149634
0.02762108100000001	0.0177194611	-0.0380140558	0.0105529104	0.0422503461	0.0412257181	-0.0971820185	0.038453239900000005	-0.0429402241	-0.0797660189	-0.0338026431	0.0191172	-0.0371336	-0.0769563	-0.0008323439999999999	-0.0006015080000000001	8.803379999999996e-06
0.07842892400000001	0.0304023092	-0.005460092299999999	0.0055171789	-0.05874673530000001	-0.0321295732	-0.0725789371	0.037747925	-0.0442849438	-0.0795729635	-0.030867963	0.0193845	-0.0451055	-0.0879258	0.000202321	-0.000473432	-1.2860099999999999e-05
0.117432505	0.032660754300000004	0.0187026735	-0.0131568998	-0.0283421528	-0.0279863329	0.08090635339999999	0.037038807400000005	-0.0456118188	-0.0793077664	-0.0278835343	0.010814200000000001	-0.06604410000000001	-0.0755643	-0.000930453	-0.00070224	0.00013680000000000002
0.07354939999999999	0.0143979214	-0.0477250856	0.0171035667	0.0983175513	-0.0185945923	-0.0725239652	0.0363259585	-0.0469203142	-0.0789706681	-0.0248541669	0.0117091	-0.0537923	-0.08982089999999998	-0.000194427	-0.000590244	6.19e-05
0.02792798	0.0401827461	-0.0008610624	0.0291275895	-0.041228966	-0.0448896139	0.0061070740000000005	0.035609450099999995	-0.0482099028	-0.0785619741	-0.0217847431	0.010334600000000001	-0.053776	-0.07906209999999997	-0.00038148800000000003	-0.000499034	2.4603400000000002e-05
0.060300554999999985	0.0308101439	-0.0139012352	0.0376338318	0.0365390081	0.0104845745	-0.0060277497	0.0348893543	-0.0494800651	-0.078082055	-0.0186802098	0.00882359	-0.0457272	-0.07713060000000001	-0.0008098239999999999	-5.72777e-05	-8.14892e-05
0.076348915	0.0298615146	-0.0324847327	0.0449278963	0.0566284422	0.0101594822	-0.0059032033	0.0341657437	-0.0507302891	-0.07753134589999999	-0.0155455703	0.00666296	-0.0647538	-0.06260589999999999	-0.0006966969999999999	-0.000644251	3.11502e-05
0.04747788	0.0285232535	-0.0229103309	0.060652275	0.0497145028	0.0636643255	-0.0177150235	0.0334386912	-0.051960071	-0.07691034599999999	-0.0123858767	0.0161069	-0.0541721	-0.060137	-0.000600838	-0.00040582	0.000196527
0.03676233	0.040278207	0.010199902	0.0480732276	-0.0060383067	0.0250867105	0.06529257990000001	0.03270827	-0.0531689154	-0.0762196185	-0.0092062214	0.00782505	-0.050562699999999995	-0.054315300000000004	-0.000542529	-0.000601856	6.98844e-05
0.07264368	0.0343231039	-0.03407467	0.0564553306	0.0842753407	0.06456580370000001	-0.0176447758	0.0319745538	-0.0543563352	-0.0754597894	-0.0060117288	0.0169291	-0.0423645	-0.0531075	-0.00124552	-0.000262465	0.000110175
0.058305935	0.035855029100000005	0.0112943621	0.0622661053	-0.0285168934	-0.0065937389	-0.0120069891	0.0312376164	-0.0555218517	-0.0746315476	-0.0028075473	0.016971599999999996	-0.0435976	-0.0418186	-0.000516815	-0.00015369	3.28263e-05
0.028959791650000007	0.039091754	0.0477100271	0.0773683201	-0.0962934108	0.0187322229	0.0311362302	0.0304975321	-0.0566649955	-0.0737356442	0.000401159	0.0216114	-0.046924099999999996	-0.0457715	-0.000660001	1.2008900000000001e-05	8.993669999999999e-07
0.040163513349999985	0.0306875388	0.0943615581	0.0830354078	-0.1759448371	-0.0131608804	0.08501411460000001	0.0297543755	-0.0577853059	-0.0727728912	0.0036092188	0.019858400000000002	-0.058884300000000014	-0.0525212	-0.000381529	-8.91185e-05	-1.3513499999999999e-05
0.030582600000000005	0.0300285706	0.1189905845	0.0974896902	-0.1938736785	-0.0018540874	0.1015785325	0.0290082213	-0.0588823313	-0.0717441615	0.0068114617	0.020797299999999998	-0.054837800000000006	-0.060878699999999994	-0.0005050440000000001	-6.1314e-05	-0.000206988
0.10441530199999999	0.0426913811	0.0818474717	0.0791122559	-0.0576588946	0.0290266443	0.1296522529	0.0282591448	-0.059955629800000014	-0.0706503878	0.0100027269	0.0149441	-0.033641500000000005	-0.0530518	-0.00158165	-0.00016240000000000002	6.09804e-06
0.042702219499999985	0.046741236500000005	-0.0556773496	0.08202326900000001	0.1755317745	0.0216132266	-0.0466093407	0.0275072215	-0.061004769	-0.06949256179999999	0.0131778711	0.0140347	-0.0583415	-0.054820100000000004	-0.00161978	-0.000416075	-8.58735e-06
0.0462717275	0.0486515101	-0.08725223480000001	0.0875695611	0.1616636433	-0.038638959300000005	-0.1239202744	0.026752527	-0.0620293259	-0.068271733	0.0163317771	0.016798299999999995	-0.050636	-0.06900830000000001	-0.00133126	-0.000337355	5.64612e-05
0.059633325000000015	0.053985316	-0.0207309223	0.1018559331	0.0360519355	-0.0412575818	-0.0235604498	0.0259951375	-0.0630288878	-0.0669890084	0.0194593619	0.01347	-0.0462156	-0.0735041	-0.0006748710000000001	-0.000526984	-4.52973e-05
0.03848093000000001	0.05958463980000001	-0.0258098727	0.1067349993	0.0410863658	0.0198799886	-0.0152663543	0.0252351292	-0.06400305190000001	-0.06564555080000001	0.0225555848	0.015390799999999996	-0.040244199999999994	-0.06827860000000001	-0.0009774389999999999	-0.000621775	6.46083e-05
0.032356395	0.062071224400000014	-0.0171514563	0.1115374597	0.0383365174	0.0129709311	-0.0297271917	0.0244725786	-0.06495142570000001	-0.0642425783	0.0256154559	0.0201302	-0.050578899999999996	-0.06478880000000001	-0.0009774389999999999	-0.00035789400000000004	5.2639399999999996e-05
0.05373275999999999	0.06624404240000001	-0.0111877363	0.108360416	0.0451730397	0.0196431628	0.0231179245	0.0237075627	-0.065873627	-0.0627813628	0.0286340436	0.024418000000000002	-0.0377161	-0.044425	-0.0009774389999999999	-5.62459e-05	7.53585e-05
0.03754504999999999	0.06001205530000001	-0.0471481716	0.1207547822	0.0766112775	0.0742620577	-0.0400750382	0.0229401584	-0.0667692842	-0.0612632291	0.0316064831	0.029245599999999997	-0.0382032	-0.0540768	-0.00132615	-9.06544e-05	0.00014381
0.046080485	0.0684502986	-0.0516567765	0.1389374232	0.0744857658	0.048546785300000006	-0.0476892524	0.0221704431	-0.0676380363	-0.0596895534	0.0345279838	0.026433299999999996	-0.042686400000000006	-0.031589099999999995	-0.00114567	3.07383e-05	0.000167883
0.05961928	0.06898716860000001	-0.0512422286	0.13322765820000002	0.04922961730000002	0.0614654702	-0.0849673806	0.0213984944	-0.0684795334	-0.0580617626	0.0373938371	0.0228977	-0.052799	-0.0396388	-0.0008201439999999998	-0.00030084	6.65597e-05
0.04830427	0.0849030635	-0.0369881867	0.1268347472	0.045261867699999986	0.045534317699999986	-0.0099087129	0.0206243899	-0.0692934363	-0.05638133240000001	0.0401994245	0.026279400000000005	-0.0437673	-0.044403	-0.0009774389999999999	3.77211e-05	0.00019323700000000002
0.066238295	0.0504251726	-0.0121089732	0.08487110869999999	0.0597970531	-0.050747316900000006	-0.193252403	0.0198482077	-0.0700794171	-0.0546497862	0.0429402241	0.0262743	-0.0294116	-0.0262947	-0.00125561	0.000307084	0.000321087
0.26267356	-0.1120189709	0.12666335369999998	-0.1329559559	-0.0470235801	-0.377569994	-0.149303159	0.019070026	-0.07083715900000001	-0.052868694	0.0456118188	-0.00962376	-0.0704875	-0.16761799999999996	-0.000564615	0.000115382	0.000316258
0.15897720999999998	-0.0989716758	0.1440751938	-0.1513906518	-0.0008344571000000001	-0.0563092191	0.102395608	0.0182899231	-0.0715663568	-0.0510396705	0.0482099028	0.0193755	-0.0483009	-0.10487300000000001	-0.0006599269999999999	-0.00024235900000000002	-0.000131616
0.08033133999999999	-0.1152190514	0.122493159	-0.1419946097	0.0051746906	0.0092241392	-0.0528237961	0.0175079777	-0.07226671650000001	-0.0491643739	0.0507302891	0.0231891	-0.0694641	-0.0768815	-0.0009774389999999999	-0.000161273	1.70468e-05
0.01994115	-0.1232542791	0.1069591874	-0.1346166097	0.0035251633	-0.0115505665	-0.0123040215	0.016724268400000002	-0.072937956	-0.0472445043	0.0531689154	0.024609400000000003	-0.08744309999999997	-0.0767332	-0.0009774389999999999	-0.000169144	1.70468e-05
0.032832150000000004	-0.128762083	0.0854698265	-0.1016469963	-0.0008742045	0.0198915708	0.0114450096	0.0159388744	-0.07357980480000001	-0.0452818024	0.0555218517	0.023147	-0.08163439999999997	-0.06940510000000001	-0.0012574000000000005	-0.000253842	1.70468e-05
0.032495050000000004	-0.0989536023	0.098769655	-0.1364337425	0.0726002767	0.0282816551	0.0315106162	0.0151518747	-0.0741920043	-0.0432780475	0.0577853059	0.0282608	-0.07653650000000001	-0.0674288	-0.00109279	-0.000495373	1.70468e-05
0.04492075	-0.0940999665	0.1001178965	-0.1278743938	0.0419104752	0.0325212953	-0.0615617712	0.0143633485	-0.0747743077	-0.0412350562	0.059955629800000014	0.0222808	-0.0705336	-0.07569879999999997	-0.0009143930000000002	-0.00018041299999999998	1.70468e-05
0.033562150000000006	-0.0930175481	0.0828344745	-0.1223152747	0.049281581	0.0473830497	-0.0222187869	0.0135733754	-0.0753264804	-0.0391546809	0.0620293259	0.0199572	-0.0631998	-0.09317769999999999	-0.00104291	-0.00018041299999999998	1.70468e-05
0.0185583	-0.0937474819	0.07751172469999999	-0.1060658893	0.0209141758	0.0197452269	-0.055340964000000006	0.0127820349	-0.07584830000000001	-0.037038807400000005	0.06400305190000001	0.017500400000000003	-0.0627742	-0.0975332	-0.000952928	-0.000316839	1.70468e-05
0.03418825	-0.0973049838	0.07002318	-0.1012404773	0.0441359326	0.0207454619	0.0135154564	0.0119894067	-0.0763395561	-0.0348893543	0.065873627	0.0167606	-0.0576142	-0.08764919999999997	-0.000864463	-0.000596463	1.70468e-05
0.0232496	-0.07601399730000001	0.0713030772	-0.1156542157	0.0468617905	0.0283406882	-0.0479202155	0.0111955706	-0.0768000508	-0.03270827	0.0676380363	0.019711700000000002	-0.0501277	-0.0886403	-0.00107476	-0.0005703419999999999	1.70468e-05
0.06049940999999999	-0.0999578978	0.0523585509	-0.0826763511	-0.0318929032	-0.051583377	-0.1078962274	0.0104006067	-0.0772295986	-0.0304975321	0.0692934363	0.00865544	-0.0636731	-0.10905699999999999	-0.00095418	-0.0007593829999999998	1.70468e-05
0.05918013	-0.1490951875	-0.0295783611	0.0476075186	-0.1322138025	-0.13905131310000002	0.0328766882	0.0096045951	-0.0776280263	-0.0282591448	0.07083715900000001	-0.00217619	-0.07230839999999998	-0.12429100000000001	-0.000483201	-0.000740778	1.70468e-05
0.13361246999999998	-0.14928558990000002	-0.05122813230000002	0.030291166	-0.0119028478	-0.008088755	0.1353976787	0.0088076158	-0.07799517339999999	-0.0259951375	0.07226671650000001	0.00646187	-0.0581492	-0.0811112	-0.00143311	-0.000449984	0.000129052
0.03568247999999999	-0.1202691496	-0.0081152702	-0.0355732805	-0.0221372777	0.0375211555	-0.0360290258	0.0080097493	-0.078330892	-0.0237075627	0.07357980480000001	0.00752679	-0.05894209999999999	-0.07297039999999999	-0.00119239	-0.000610936	1.70468e-05
0.04264421	-0.104924374	-0.0056891801	-0.0443356158	-0.0202188818	0.0131529726	-0.0363956418	0.0072110759	-0.0786350467	-0.0213984944	0.0747743077	0.0109757	-0.060011800000000004	-0.0949513	-0.0014309800000000005	-0.00069524	1.70468e-05
0.017362350000000012	-0.1017457345	-0.0129328295	-0.0325443827	-0.0167203834	0.0285050284	-0.0143614206	0.006411676	-0.07890751509999999	-0.019070026	0.07584830000000001	0.011863799999999999	-0.054909400000000004	-0.0883511	-0.00141732	-0.000777013	1.70468e-05
0.020821149999999983	-0.1018253558	-0.023188531600000003	-0.023938394100000003	-0.0043183417	0.048121176	0.0123887577	0.0056116301	-0.0791481873	-0.016724268400000002	0.0768000508	0.010803799999999999	-0.0523545	-0.09400460000000001	-0.00129649	-0.0006667880000000001	1.70468e-05
0.03869895	-0.1072419668	-0.0411702044	0.0002605637	-0.0511186087	0.036142084	-0.0069267277	0.004811019000000001	-0.07935696639999999	-0.0143633485	0.0776280263	0.0114902	-0.056127699999999996	-0.101938	-0.000949427	-0.00048773199999999994	1.70468e-05
0.03934764500000002	-0.1085136398	-0.0501970142	0.0185826068	-0.0274920646	0.044448945199999985	0.1131897927	0.0040099232	-0.0795337681	-0.0119894067	0.078330892	0.016824099999999998	-0.0563181	-0.08523949999999997	-0.0009762330000000001	-0.000248253	-5.91651e-05
0.069570355	-0.06628956230000001	-0.0115079154	-0.0293967417	0.0411631954	0.1193753188	0.0931834076	0.0032084234000000003	-0.0796785214	-0.0096045951	0.07890751509999999	0.0254329	-0.0504121	-0.07250679999999997	-0.00145522	-0.000425889	0.000130669
0.04289567	0.0181416451	0.0192055578	-0.0300792115	0.0598190589	0.0969037476	0.1204465201	0.0024066004	-0.0797911678	-0.0072110759	0.07935696639999999	0.0318931	-0.042924000000000004	-0.07101189999999999	-0.00181799	-0.000330129	4.01496e-05
0.05001022000000002	0.1025432662	-0.0111728607	0.039646923	0.0888868341	0.0739953927	0.0720463712	0.001604535	-0.0798716619	-0.004811019000000001	0.0796785214	0.0327549	-0.058421	-0.07768469999999998	-0.0020408	-0.000524964	0.000162077
0.07688097499999999	0.0833500752	0.0085809667	0.0479208762	-0.0595189851	0.0159047073	-0.0565184708	0.0008023078999999999	-0.0799199714	-0.0024066004	0.0798716619	0.036652199999999996	-0.05424690000000002	-0.06450209999999999	-0.001415	-0.000248253	-4.7951499999999997e-05
0.04477037500000002	0.0591209555	0.0159511181	0.0202893566	-0.0437441287	-0.009005492	0.010745724	0.0	-0.0799360767	-0.0	0.0799360767	0.0331496	-0.05505419999999999	-0.0723406	-0.00131567	-0.000683883	-0.00016543099999999998
0.035965750000000005	0.07330987580000001	0.0041444637	0.0170644446	-0.0029402997	-0.0008440519	-0.0502366213	-0.0008023078999999999	-0.0799199714	0.0024066004	0.0798716619	0.033209699999999995	-0.0518455	-0.0575105	-0.00156825	-0.000730403	-0.00010719399999999999
0.064775795	0.0356821789	0.0103216523	0.007106574	-0.07076608870000001	-0.0860465214	-0.0809255374	-0.001604535	-0.0798716619	0.004811019000000001	0.0796785214	0.0270675	-0.0387945	-0.07348789999999998	-0.00113811	-0.000656935	-1.86981e-05
0.063179045	-0.0162431556	-0.0083460299	0.0636296013	-0.1399488047	-0.1322530198	-0.010535305900000002	-0.0024066004	-0.0797911678	0.0072110759	0.07935696639999999	0.017223599999999995	-0.0678701	-0.08856419999999998	-0.00113811	-0.0007413989999999999	-0.00011789899999999999
0.06035535	-0.0651770431	-0.049800275	0.1345778488	-0.1442311086	-0.1267966222	0.140591604	-0.0032084234000000003	-0.0796785214	0.0096045951	0.07890751509999999	0.0177959	-0.05385840000000002	-0.105075	-0.000888113	-0.000530535	-0.00024224900000000002
0.114696325	-0.0158322359	-0.0304362846	0.035584529	0.0084169786	0.0156722655	0.141904214	-0.0040099232	-0.0795337681	0.0119894067	0.078330892	0.0231389	-0.0478185	-0.0697806	-0.0019741	-0.000439031	-5.93595e-05
0.044725575	0.0024801783	-0.0222047076	0.005889844399999999	-0.0453809931	-0.0181893982	-0.0239270466	-0.004811019000000001	-0.07935696639999999	0.0143633485	0.0776280263	0.0217896	-0.0480249	-0.06568919999999999	-0.00152593	-0.000718598	-0.00011319200000000001
0.021001450000000005	0.0017880622	-0.0279475282	0.0222348866	-0.013457371	0.0002197818	0.117567228	-0.0056116301	-0.0791481873	0.016724268400000002	0.0768000508	0.0214365	-0.043424300000000006	-0.06449880000000001	-0.00143019	-0.000808951	-0.000224246
0.03463803	0.0201009283	-0.0285739651	0.013617564	0.0187256093	0.0323114631	0.0366312186	-0.006411676	-0.07890751509999999	0.019070026	0.07584830000000001	0.0253498	-0.035416	-0.0700778	-0.00145634	-0.0006831280000000001	-3.34704e-05
0.04841534	0.0077482285	-0.0307570526	0.0243476584	-0.043535539000000005	0.0018541844	0.0380404876	-0.0072110759	-0.0786350467	0.0213984944	0.0747743077	0.0191593	-0.0463902	-0.052322900000000006	-0.00133568	-0.000747033	5.18794e-05
0.06417312	0.0296950476	-0.0230774116	0.0010146787	0.0193937288	0.0535002393	0.0637953041	-0.0080097493	-0.078330892	0.0237075627	0.07357980480000001	0.0235546	-0.0500569	-0.0756439	-0.00151864	-0.000891423	-0.000276573
0.05298607500000002	0.0390379564	-0.0266310402	0.0138726811	-0.0333718691	0.0213300984	-0.0103924224	-0.0088076158	-0.07799517339999999	0.0259951375	0.07226671650000001	0.0302819	-0.0421508	-0.07371569999999998	-0.00122039	-0.000658658	-7.90985e-05
0.045516025	0.029393273	-0.032726027000000005	0.007010506800000001	-0.0122458046	0.0129849552	0.0542000026	-0.0096045951	-0.0776280263	0.0282591448	0.07083715900000001	0.020761	-0.0459702	-0.0877498	-0.00120403	-0.000764899	-0.00031933
0.029581699999999992	0.0462553279	-0.0213604059	0.0068503087	-0.0013180507	0.014418766299999997	-0.017027592	-0.0104006067	-0.0772295986	0.0304975321	0.0692934363	0.018162599999999997	-0.05198969999999999	-0.08979049999999998	-0.0012220200000000005	-0.0009384339999999999	-0.000506267
0.021143900000000014	0.0394525325	-0.0308344677	0.0023052827	-0.0232844879	-0.0234755977	-0.0115371873	-0.0111955706	-0.0768000508	0.03270827	0.0676380363	0.014118200000000001	-0.0530071	-0.0899716	-0.00104072	-0.0008334409999999998	-0.00047454
0.02734085	0.0540511278	-0.0214193963	0.0037184691	0.0120244822	0.0003237934	-0.0034575962	-0.0119894067	-0.0763395561	0.0348893543	0.065873627	0.013304	-0.0555376	-0.0846645	-0.00104072	-0.00103497	-0.000302288
0.03284945000000001	0.049730359	-0.0251359744	0.0033421677000000003	-0.0223429242	-0.0186880874	-0.034964773500000004	-0.0127820349	-0.07584830000000001	0.037038807400000005	0.06400305190000001	0.0141381	-0.0532524	-0.0945353	-0.0009183660000000002	-0.0008000909999999997	-0.000262334
0.046456400000000016	0.0600948585	-0.0256080058	-0.0007646711	0.0320065489	-0.0024560559	0.026122224	-0.0135733754	-0.0753264804	0.0391546809	0.0620293259	0.014140100000000001	-0.0533678	-0.08332010000000001	-0.00135908	-0.00100386	-0.000320327
0.029489500000000005	0.069763465	-0.0268196708	-0.0018155714	0.0178097142	-0.0136810906	-0.0264143186	-0.0143633485	-0.0747743077	0.0412350562	0.059955629800000014	0.0173387	-0.0508278	-0.08717219999999999	-0.00101593	-0.000963731	-0.00030563
0.012975950000000005	0.06296967099999999	-0.0233783789	-0.0028619124	-0.0104492321	-0.0163843059	-0.0097136671	-0.0151518747	-0.0741920043	0.0432780475	0.0577853059	0.0141513	-0.0491551	-0.0866243	-0.00100794	-0.0009103300000000002	-0.00039559800000000004
0.05533825000000001	0.0545135804	-0.0309153328	0.0026101039	0.0156620741	-0.0380780785	0.023770919100000003	-0.0159388744	-0.07357980480000001	0.0452818024	0.0555218517	0.020485299999999998	-0.0344847	-0.0763312	-0.0013163	-0.00087912	-0.00025435299999999997
0.029712399999999983	0.0779739228	-0.0230000361	0.0066777401	0.067879492	0.0033795471	0.0295252359	-0.016724268400000002	-0.072937956	0.0472445043	0.0531689154	0.023163800000000002	-0.03762619999999999	-0.06707489999999999	-0.00110848	-0.00094748	-0.000270895
0.02720595000000001	0.0726017626	-0.0243943805	-0.0053250123	0.0393476016	-0.0023857672	-0.047185862300000006	-0.0175079777	-0.07226671650000001	0.0491643739	0.0507302891	0.0216035	-0.0275587	-0.06480040000000001	-0.00110851	-0.00080614	-0.00039559800000000004
0.05300985	0.055631937	-0.023123758900000003	0.0098698359	0.0168896332	-0.0436778171	0.0139680328	-0.0182899231	-0.0715663568	0.0510396705	0.0482099028	0.014183100000000002	-0.0399635	-0.07838830000000001	-0.0008640560000000001	-0.0006586589999999999	-0.00039559800000000004
0.07206905000000001	0.0777004278	-0.0223053718	-0.0042589719	0.0750385241	0.00856708	0.0304042581	-0.019070026	-0.07083715900000001	0.052868694	0.0456118188	0.022833000000000003	-0.0367723	-0.0806386	-0.00157327	-0.0009412310000000001	-0.00022783099999999998
0.04794405	0.0792288281	-0.0213919264	-0.0085748829	0.0374088656	0.0181550365	-0.0458063993	-0.0198482077	-0.0700794171	0.0546497862	0.0429402241	0.0252232	-0.031742	-0.078016	-0.00126559	-0.0006586589999999999	-0.00039559800000000004
0.019586799999999998	0.0618899773	-0.0159803622	0.0031706005	-0.0006370355	-0.0375598867	-0.0454325605	-0.0206243899	-0.0692934363	0.05638133240000001	0.0401994245	0.021019799999999998	-0.039025	-0.07323810000000001	-0.00119914	-0.0006586589999999999	-0.00039559800000000004
0.018903099999999992	0.0581606229	-0.0122868772	-0.0017071813	0.0245744507	0.0003251394	0.029265896	-0.0213984944	-0.0684795334	0.0580617626	0.0373938371	0.021000799999999997	-0.0388379	-0.07510279999999997	-0.00134721	-0.000847235	-0.00039559800000000004
0.035373199999999994	0.0689403298	-0.0033643971999999995	-0.0049848895	0.0368468692	0.0094519645	-0.0304651657	-0.0221704431	-0.0676380363	0.0596895534	0.0345279838	0.023778	-0.0374369	-0.0629752	-0.00126559	-0.0006586589999999999	-0.000284446
0.026181550000000005	0.0501668301	-0.0109253526	0.0008727728	-0.0261848101	-0.0366007592	-0.0556043696	-0.0229401584	-0.0667692842	0.0612632291	0.0316064831	0.0210045	-0.0411836	-0.0699067	-0.00126559	-0.000802104	-0.00039559800000000004
0.06493765	0.0159023818	-0.0205830038	0.0116740219	-0.0146622329	-0.0608292574	0.0250276398	-0.0237075627	-0.065873627	0.0627813628	0.0286340436	0.011856100000000001	-0.0368816	-0.08122849999999998	-0.0007250909999999998	-0.0006586589999999999	-0.000514963
0.10009905	0.044262878099999986	-0.0122066716	-0.0503694263	0.1410344151	0.0014101271	0.0330380611	-0.0244725786	-0.06495142570000001	0.0642425783	0.0256154559	0.024989700000000004	-0.060609699999999996	-0.0708201	-0.00126559	-0.000915965	-0.00025618900000000004
0.02659085	0.041653551	-0.0115416118	-0.0548296481	0.0716388362	-0.0058514735	-0.106323306	-0.0252351292	-0.06400305190000001	0.06564555080000001	0.0225555848	0.021572499999999998	-0.059534500000000004	-0.07838929999999998	-0.00126559	-0.00065866	-0.000222909
0.03680375	0.016247176699999998	-0.0136443596	-0.025452486	0.0017111192000000002	-0.0533144634	-0.05930226440000001	-0.0259951375	-0.0630288878	0.0669890084	0.0194593619	0.018759	-0.060237599999999995	-0.07335999999999998	-0.00117065	-0.0009561869999999999	-0.000395599
0.0562467	0.002208769	-0.0140267262	-0.016410081899999998	0.0054887457	-0.0026612156	-0.022277315	-0.026752527	-0.0620293259	0.068271733	0.0163317771	0.020993	-0.05245980000000002	-0.08086899999999997	-0.000945106	-0.000535089	-0.000267723
0.04456435	0.0074957968	-0.0026970434	-0.0212121709	-0.005344977900000001	0.0064907785	-0.0240127717	-0.0275072215	-0.061004769	0.06949256179999999	0.0131778711	0.023128	-0.0465548	-0.0658719	-0.00126559	-0.000442701	-0.000285396
0.04216655	0.007702095	-0.0087754062	-0.0154211889	-0.0032349186	0.0032561488	-0.0599149306	-0.0282591448	-0.059955629800000014	0.0706503878	0.0100027269	0.0238412	-0.0597753	-0.06605549999999999	-0.00126559	-0.0007064160000000001	1.1874e-05
0.04687864999999999	0.0001413383	-0.004705298	-0.0017720502	0.0071337469	0.0046502594	0.0018635834	-0.0290082213	-0.0588823313	0.0717441615	0.0068114617	0.021160400000000003	-0.0647784	-0.0876103	-0.00126559	-0.0008179599999999997	-0.000229381
0.05369230999999999	0.0160083234	0.0061706651	-0.0250254458	0.0327757252	0.0272594041	-0.0427501835	-0.0297543755	-0.0577853059	0.0727728912	0.0036092188	0.0237946	-0.041974000000000004	-0.0995604	-0.00126559	-0.000683775	-3.7493800000000003e-05
0.07140026	0.0160061091	0.0134983895	-0.0204806038	0.0029179567	-0.009737228	-0.0516640441	-0.0304975321	-0.0566649955	0.0737356442	0.000401159	0.0186483	-0.0663044	-0.0795468	-0.00138925	-0.000585272	-0.00025353
0.02003869999999999	0.010655421399999998	0.0098883638	-0.0278178959	0.0460035653	0.0166637123	0.0104400966	-0.0312376164	-0.0555218517	0.0746315476	-0.0028075473	0.0201241	-0.06437369999999999	-0.0824763	-0.00149293	-0.0005289730000000001	-0.000139455
0.041502	0.0238025253	0.0272399374	-0.0402179295	0.0394701801	0.0256076438	-0.0354889792	-0.0319745538	-0.0543563352	0.0754597894	-0.0060117288	0.022145599999999998	-0.059886800000000004	-0.0864662	-0.00126559	-0.0007039689999999999	7.828299999999998e-05
0.03293445	0.0252203663	0.0281211269	-0.039547535	0.0381170702	-0.0007890171000000001	-0.0779473633	-0.03270827	-0.0531689154	0.0762196185	-0.0092062214	0.0189319	-0.0644199	-0.08069119999999999	-0.00133786	-0.000735705	-0.00020596400000000002
0.07067929999999999	0.0147410008	0.0256579906	-0.0260688643	0.0023761694	-0.0189072722	-0.046679543	-0.0334386912	-0.051960071	0.07691034599999999	-0.0123858767	0.0129472	-0.08700679999999998	-0.09732610000000001	-0.0009995219999999999	-0.0006507759999999999	-0.00029215299999999997
0.047845699999999984	0.0195793891	0.0316155836	-0.0385812118	0.0375399718	0.006923010899999999	-0.0508973266	-0.0341657437	-0.0507302891	0.07753134589999999	-0.0155455703	0.013569299999999998	-0.0800773	-0.0869125	-0.00155419	-0.0006656489999999999	-0.000264084
0.06712995	-0.0051546414	0.023096979	0.0056604399	-0.0516217278	-0.0753259064	-0.036183577	-0.0348893543	-0.0494800651	0.078082055	-0.0186802098	0.011399700000000002	-0.07792489999999999	-0.1055	-0.0008670709999999999	-0.000843863	-0.000245008
0.023805160000000016	-0.0409570083	-0.0174662734	0.0774613829	-0.0671859841	-0.060634101	0.0860124706	-0.035609450099999995	-0.0482099028	0.0785619741	-0.0217847431	0.0124405	-0.07272059999999997	-0.108602	-0.000818728	-0.000784359	-6.36938e-05
0.097270815	-0.029982397400000006	-0.0073953338	0.0420051778	-0.0254376592	0.0332409742	0.0877731336	-0.0363259585	-0.0469203142	0.0789706681	-0.0248541669	0.0156787	-0.055486900000000006	-0.08084439999999997	-0.0016841999999999998	-0.00071869	-1.40085e-05
0.053974475	-0.0178826958	0.0117246226	0.001497483	-0.0099727111	0.0449639046	-0.0076133335	-0.037038807400000005	-0.0456118188	0.0793077664	-0.0278835343	0.0201877	-0.0579606	-0.0701024	-0.00118398	-0.000614828	-0.00013492200000000002
0.02750750000000001	-0.0222500292	0.0140189646	0.0167749822	-0.0328540105	0.0226980864	-0.0019796149	-0.037747925	-0.0442849438	0.0795729635	-0.030867963	0.0139298	-0.06636639999999999	-0.06998430000000001	-0.00113217	-0.0008042739999999999	-0.00012166399999999999
0.0285884	-0.0310033586	0.0045405347	0.0209765158	-0.0104587399	0.0450870138	0.054588046	-0.038453239900000005	-0.0429402241	0.0797660189	-0.0338026431	0.019135	-0.0558221	-0.07061920000000001	-0.00126559	-0.000737496	-0.00016554599999999998
0.04066082500000001	-0.0244491144	0.0187169389	0.0135799941	-0.0391145232	0.0228335397	0.0148048819	-0.0391546809	-0.0415782013	0.0798867576	-0.0366828449	0.0214653	-0.0555499	-0.07954019999999999	-0.00161672	-0.000725258	5.38325e-05
0.06158842500000001	-0.0264644335	0.019186903600000003	0.014127963	-0.0330858764	0.0160604308	-0.0287150115	-0.0398521774	-0.0401994245	0.07993507009999999	-0.0395039266	0.0185814	-0.0509278	-0.07497049999999998	-0.00126559	-0.00044557699999999995	-0.000305611
0.08187718	-0.0334287354	0.0074280293000000015	0.0202125932	-0.0463962946	-0.0037335575	-0.0206280972	-0.0405456591	-0.038804449	0.0799109126	-0.0422613414	0.0151452	-0.0657316	-0.0902961	-0.000955216	-0.000699698	9.61256e-05
0.07745047	-0.0360503577	-0.0062158712	0.0035683749	0.0065422313000000005	0.0136393353	-0.0002836564	-0.0412350562	-0.0373938371	0.0798143071	-0.0449506455	0.0207871	-0.06903510000000003	-0.0679668	-0.00174772	-0.00076009	0.000166745
0.1271026	-0.0442935355	-0.0120913683	0.0573848108	-0.0727960206	-0.0851035489	-0.0095896358	-0.0419202993	-0.0359681572	0.079645341	-0.0475675045	0.0251521	-0.0724916	-0.1089	-0.000605105	-0.00041402400000000003	8.8468e-05
0.055204200000000016	-0.0443223263	-0.0204012571	0.0837358392	-0.042029404400000005	-0.0490913445	0.0779929976	-0.0426013192	-0.0345279838	0.0794041677	-0.050107701	0.033281300000000014	-0.06939630000000001	-0.0856518	-0.000722106	-0.000581765	0.00021835599999999998
0.05218042499999999	-0.0352850909	0.0024769275	0.0268961711	0.0022502011	0.024461455	0.049035983	-0.0432780475	-0.0330738971	0.07909100570000001	-0.052567141100000006	0.0186842	-0.058721400000000014	-0.078751	-0.000722106	-0.000312803	8.716549999999999e-05
0.05219296499999999	-0.030954874700000006	0.0124693806	0.0201735665	-0.0019573385	0.0276820068	0.0218884367	-0.0439504158	-0.0316064831	0.0787061389	-0.0549418609	0.022651599999999997	-0.05592869999999999	-0.06604700000000001	-0.00135693	-0.000300257	9.437280000000001e-05
0.07266625999999997	-0.0467493246	-0.0118552604	0.054672067000000005	-0.0292133734	-0.0113461445	0.0361441244	-0.044618356500000005	-0.0301263332	0.0782499164	-0.0572280333	0.017406900000000003	-0.0662382	-0.091774	-0.00107411	-0.000561153	0.000178358
0.05166025	-0.0449421512	-0.0116941692	0.0669958214	-0.0327691913	0.0406014384	0.0915560161	-0.0452818024	-0.0286340436	0.0777227516	-0.0594219737	0.0266421	-0.0586308	-0.0826058	-0.0008761129999999997	-0.000300257	0.00023245400000000002
0.04653114999999998	-0.037782298	0.0125210735	0.0433997975	-0.0149432353	0.0793360218	0.0575594577	-0.0459406864	-0.0271302159	0.0771251226	-0.0615201462	0.026298500000000002	-0.0498464	-0.0649238	-0.00121566	-0.000300257	0.00017757799999999999
0.043172350000000005	-0.0196826074	0.0338517177	0.0049509634	-0.0111314287	0.0843860349	0.0502680776	-0.046594942400000006	-0.0256154559	0.07645757110000001	-0.0635191694	0.024366	-0.050781099999999996	-0.05599019999999999	-0.00134315	-0.000418821	-0.000203799
0.03885355	-0.01260061	0.044340241	-0.0105165656	-0.0185411416	0.0911322903	0.0019784568	-0.0472445043	-0.024090374	0.0757207024	-0.06541582139999999	0.0261472	-0.07485619999999997	-0.05901910000000001	-0.00126972	-0.000300257	-0.000211172
0.04959372000000002	-0.0301559207	0.0335163332	-0.0027969101	-0.0468600379	0.0193024056	-0.0355027086	-0.0478893067	-0.0225555848	0.0749151845	-0.06720704549999999	0.0223523	-0.0885462	-0.0728448	-0.00115173	-0.000300257	3.65004e-05
0.06369672	0.0005546396	0.0588546883	-0.06087805900000001	0.0550363586	0.0263179567	0.006156366999999999	-0.0485292848	-0.0210117067	0.0740417477	-0.06888995490000001	0.0265661	-0.09118810000000001	-0.07262350000000001	-0.00186475	-0.00066876	8.73718e-05
0.09356999	0.0259476502	0.0827014071	-0.1040946171	0.0736052511	-0.0232979481	-0.1169234301	-0.0491643739	-0.0194593619	0.07310118389999999	-0.07046183730000001	0.0183204	-0.077961	-0.08947139999999999	-0.00115509	-0.0007100689999999999	-0.000266645
0.033605899999999994	-0.0280512195	0.0400735875	-0.0199173219	-0.0645821319	-0.1072051844	-0.0939057697	-0.0497945101	-0.0178991758	0.0720943458	-0.0719201593	0.00899155	-0.08498639999999999	-0.0938187	-0.000990798	-0.000800507	-0.000263288
0.0417029	-0.0349065603	0.017908995100000002	0.0045418249	-0.0329588173	-0.0493705059	-0.0224053486	-0.05041963	-0.0163317771	0.0710221462	-0.0732625707	0.0173273	-0.0816154	-0.0942475	-0.00118315	-0.0007100689999999999	4.5268999999999996e-05
0.08928674	-0.0457219034	-0.016655185	0.0593613169	-0.0826588664	-0.1209780945	-0.0320305813	-0.0510396705	-0.0147577975	0.0698855571	-0.0744869079	0.00376191	-0.08209149999999997	-0.111515	-0.000493705	-0.0009920439999999999	-0.000142866
0.06715663499999999	-0.0487366932	-0.029987636	0.0726297688	-0.016770303700000003	-0.0491568915	0.0930811251	-0.0516545692	-0.0131778711	0.0686856091	-0.07559119780000001	0.0109637	-0.0682576	-0.122178	-0.0006856710000000001	-0.0007100689999999999	9.23519e-05
0.08084948999999997	-0.0369598075	-0.0014074614000000002	0.0300840148	-0.0106261133	0.0015787927	0.0336770299	-0.0522642642	-0.0115926346	0.06742339	-0.0765736605	0.0185375	-0.052516999999999994	-0.09515599999999999	-0.00127592	-0.0007100689999999999	7.233909999999999e-05
0.03543449500000001	-0.0180839055	0.0198289233	0.0170714607	0.0283538008	0.0287104358	0.1103739177	-0.052868694	-0.0100027269	0.0661000441	-0.0774327128	0.0244676	-0.05034419999999999	-0.07371180000000001	-0.0012283900000000006	-0.0007100689999999999	0.000142557
0.03144195	-0.006952658100000001	0.0415161072	-0.0104555186	0.0257904845	0.0595248603	0.0678068652	-0.0534677978	-0.0084087885	0.0647167712	-0.07816697	0.0306746	-0.043355	-0.0805137	-0.00100821	-0.0007100689999999999	0.000151254
0.06405130000000002	-0.013786199	0.0311774148	-0.0015687944	0.0020515719	0.0390553404	0.0383553409	-0.0540615151	-0.0068114617	0.0632748254	-0.0787752489	0.031127	-0.072857	-0.07679289999999997	-0.0009505230000000002	-0.000396601	0.000387621
0.07966694999999997	0.0125459437	0.0609821316	-0.0796052241	0.08476933269999999	0.0674668573	0.0364185016	-0.0546497862	-0.0052113902	0.061775514	-0.079256569	0.027591200000000003	-0.07899839999999997	-0.060814	-0.00158389	-0.000586446	0.000130616
0.06752086699999997	0.014084848999999997	0.06274419099999999	-0.0809346616	0.0294703803	0.0477528985	-0.0886820644	-0.0552325519	-0.0036092188	0.0602201963	-0.0796101548	0.0254021	-0.0537997	-0.0786407	-0.00130361	-0.000541225	9.98966e-06
0.053402033	-0.0071053808	0.0313591161	-0.0442305505	-0.0130993174	-0.0347367907	-0.0436428255	-0.0558097533	-0.002005593	0.0586102822	-0.0798354362	0.013533799999999999	-0.06481630000000001	-0.0887763	-0.00119177	-0.0007100689999999999	-0.00011695700000000001
0.08588479999999997	0.0148041041	0.0607628313	-0.08980669039999999	0.0832988607	0.0546199054	0.0216018667	-0.05638133240000001	-0.000401159	0.0569472315	-0.0799320503	0.0246795	-0.0549076	-0.0698303	-0.00178437	-0.0007100689999999999	0.000208131
0.07847060500000001	0.0137375478	0.0573729928	-0.1082569414	0.0421917397	0.0143599652	-0.10770342289999996	-0.0569472315	0.0012034366	0.0552325519	-0.0798998413	0.0162327	-0.056631500000000015	-0.09114320000000001	-0.00112274	-0.0006262209999999999	1.38689e-05
0.014895814999999988	-0.0172677994	0.0214378657	-0.0365815461	-0.0189669813	-0.0094201377	-0.0336128309	-0.0575073938	0.0028075473	0.0534677978	-0.0797388611	0.0168675	-0.0607981	-0.0879338	-0.00112274	-0.0005684209999999999	-6.60314e-05
0.061155229999999984	-0.0261099047	0.0081975659	-0.0068284913	-0.0261465176	-0.0324212779	-0.0093058341	-0.0580617626	0.0044105266	0.0516545692	-0.0794493692	0.022591299999999998	-0.057380499999999994	-0.093073	-0.000536484	-0.0007100689999999999	-0.00027562
0.08271154999999998	-0.012179122	0.0198607173	-0.0117350268	-0.0066988739	0.017184396499999997	0.0222459365	-0.0586102822	0.0060117288	0.0497945101	-0.0790318321	0.0305455	-0.0463114	-0.0822113	-0.000820353	-0.000359893	0.000146866
0.04592101500000001	0.0065956652	0.0439405529	-0.0327672922	0.0020767336	0.0423192193	0.0304134571	-0.0591528974	0.007610508399999999	0.0478893067	-0.0784869228	0.0326455	-0.0448036	-0.07034589999999999	-0.000989225	-0.0007100689999999999	5.695770000000001e-05
0.055940665	0.0089748614	0.0533367938	-0.0271321551	-0.0204568775	0.0320888582	0.0286436898	-0.0596895534	0.0092062214	0.0459406864	-0.0778155195	0.030526400000000002	-0.0556826	-0.07585559999999998	-0.00041596900000000003	-0.0005970530000000001	0.00011934300000000005
0.10067802	0.0189191617	0.043752580599999986	-0.064392408	0.02981591	0.0631239277	0.0132741459	-0.0602201963	0.0107982247	0.0439504158	-0.0770187042	0.030589299999999996	-0.0821371	-0.0590284	-0.00135802	-0.000610292	-7.20354e-05
0.048829888000000016	0.0258109183	0.0463537208	-0.1031969879	0.0452630274	0.0492575318	-0.0223698829	-0.0607447724	0.0123858767	0.0419202993	-0.0760977612	0.027375099999999996	-0.0738153	-0.0739602	-0.00133347	-0.000256335	-3.30064e-06
0.04878294299999999	0.0031361091	0.0349930372	-0.07255618030000001	0.005647295300000001	-0.0086091981	-0.0839137083	-0.0612632291	0.0139685379	0.0398521774	-0.0750541746	0.0238138	-0.07797739999999999	-0.08457879999999998	-0.0010780999999999998	-0.00054147	-7.16145e-05
0.038140225	-0.033778326000000004	-0.0414866684	0.0080063953	-0.0238009141	-0.0438760902	-0.0583939605	-0.061775514	0.0155455703	0.037747925	-0.07388962639999999	0.010046799999999998	-0.08183430000000001	-0.0839819	-0.0011727	-0.000653319	0.000120325
0.05708095000000001	-0.0533542097	-0.1012438469	0.1070834842	-0.0121895902	-0.0694388217	0.0229792515	-0.062281575599999986	0.0171163386	0.035609450099999995	-0.0726059935	0.0199862	-0.0794114	-0.10410699999999999	-0.0008309889999999998	-0.0006694810000000001	0.000254323
0.04372695	-0.053912054800000005	-0.1269770608	0.1449154744	-0.029334596400000006	-0.0888375859	0.000965565	-0.0627813628	0.0186802098	0.0334386912	-0.0712053446	0.0164567	-0.0784779	-0.10017999999999999	-0.000342211	-0.000783115	0.000149996
0.0780643	-0.0552554745	-0.1213712448	0.1263570305	0.004045565399999999	-0.0259962553	0.016108859399999998	-0.0632748254	0.0202365536	0.0312376164	-0.06968993700000001	0.0338468	-0.050084699999999996	-0.0942745	-0.000593811	-0.000783115	0.000425906
0.03583255	-0.04929117190000002	-0.1052897046	0.1023337349	-0.0089014769	-0.0210041463	-0.0486035463	-0.0637619136	0.0217847431	0.0290082213	-0.0680622132	0.024965900000000003	-0.06364790000000001	-0.08480639999999999	-0.0006701389999999999	-0.0007831139999999999	0.000427984
0.0389714	-0.0470723664	-0.1046327512	0.1083144834	-0.0285986515	-0.0170360077	-0.0357172771	-0.0642425783	0.0233241543	0.026752527	-0.0663247964	0.026624900000000003	-0.0673925	-0.08532680000000001	-0.000700648	-0.00044392199999999997	0.000136737
0.030693100000000008	-0.0430018809	-0.0790551529	0.0761162638	0.0129188507	0.0169802273	0.0409790463	-0.0647167712	0.0248541669	0.0244725786	-0.0644804868	0.0294406	-0.059772900000000004	-0.08636460000000001	-0.000609904	-0.000577675	0.00029664
0.07784435	-0.0309213757	-0.0324782393	0.0124587804	0.033875743	0.0473936435	0.0515155159	-0.0651844444	0.0263741644	0.0221704431	-0.0625322567	0.028969099999999998	-0.0524885	-0.0776919	-0.00147529	-0.000783115	0.00013915100000000004
0.06307025000000001	-0.0300320817	-0.0517116441	0.0217170751	-0.0137417437	0.0293397073	-0.005164273400000001	-0.06564555080000001	0.0278835343	0.0198482077	-0.060483246	0.024441900000000003	-0.0778727	-0.08937389999999999	-0.00115601	-0.000783115	0.000249408
0.04423185	-0.0319622026	-0.0481610722	0.0270809356	0.007387660600000002	0.0155889231	0.0319659667	-0.0661000441	0.0293816684	0.0175079777	-0.058336757	0.028072000000000003	-0.0810798	-0.0714843	-0.00134322	-0.0006066509999999999	0.000275835
0.07107129999999999	-0.0190662529	-0.0264411935	-0.0358327991	0.0270451809	0.0268908733	-0.0167810849	-0.0665478783	0.030867963	0.0151518747	-0.0560962492	0.021544400000000002	-0.0589254	-0.0892873	-0.00111705	-0.000783115	0.00018674299999999998
0.056458745	-0.0278127515	-0.04764029400000002	0.0017879696	-0.0276772925	-0.0398793152	-0.0600321067	-0.0669890084	0.0323418192	0.0127820349	-0.0537653335	0.013528100000000001	-0.0699196	-0.100735	-0.000706459	-0.000783115	7.73231e-05
0.057683245	-0.0228794242	-0.0366156226	-0.0206620058	0.0222162623	0.005732014200000001	0.003031223	-0.06742339	0.0338026431	0.0104006067	-0.0513477665	0.021697900000000003	-0.05894650000000001	-0.0880669	-0.00115544	-0.000783115	0.000145787
0.08242159999999997	-0.0285693116	-0.0416002657	-0.0174226872	-0.0143948431	-0.0069724058	-0.0633346809	-0.0678509792	0.0352498461	0.0080097493	-0.0488474444	0.0121196	-0.045304199999999996	-0.101138	-0.00055016	-0.000783115	-0.000171531
0.05288490000000001	-0.0409482948	-0.0668039943	0.0210550115	-0.0080028443	-0.0153417624	-0.0065170195	-0.068271733	0.0366828449	0.0056116301	-0.046268397	0.017590900000000003	-0.0561505	-0.09373550000000004	-0.0006384919999999999	-0.0007152430000000001	0.00025556099999999996
0.02176935	-0.0388541261	-0.0660996406	0.0155789897	-0.0102828153	0.002361205	-0.014415668700000004	-0.0686856091	0.0381010623	0.0032084234000000003	-0.0436147809	0.0219667	-0.06084940000000001	-0.09945810000000001	-0.000635086	-0.000658744	0.000176025
0.029058149999999987	-0.0340232467	-0.0542995615	0.0148344365	-0.0134250425	-0.0038680177	-0.0094124316	-0.0690925657	0.0395039266	0.0008023078999999999	-0.0408908726	0.0241304	-0.0690711	-0.0944625	-0.00042981	-0.0006047219999999999	0.00019027
0.062059050000000025	-0.0325178322	-0.0551671708	-0.0042824987	0.015191239	0.0329631581	-0.01114803	-0.06949256179999999	0.0408908726	-0.001604535	-0.0381010623	0.0219955	-0.0768825	-0.07861179999999998	-0.00103471	-0.0006047219999999999	0.00031061099999999997
0.054288755	-0.0380384507	-0.0746739068	0.0087389611	-0.0037453307	0.0045944987	-0.0175815613	-0.0698855571	0.0422613414	-0.0040099232	-0.0352498461	0.020409200000000002	-0.0917776	-0.0959714	-0.000849206	-0.0006047219999999999	8.715989999999999e-05
0.05760470500000001	-0.0360891564	-0.0619686176	0.0006315993	0.018003106799999998	0.0160698037	0.0101960676	-0.0702715121	0.0436147809	-0.006411676	-0.0323418192	0.029230400000000007	-0.07087360000000001	-0.0963304	-0.000589359	-0.000551781	0.000324782
0.02701045	-0.0308046871	-0.0541691041	-0.0295000596	0.0046349009	0.0431696662	-0.0217277811	-0.0706503878	0.0449506455	-0.0088076158	-0.0293816684	0.0291462	-0.061139099999999995	-0.10439000000000001	-0.0006916180000000001	-0.0006047219999999999	0.00029733900000000003
0.0237384	-0.033909266800000004	-0.052100991500000006	-0.0009725239	-0.0243387275	0.0040625299	-0.0036396012	-0.0710221462	0.046268397	-0.0111955706	-0.0263741644	0.025766700000000003	-0.0726375	-0.107946	-0.0005946640000000001	-0.0006047219999999999	0.000288203
0.07993395	0.0009084605	0.0048419587	-0.0417199559	0.0688957292	0.0731463812	0.0988597979	-0.0713867496	0.0475675045	-0.0135733754	-0.0233241543	0.0355399	-0.05944500000000001	-0.08564629999999998	-0.00106131	-0.000457449	0.000208751
0.039397755	0.0593069033	0.0540233229	-0.07061679650000001	0.0344199433	0.0485890699	0.0797067516	-0.0717441615	0.0488474444	-0.0159388744	-0.0202365536	0.036021	-0.0589106	-0.0981528	-0.00115853	-0.0006047219999999999	-6.42711e-05
0.080119905	0.162669932	0.0451410591	0.0048858871	0.0801330724	0.034144011200000005	0.1622167777	-0.0720943458	0.050107701	-0.0182899231	-0.0171163386	0.0378395	-0.07466989999999997	-0.0830472	-0.0017882999999999996	-0.0006047219999999999	0.000254689
0.06920184500000001	0.2134352049	-0.0418939484	0.0421800364	0.1156579931	-0.000548258	-0.0713059002	-0.0724372672	0.0513477665	-0.0206243899	-0.0139685379	0.0416767	-0.0644965	-0.08049529999999999	-0.00170865	4.04029e-05	0.000582701
0.092613435	0.1609848928	0.0424695608	0.046066788	-0.0724391466	-0.1090815554	-0.0474397722	-0.0727728912	0.052567141100000006	-0.0229401584	-0.0107982247	0.0444763	-0.07251669999999999	-0.0825198	-0.000431679	-2.83518e-05	0.000333044
0.13378301	0.1575199033	0.0478569659	0.0092441145	-0.0470312567	-0.0397625456	-0.0440052369	-0.07310118389999999	0.0537653335	-0.0252351292	-0.007610508399999999	0.0389359	-0.08186	-0.0639703	-0.00193368	-0.000526322	0.00032601900000000004
0.07881384999999999	0.1462887207	0.056479947300000014	-0.0047195617	-0.0348806126	-0.0817686945	-0.0653875049	-0.0734221124	0.0549418609	-0.0275072215	-0.0044105266	0.0346099	-0.0711551	-0.0575626	-0.00116146	-0.000455361	2.1695e-05
0.06332117000000001	0.1571869451	0.0345514897	-0.0355487472	0.0119337517	-0.0568412053	-0.1000511909	-0.0737356442	0.0560962492	-0.0297543755	-0.0012034366	0.0277916	-0.07504389999999997	-0.068748	-0.00175876	-0.000621819	8.651039999999997e-05
0.09001868999999997	0.1031314179	0.06644882860000001	-0.0391248476	-0.035347097599999995	-0.13829007640000002	-0.055262663600000005	-0.0740417477	0.0572280333	-0.0319745538	0.002005593	0.0257282	-0.0687464	-0.09661499999999999	-0.000969777	-0.00073353	-8.861139999999997e-05
0.037720885	0.1089436342	0.0554795155	-0.045275880199999986	-0.0035142558000000003	-0.1278122295	-0.021618125	-0.0743403923	0.058336757	-0.0341657437	0.0052113902	0.0225058	-0.0627996	-0.0954821	-0.0007078989999999999	-0.000994305	-6.288869999999999e-05
0.076759935	0.07970425889999999	0.0491797768	-0.044598622699999986	0.0205041714	-0.08238351740000001	0.0268766962	-0.0746315476	0.0594219737	-0.0363259585	0.0084087885	0.0248599	-0.040768900000000004	-0.10431300000000003	-0.00130753	-0.00107588	0.00012679
0.049856929149999986	0.0565784389	0.04826449730000002	-0.0293112781	0.0034888552	-0.0952668258	0.0241091922	-0.0749151845	0.060483246	-0.038453239900000005	0.0115926346	0.0197632	-0.0362409	-0.10733	-0.000828438	-0.000936952	5.05417e-07
0.03236402085	0.0416501355	0.0438694312	-0.0193229818	0.0168800574	-0.0395043346	0.1131137486	-0.07519127440000001	0.0615201462	-0.0405456591	0.0147577975	0.0234869	-0.0358697	-0.09902280000000001	-0.00107844	-0.0008123769999999998	-2.4156e-05
0.04657635	0.0419475117	0.0500489271	-0.0317353565	0.0370576129	-0.009331622	0.0956890536	-0.0754597894	0.0625322567	-0.0426013192	0.0178991758	0.025539799999999998	-0.0441646	-0.080528	-0.000915172	-0.000861365	0.00011826299999999999
0.07890325	0.0393327389	0.0531918954	-0.0202946851	0.0097346117	0.045469312699999986	0.0797952993	-0.0757207024	0.0635191694	-0.044618356500000005	0.0210117067	0.0426356	-0.023849799999999997	-0.0674098	-0.00128338	-0.0007209769999999999	0.00017715599999999998
0.036937300000000006	0.053588341100000006	0.0651438399	-0.0261806988	0.0237540029	0.073662585	0.0696643949	-0.0759739873	0.0644804868	-0.046594942400000006	0.024090374	0.045657199999999995	-0.0331385	-0.0544697	-0.00132124	-0.000649763	0.00030182
0.05572815000000001	0.0506881979	0.064130569	-0.0164618359	-0.0027960081	0.0591715618	0.0622087214	-0.0762196185	0.06541582139999999	-0.0485292848	0.0271302159	0.045520599999999994	-0.0567705	-0.0448822	-0.00107844	-0.000671629	0.000119045
0.02530961000000001	0.0768184288	0.07025007059999999	-0.0144762268	0.009915745	0.0732853002	0.036528974	-0.07645757110000001	0.0663247964	-0.05041963	0.0301263332	0.0443665	-0.047200599999999995	-0.045473800000000016	-0.00107844	-0.000492293	1.85008e-05
0.049958825	0.06119841650000001	0.0775111468	-0.0043908193	-0.0597530713	0.0398344865	-0.0128549427	-0.0766878214	0.06720704549999999	-0.0522642642	0.0330738971	0.0407357	-0.058681100000000014	-0.052482400000000005	-0.00150395	-0.000581765	-2.32957e-05
0.02151453	0.0474820831	0.0693841881	0.0027420369	-0.0407510317	0.034089189900000004	0.0224910171	-0.07691034599999999	0.0680622132	-0.0540615151	0.0359681572	0.0444188	-0.058679599999999985	-0.051336400000000004	-0.00127051	-0.000593455	6.52529e-05
0.028490569999999993	0.06695594690000001	0.0721091891	-0.0122943712	-0.0257284834	0.0398961372	-0.0030770649	-0.0771251226	0.06888995490000001	-0.0558097533	0.038804449	0.039791900000000005	-0.058676599999999995	-0.040750699999999994	-0.00143392	-0.000687034	5.67425e-05
0.058931005	0.0649140554	0.0671504965	-0.014034651499999998	-0.0477276763	0.0156973111	-0.042591803	-0.0773321295	0.06968993700000001	-0.0575073938	0.0415782013	0.0421121	-0.0427203	-0.0593274	-0.00103269	-0.000701467	8.26356e-05
0.03234588	0.0330912359	0.0631709761	0.0014082972	-0.0508328922	-0.0085172016	0.0266101372	-0.07753134589999999	0.07046183730000001	-0.0591528974	0.0442849438	0.0345092	-0.049406900000000004	-0.0577303	-0.000965531	-0.000697947	-0.000175871
0.04411265	0.0558363364	0.06795064769999999	-0.0065093653	-0.0255483939	0.0234261082	0.0307887988	-0.0777227516	0.0712053446	-0.0607447724	0.0469203142	0.043620099999999995	-0.0565269	-0.0489809	-0.00112631	-0.000673879	2.1929e-05
0.04736366999999999	0.043909578600000006	0.0750738595	0.0222046929	-0.0764753996	-0.0343135958	-0.0054324715	-0.0779063275	0.0719201593	-0.062281575599999986	0.0494800651	0.0446336	-0.059081899999999986	-0.060612400000000004	-0.000837018	-0.000941535	-6.43964e-05
0.05059846999999998	0.041279057	0.0658417741	0.0118753675	-0.0243484117	0.0256903023	0.0625613664	-0.078082055	0.0726059935	-0.0637619136	0.051960071	0.0453773	-0.0579802	-0.0516091	-0.00140695	-0.000739143	-4.1725e-05
0.067847345	0.035637144100000004	0.0701379385	-0.0002374533	-0.0467631355	-0.0223412758	-0.0465420706	-0.0782499164	0.0732625707	-0.0651844444	0.0543563352	0.0391586	-0.069344	-0.07684049999999999	-0.00103875	-0.000635273	-1.31261e-05
0.120374665	-0.0565012364	-0.0098491437	-0.0015206095000000002	-0.0506979959	-0.1931527384	-0.1116396539	-0.0784098948	0.07388962639999999	-0.0665478783	0.0566649955	0.014315399999999999	-0.0242483	-0.0970514	-0.00149156	-0.000739143	3.46912e-05
0.16974882999999996	-0.1061111485	-0.11106202789999996	-0.0620130468	0.1238590307	-0.053989937	-0.012787961	-0.0785619741	0.0744869079	-0.0678509792	0.0588823313	0.00381596	-0.10191499999999999	-0.0625194	-0.00194227	-0.0009076860000000002	0.000356452
0.16267189	-0.1047245639	-0.0926093606	-0.0214106716	0.0315478784	-0.0247769172	-0.0905927954	-0.0787061389	0.0750541746	-0.0690925657	0.061004769	0.0240695	-0.062019399999999995	-0.09793489999999999	-0.0009433660000000001	-0.000739143	0.000181754
0.07156989999999999	-0.1168687641	-0.1386925648	0.109657075	-0.0295050343	-0.1039643958	-0.0459874025	-0.0788423748	0.07559119780000001	-0.0702715121	0.0630288878	0.018216200000000002	-0.07265739999999997	-0.10348800000000001	-0.000309497	-0.000538146	0.00033739800000000004
0.08223275	-0.1153191559	-0.1228957995	0.0780022375	0.0248016843	0.006820308000000001	0.0476889781	-0.0789706681	0.0760977612	-0.0713867496	0.06495142570000001	0.0321839	-0.056951800000000004	-0.0751615	-0.000570898	-0.00046087300000000004	0.00048338300000000004
0.06229400000000001	-0.1050236196	-0.076764893	0.000515348	0.0382094039	0.0547655532	-0.0121579491	-0.07909100570000001	0.0765736605	-0.0724372672	0.0667692842	0.0324153	-0.06238430000000001	-0.060599699999999986	-0.0010679	-0.000320802	0.00027909
0.04165669999999999	-0.1062326581	-0.08436352789999997	0.0135085369	0.0007569899000000001	0.0409096954	-0.0292668574	-0.0792033756	0.0770187042	-0.0734221124	0.0684795334	0.030846199999999997	-0.0859339	-0.055402599999999996	-0.0012647200000000006	-0.000322759	0.000307131
0.03949885	-0.1066649771	-0.0674198487	0.0123317566	0.0315708705	0.07559614070000001	0.0223127216	-0.0793077664	0.0774327128	-0.0743403923	0.0700794171	0.031835	-0.0669153	-0.0640466	-0.00128985	-0.00013458399999999998	0.000303487
0.06679004999999999	-0.1000539771	-0.050547844	0.000566746	0.0228348765	0.0746486366	-0.0150371824	-0.0794041677	0.0778155195	-0.07519127440000001	0.0715663568	0.0266274	-0.0456112	-0.07820589999999998	-0.00109173	-0.000265533	0.000110175
0.0481305	-0.1008701018	-0.0510285172	0.003170982	-0.014725629099999997	0.05669798559999999	-0.0382913613	-0.0794925697	0.07816697	-0.0759739873	0.072937956	0.030854000000000006	-0.0564217	-0.053879899999999994	-0.00111391	-0.00013458399999999998	0.000132394
0.07020219999999999	-0.1081084235	-0.0538105167	0.0184877927	0.0042849495	0.0477725867	-0.013067015	-0.0795729635	0.0784869228	-0.0766878214	0.0741920043	0.0352135	-0.07642749999999998	-0.0634759	-0.0007014069999999999	-0.00033388199999999997	0.000245411
0.03200004999999998	-0.1005949246	-0.047815791100000005	-0.0050749333	0.0043639276	0.0535581351	-0.024232182	-0.079645341	0.0787752489	-0.0773321295	0.0753264804	0.035773	-0.07469479999999999	-0.0765589	-0.000918689	-0.000380377	0.00017669099999999998
0.016397250000000013	-0.1029403368	-0.0392643523	-0.0047750928	-0.0175017793	0.0415041051	-0.0550822867	-0.079709695	0.0790318321	-0.0779063275	0.0763395561	0.0296671	-0.071917	-0.07631559999999997	-0.000858221	-0.000400267	0.00011164399999999999
0.03484402499999999	-0.1048136082	-0.038720549	0.0048050705	-0.0208167421	0.0377908744	-0.0348378006	-0.0797660189	0.079256569	-0.0784098948	0.0772295986	0.023254	-0.06726139999999999	-0.08516909999999997	-0.0007014069999999999	-0.0005241590000000001	9.39135e-05
0.034022553500000004	-0.0868001198	-0.0138329398	-0.0196428312	-0.0107324017	0.0564190799	-0.0196908575	-0.0798143071	0.0794493692	-0.0788423748	0.07799517339999999	0.021772	-0.0658515	-0.08822009999999998	-0.00105668	-0.000416919	-5.166569999999999e-06
0.05468937149999999	-0.0408219317	0.029972872200000007	-0.0385478472	0.0293495213	0.058481111900000014	0.058348922	-0.0798545546	0.0796101548	-0.0792033756	0.0786350467	0.028456400000000007	-0.0567961	-0.0809478	-0.00118877	-0.0007811129999999997	-0.00014242800000000005
0.09959345	0.08442671269999999	0.0617353401	-0.0190166235	0.1068538396	0.021138019900000003	0.1315100235	-0.0798867576	0.0797388611	-0.0794925697	0.0791481873	0.0241861	-0.06326419999999999	-0.10396	-0.00200338	-0.000733723	0.000312429
0.07665635	0.1100871927	0.0362960442	0.0394156194	0.0111860461	-0.0522138983	-0.025785942000000003	-0.0799109126	0.0798354362	-0.079709695	0.0795337681	0.027952699999999997	-0.0666966	-0.0997742	-0.00086923	-0.0006258780000000001	0.000375865
0.043461900000000005	0.0731207155	0.0736781628	0.043708175	-0.033868535400000004	-0.0761444996	0.0359066611	-0.0799270173	0.0798998413	-0.0798545546	0.0797911678	0.0390304	-0.0642629	-0.09808330000000001	-0.0006975839999999999	-0.000794875	0.000151316
0.05347291000000001	0.06491901259999999	0.0614483647	0.006697033000000001	-0.0467245827	-0.0500467481	-0.0437918751	-0.07993507009999999	0.0799320503	-0.0799270173	0.0799199714	0.030202	-0.06656519999999999	-0.104085	-0.00135603	-0.000808675	9.67518e-05
