0.0	0.0026396690000000003	-0.0330197475	-0.0181782928	0.0449261891	-0.0353433784	0.0230979858	0.07993507009999999	0.0799320503	0.0799270173	0.0799199714	-0.00743117	0.00973173	0.0373609	-0.000247913	-0.0	-0.000212589
0.10108147	0.0470183597	0.033918327799999995	-0.0023268296	0.0628955587	0.001775084	-0.1083928228	0.0799270173	0.0798998413	0.0798545546	0.0797911678	0.0	-0.0232615	-0.00414552	-0.00041833699999999996	-0.0	0.0
0.09292343	-0.0242477503	0.0028072626	0.0201723182	0.0488785137	0.1058249686	0.0499200059	0.0799109126	0.0798354362	0.079709695	0.0795337681	0.00499326	0.033679400000000005	0.018935	-0.0005765119999999999	-0.0	0.0
0.05646576	0.0422434296	-0.005631950300000001	-0.0087717319	0.0037529719	-0.057694198899999986	-0.0161160162	0.0798867576	0.0797388611	0.0794925697	0.0791481873	0.007515469999999998	-0.0071695	0.013749100000000002	-0.00041833699999999996	-0.0	0.0
0.047996169523894	-0.0173729825	0.0288361216	-0.0308622787	0.0111831047	0.0006808534	0.1266339149	0.0798545546	0.0796101548	0.0792033756	0.0786350467	4.76106e-10	0.012997799999999999	0.028017	-0.000297427	-0.0	0.0
0.052816820476106	0.0403059806	-0.0296385332	-0.0241403159	0.0008781223	0.0094011386	-0.1045341105	0.0798143071	0.0794493692	0.0788423748	0.07799517339999999	0.0	-0.017050599999999996	0.0213461	2.452340000000001e-05	-0.0	0.0
0.06604032253	-0.0031573618	0.0388802421	-0.012567748899999998	0.0124275498	0.0700789519	-0.0258189693	0.0797660189	0.079256569	0.0784098948	0.0772295986	-4.74253e-06	0.00706196	0.0281017	-0.00041051699999999995	-0.0	-0.000268308
0.07485252290999997	0.030933272400000007	-0.024235104700000003	0.036240005	0.0077634407999999985	-0.0946022265	0.020095326	0.079709695	0.0790318321	0.0779063275	0.0763395561	-8.751439999999997e-06	0.000532446	0.0193182	0.000319661	-0.000192224	-1.3234899999999996e-23
0.05850309226	0.0008963767999999998	0.0415413963	0.010642266	0.0116711522	0.0110589543	0.0481889217	0.079645341	0.0787752489	0.0773321295	0.0753264804	-1.94797e-05	0.00705312	0.028138	-0.00020549900000000002	-5.837020000000001e-05	-0.00020402400000000002
0.07069695584999999	0.008926537	-0.0461718558	0.0377101531	0.0065990749	0.0349805356	-0.0731666757	0.0795729635	0.0784869228	0.0766878214	0.0741920043	6.17615e-06	0.0359315	0.0303113	0.00023010900000000002	9.439020000000001e-05	0.0
0.05683909607023449	-0.0079481442	0.0253664355	0.0161811768	0.0079322863	0.05732766650000001	-0.0176570265	0.0794925697	0.07816697	0.0759739873	0.072937956	7.97655e-11	0.00475914	0.028105400000000003	-0.000144594	-0.0	0.0
0.0862449178202345	-0.0026129063	-0.0382264306	0.032880416600000004	-0.0267325902	-0.0025600436	0.0252619162	0.0794041677	0.0778155195	0.07519127440000001	0.0715663568	1.11579e-05	0.0325221	0.0374792	0.000572276	-0.00026507	0.0
0.09183915782023447	-0.016864993300000002	0.0323052326	-0.006684955899999999	-0.0365607246	-0.0181163139	0.052459041	0.0793077664	0.0774327128	0.0743403923	0.0700794171	7.97655e-11	0.011226100000000001	0.0311255	-0.00044622	-0.0	0.0
0.1060410708202345	-0.0296821791	-0.0239135918	-0.0510307257	-0.0534723808	0.0031322489	-0.008375872	0.0792033756	0.0770187042	0.0734221124	0.0684795334	2.1370900000000002e-05	0.0471969	0.0330065	0.000674766	-0.000242372	0.0
0.1209192509	-0.0118449984	0.0134155229	-0.0242915993	-0.0279704738	0.0424075596	-0.0392594129	0.07909100570000001	0.0765736605	0.0724372672	0.0667692842	-0.00391289	0.00391411	0.0258645	-0.00013163500000000004	7.655299999999998e-24	-0.000282431
0.09043593007976553	-0.0042150947	-0.0327822451	-0.023166671	0.0051373861	-0.0053303773	0.0311423193	0.0789706681	0.0760977612	0.0713867496	0.06495142570000001	7.97655e-11	0.0228754	0.029449799999999998	0.000865463	-0.0	0.0
0.0884961353997655	0.0028742792	0.0189744561	-0.0108225522	-0.0051513958	-0.0790155642	0.0544608572	0.0788423748	0.07559119780000001	0.0702715121	0.0630288878	-1.24532e-06	-0.000370185	0.0206276	-2.78211e-05	-0.0	-0.000235258
0.0813312353997655	-0.00291646	-0.0268854248	0.0194087651	0.0459876891	0.0365882896	0.0303371266	0.0787061389	0.0750541746	0.0690925657	0.061004769	7.97655e-11	0.030251099999999996	0.0233132	0.000697383	-0.0	0.0
0.0770021968232345	0.0103401961	0.0288880482	0.0138525602	-0.006324571	0.0410408758	-0.043242298	0.0785619741	0.0744869079	0.0678509792	0.0588823313	3.06903e-07	0.0120207	0.012831899999999999	-8.668279999999997e-05	2.46301e-24	-0.000181738
0.076602453097	-0.0163498954	-0.0266203385	0.0218996011	0.0110507655	0.0559466614	-0.0269649025	0.0784098948	0.07388962639999999	0.0665478783	0.0566649955	0.00591887	0.045545499999999996	0.020790799999999998	0.000450747	-7.32728e-24	-0.00013516400000000004
0.09601844312	0.0155416837	0.0262239608	0.0211010291	0.0013967629	-0.0063954484	-0.0189795435	0.0782499164	0.0732625707	0.0651844444	0.0543563352	-4.31812e-06	0.00174268	0.000778845	-6.40066e-05	-1.97893e-24	-0.00014602
0.09130347407658901	-0.0254023244	-0.0262497102	0.0159165764	-0.013224165	-0.0606978563	0.0816660225	0.078082055	0.0726059935	0.0637619136	0.051960071	9.565890000000002e-10	0.055493799999999996	0.0157739	0.00024103299999999998	-0.0	0.0
0.068619995	0.0165078442	0.0125438877	0.0303491904	-0.0219686919	-0.0741745626	0.0050168274	0.0779063275	0.0719201593	0.062281575599999986	0.0494800651	9.565890000000002e-10	0.00216878	0.0109013	3.25855e-05	-0.0	0.0
0.070187485956589	-0.0102202181	-0.021108789300000003	0.0306759745	0.0040090785	0.0677347746	0.0041651651	0.0777227516	0.0712053446	0.0607447724	0.0469203142	-0.00479449	0.034473800000000006	0.0149702	0.000380154	0.00010082600000000004	-0.000131987
0.0645644852	0.016972827700000002	0.022870946800000003	0.0343723094	-0.0133996182	0.0447070738	-0.045374729	0.07753134589999999	0.07046183730000001	0.0591528974	0.0442849438	-1.71748e-05	0.00269749	0.00879848	8.81882e-05	-2.3849499999999998e-24	-0.000175978
0.100240645756589	-0.0345024719	-0.0326921035	-0.0165713982	-0.0340162744	0.0159915442	0.1208033901	0.0773321295	0.06968993700000001	0.0575073938	0.0415782013	9.565890000000002e-10	0.059509900000000004	0.0287428	0.000381545	-0.0	0.0
0.08052725499999999	0.0128986309	0.0260784407	-0.0294597179	-0.0635264641	-0.0991228798	-0.0297698285	0.0771251226	0.06888995490000001	0.0558097533	0.038804449	9.565890000000002e-10	0.00228117	0.028770599999999997	-8.38695e-05	-0.0	0.0
0.074842355	-0.0466960659	-0.004772320300000001	-0.0558759023	-0.0087522002	0.0456493234	0.0382480496	0.07691034599999999	0.0680622132	0.0540615151	0.0359681572	9.565890000000002e-10	0.0608651	0.0287573	0.00024103299999999998	-0.0	0.0
0.096054688553411	0.038781066	-0.0057938109	-0.0204750449	-0.0061309717000000005	-0.0364775605	-0.1536000216	0.0766878214	0.06720704549999999	0.0522642642	0.0330738971	6.9895100000000004e-06	-0.012387899999999999	0.0121337	0.00024103299999999998	-0.0	-0.000123422
0.08989497450999999	-0.0270680338	0.0065104968	-0.0143562657	0.0253807267	0.0529751707	0.0590248441	0.07645757110000001	0.0663247964	0.05041963	0.0301263332	-0.00370526	0.0429139	0.0200589	8.103550000000001e-05	-0.000123037	-0.000299502
0.092594105956589	0.0360900542	-0.0241587595	0.0412189931	0.0090855232	-0.1171015032	-0.0635511896	0.0762196185	0.06541582139999999	0.0485292848	0.0271302159	9.565890000000002e-10	-0.00167471	0.00715234	-0.000124299	-0.0	0.0
0.105317430956589	-0.0484627534	0.0373890818	0.024816491800000003	0.0080970912	0.0485915629	0.1355151122	0.0759739873	0.0644804868	0.046594942400000006	0.024090374	-0.00528771	0.0430318	0.0237595	-0.00040731400000000004	-0.00021146900000000002	-0.000279837
0.11075050999000002	0.027401272200000003	-0.0509641371	0.0204929143	-0.0086236552	-0.0438559903	-0.1279516876	0.0757207024	0.0635191694	0.044618356500000005	0.0210117067	-1.20501e-06	0.010560000000000002	0.0221238	0.000446493	8.201709999999999e-05	0.0
0.047625820009999986	-0.0274275448	0.050846687300000006	0.0266180799	0.0254936328	0.0936361896	-0.0120548161	0.0754597894	0.0625322567	0.0426013192	0.0178991758	0.0024294	0.0173538	0.0306103	-6.97882e-05	-0.0	0.0
0.03802080795115001	0.0065642333	-0.0515652693	0.0305567599	-0.0281075499	-0.050227953	-0.0255977112	0.07519127440000001	0.0615201462	0.0405456591	0.0147577975	2.04885e-09	0.0270809	0.030584500000000008	0.00044698199999999996	-0.0	0.0
0.06253679914884999	-0.0173318342	0.0531851761	-0.0035420157	-0.0220810219	-0.0117904597	0.08269605969999999	0.0749151845	0.060483246	0.038453239900000005	0.0115926346	-1.02271e-05	0.0112025	0.030588499999999998	-0.000273653	9.403639999999999e-05	-0.00011821200000000005
0.09238696117600002	0.0046794441	-0.033254246800000005	-0.0577491986	-0.0222282794	-0.0463062485	-0.0658388702	0.0746315476	0.0594219737	0.0363259585	0.0084087885	4.4407600000000004e-07	0.038068300000000006	0.030557099999999997	0.000844221	-0.0	-2.0540599999999998e-05
0.090474867076	-0.0034775618	0.0428816137	-0.0619482376	-0.0119189417	0.0260231011	-0.0714387003	0.0743403923	0.058336757	0.0341657437	0.0052113902	-0.00543798	-0.000220708	0.013064700000000002	0.000263189	-3.2028699999999998e-25	-2.46093e-05
0.0676543917	0.0329152429	-0.0340953212	-0.0149345904	0.028186733	0.0286535731	-0.0563707695	0.0740417477	0.0572280333	0.0319745538	0.002005593	-3.19248e-05	0.0149231	0.016616599999999995	0.00092735	0.00018445900000000002	-2.17673e-06
0.08944982369999999	0.0083344771	0.0477742487	0.0078221286	0.036575558	-0.0504558476	-0.0076781749	0.0737356442	0.0560962492	0.0297543755	-0.0012034366	-0.0121562	0.00296438	0.00297388	0.00015057799999999998	-0.0	-7.54279e-05
0.09285537103	0.0017512838	-0.0447148701	0.0436421987	0.044065529000000006	-0.0721422281	0.0384414806	0.0734221124	0.0549418609	0.0275072215	-0.0044105266	-8.623969999999999e-06	0.0453777	0.0124865	0.000677196	-0.0	-0.000124447
0.07304434603000001	0.016983773799999997	0.0473771682	0.0385973726	0.0074431431000000015	-0.0374519464	0.00572089	0.07310118389999999	0.0537653335	0.0252351292	-0.007610508399999999	-0.00637462	0.00776942	-0.00958657	0.00067231	0.00013147	-0.000128031
0.09508191386	-0.0238836965	-0.0356402708	0.0436424967	-0.0056946984	0.0383914831	-0.0309393787	0.0727728912	0.052567141100000006	0.0229401584	-0.0107982247	-3.1961400000000013e-06	0.059492899999999994	0.00308149	0.00043389800000000016	-0.0	-0.000244528
0.08975229613999999	-0.0048819538	0.0338166465	0.002628486	-0.0203364845	0.0320439796	0.0104662004	0.0724372672	0.0513477665	0.0206243899	-0.0139685379	0.00323896	0.020874	-0.0164636	0.00089316	1.48392e-23	-0.00013686700000000002
0.14352290873000004	-0.0422611118	-0.0189128538	-0.028579497	-0.0538921075	-0.0744066874	0.0482267128	0.0720943458	0.050107701	0.0182899231	-0.0171163386	-9.64873e-06	0.0806488	0.0224489	0.000469522	0.000284948	-0.000260021
0.08381993127000001	-0.0025534658	0.0039670568	-0.0558172216	-0.0360695024	-0.015748091999999998	0.0478249265	0.0717441615	0.0488474444	0.0159388744	-0.0202365536	-2.958e-05	0.00917105	0.017353	0.000527129	0.00025707299999999997	-0.00020097599999999998
0.06655095999999999	-0.0077715939	-0.003647648	-0.05432502980000002	-0.0076776806	0.0600657648	-0.0229837373	0.0713867496	0.0475675045	0.0135733754	-0.0233241543	0.00203103	0.0575544	0.0194452	0.000712553	0.000252132	-0.000111045
0.0686088055	-0.0049487818	0.0188122333	-0.0051240306	-0.025564497400000004	-0.0175891689	-0.0164115092	0.0710221462	0.046268397	0.0111955706	-0.0263741644	-2.587550000000001e-05	0.03502519999999998	0.013906899999999998	0.00018445200000000002	0.000335821	-0.000268943
0.06714511603	-0.0016744469	-0.0514998355	-0.0260873595	0.016828072700000002	-0.0240668909	0.0488307443	0.0706503878	0.0449506455	0.0088076158	-0.0293816684	-8.464469999999996e-06	0.0485457	0.022758	0.00062368	0.000201787	5.29171e-05
0.10622169172999996	0.0446969146	0.0270226526	-0.0389064169	0.0402242846	-0.0135020476	-0.059506426	0.0702715121	0.0436147809	0.006411676	-0.0323418192	-5.47612e-05	-0.0149684	-0.00479998	0.0008163979999999998	0.00030569	5.8362399999999995e-05
0.0846578234	0.0145216401	-0.0129556997	0.0003300514	0.0801444565	0.0596416954	-0.0060532568	0.0698855571	0.0422613414	0.0040099232	-0.0352498461	-1.78578e-05	0.0366589	0.00901647	0.000778995	0.000174576	-0.00015666399999999996
0.0627193846	0.037372329	0.015864442	0.0280825918	0.0602823549	-0.0277744581	-0.0037209596	0.06949256179999999	0.0408908726	0.001604535	-0.0381010623	-3.7252399999999996e-05	0.00422601	-0.00898513	0.000728948	0.00028743	-0.000239073
0.1044983624	-0.0101121154	-0.0030478882	0.0030940357	0.01394265	-0.0163486551	0.06183744400000001	0.0690925657	0.0395039266	-0.0008023078999999999	-0.0408908726	0.005495600000000001	0.0599827	0.010140999999999999	0.000523508	0.000391587	-6.70162e-05
0.07106449000000001	0.0158942397	0.0401231745	-0.0117739654	-0.0599729331	-0.0218094875	-0.060460755	0.0686856091	0.0381010623	-0.0032084234000000003	-0.0436147809	0.00317838	0.021583099999999997	-0.00899568	0.000605584	0.000402795	-0.00019795200000000002
0.11265685	-0.0772577731	0.0009300716	-0.0341458139	-0.017457279699999998	0.1021101292	0.0634990225	0.068271733	0.0366828449	-0.0056116301	-0.046268397	0.00471616	0.08508760000000001	0.00857564	0.000267706	0.00018507299999999998	-0.000243217
0.12946303	0.026988421600000003	-0.0102911837	-0.00038161160000000017	-0.0518432756	-0.0755048827	0.0193937885	0.0678509792	0.0352498461	-0.0080097493	-0.0488474444	0.00602566	0.0277447	0.0116335	0.000981539	0.000542007	4.10714e-05
0.1209954183	-0.0329536096	0.008512081099999999	0.0180751314	0.0075153838	-0.0011669878	0.114548653	0.06742339	0.0338026431	-0.0104006067	-0.0513477665	2.16817e-05	0.07681210000000001	-0.00177942	0.000299725	0.000497754	-0.000283084
0.10421403329999998	0.0214106676	-0.0277860985	0.0603094981	-0.0103176882	0.046876803	-0.0601179638	0.0669890084	0.0323418192	-0.0127820349	-0.0537653335	0.010882700000000002	0.047012599999999995	-0.00511156	0.00126156	0.00049138	-4.68655e-05
0.08708112500000001	-0.0191471016	0.0183881184	0.07636506650000001	-0.0081267491	0.035645745	0.0656030571	0.0665478783	0.030867963	-0.0151518747	-0.0560962492	0.00606126	0.057081500000000014	0.008768799999999998	0.00044600699999999995	0.00034404300000000004	-0.00025018400000000003
0.06645942999999999	0.0144042521	-0.0133759673	0.0429948424	-0.0392573268	-0.0397694498	0.022105489	0.0661000441	0.0293816684	-0.0175079777	-0.058336757	0.00530005	0.0452592	-0.00801507	0.000945953	0.000214147	-0.000138185
0.07965046563999999	-0.0410081466	0.0064798742	0.0118127801	-0.0692986135	0.089495226	-0.0011834142	0.06564555080000001	0.0278835343	-0.0198482077	-0.060483246	-2.6156400000000003e-06	0.07562310000000001	0.00873423	0.000662643	0.00016015700000000002	-0.00034557699999999996
0.08636362563999997	0.0170332661	-0.0154395056	-0.0362988482	-0.0641938493	0.0011096162	0.0063292923	0.0651844444	0.0263741644	-0.0221704431	-0.0625322567	0.00620391	0.041837599999999996	-0.00072337	0.00119395	0.000285983	-0.00026443
0.08899305969999999	-0.0506594673	0.0214901865	-0.0867631626	-0.07417683900000001	0.0043083324	0.0292121356	0.0647167712	0.0248541669	-0.0244725786	-0.0644804868	-2.19797e-05	0.06561710000000001	0.014938499999999999	0.00042931800000000004	0.000230707	-0.000217822
0.12431636245	0.0248367327	-0.0318413441	-0.07316173320000001	-0.0083524294	0.0035733035	-0.0972673502	0.0642425783	0.0233241543	-0.026752527	-0.0663247964	0.0124771	0.0171981	0.008766579999999998	0.00130464	0.00017952200000000002	1.9825500000000002e-07
0.10128079275	-0.0135560129	0.0576211983	-0.0425993428	0.0357300515	-0.0763458831	0.0389841642	0.0637619136	0.0217847431	-0.0290082213	-0.0680622132	0.00689534	0.040587599999999995	0.018892	0.00050732	-2.89094e-23	-0.000266642
0.07304824999999998	0.0362648231	-0.0445406462	-0.0496330175	0.0666219583	-0.0244480979	-0.0484475866	0.0632748254	0.0202365536	-0.0312376164	-0.06968993700000001	0.0085096	0.014512100000000003	0.00878741	0.00110776	2.64698e-23	-0.00016200399999999996
0.05371808	0.0030506294	0.07821042519999999	0.0029429689	0.055583210300000005	0.0311120907	-0.0667462679	0.0627813628	0.0186802098	-0.0334386912	-0.0712053446	0.00961642	0.030998700000000007	0.008750199999999998	0.000474116	-1.35584e-23	-0.00025010900000000004
0.10831288	-0.0616236131	-0.066135853	0.0225320563	0.0377419268	-0.008735442	-0.0110394374	0.062281575599999986	0.0171163386	-0.035609450099999995	-0.0726059935	0.0206948	0.0916794	0.0190514	0.000881189	-0.0	-0.00013213
0.09101879999999997	-0.025353602000000003	0.035712777599999995	0.0101785391	-0.0004922352	-0.1234381492	0.0397458358	0.061775514	0.0155455703	-0.037747925	-0.07388962639999999	0.020459099999999997	0.048229400000000006	0.0203438	0.000514804	-0.00017334299999999998	0.000248956
0.07254237000000001	-0.0449090743	-0.0589777151	0.0253094259	0.0243287764	0.0116236519	0.0515428217	0.0612632291	0.0139685379	-0.0398521774	-0.0750541746	0.0196393	0.07397469999999999	0.0258892	0.00110672	-0.000137491	6.80866e-05
0.0985419	0.043059379800000006	0.0133742135	0.0196702411	-0.0114329635	0.037266808	-0.1009753323	0.0607447724	0.0123858767	-0.0419202993	-0.0760977612	0.016871	0.0189845	-0.007510809999999999	0.00110672	-0.00010327100000000001	-4.53612e-05
0.12519666999999998	-0.0268760044	-0.0207367115	0.0158268822	0.0273305416	0.0853509312	0.061017776	0.0602201963	0.0107982247	-0.0439504158	-0.0770187042	0.0127864	0.0770048	0.00200307	0.000519511	0.000125346	-0.000301093
0.14064111	0.0705000696	-0.0022415578	-0.0162892636	-0.0230625563	-0.0095295344	0.0282248187	0.0596895534	0.0092062214	-0.0459406864	-0.0778155195	0.00900597	0.010954700000000001	-0.00595114	0.00105975	-0.00021049599999999998	7.99534e-05
0.0618332	0.0056690467	0.049353536100000005	-0.0382697229	0.0093722583	0.0753075737	0.0347739004	0.0591528974	0.007610508399999999	-0.0478893067	-0.0784869228	0.00698821	0.042254599999999996	-0.0216762	0.000824506	-0.00021049599999999998	0.00010051899999999999
0.078591825	0.0292570575	-0.043235701900000006	-0.0339786969	0.0385807457	-0.0062640027	0.0105886022	0.0586102822	0.0060117288	-0.0497945101	-0.0790318321	0.0160634	0.0331311	-0.00459435	0.00155306	-0.00021049599999999998	-3.71527e-05
0.07455254499999997	0.0503479127	0.0410624186	-0.0116836867	0.0259178024	-0.05671183570000001	0.0481588326	0.0580617626	0.0044105266	-0.0516545692	-0.0794493692	0.008402919999999998	0.011951100000000001	-0.00938111	0.0008399589999999999	-0.000306627	-4.64268e-05
0.062304625	0.0411853936	-0.0252360737	0.0165067795	0.0849954875	0.0719947884	-0.0273529721	0.0575073938	0.0028075473	-0.0534677978	-0.0797388611	0.0143618	0.038962199999999995	-0.00170288	0.00112196	-0.00015890299999999998	-4.98301e-05
0.060078225	0.0474325103	0.0367569589	0.0619077827	0.0128733525	0.0550611112	-0.0745509545	0.0569472315	0.0012034366	-0.0552325519	-0.0798998413	0.012860499999999999	0.013846700000000005	-0.0248573	0.00105428	-0.00021049599999999998	3.7037e-05
0.14838985	-0.0826879246	0.0089960586	0.024539754700000003	-0.0558898592	-0.0013927342	0.0931054381	0.05638133240000001	-0.000401159	-0.0569472315	-0.0799320503	0.00990812	0.0926309	0.00132142	0.0009129689999999999	0.0001974	-0.000223247
0.110113815	0.0450929844	-0.0459760163	0.0060618162	-0.0704664656	-0.0408330711	-0.0392869855	0.0558097533	-0.002005593	-0.0586102822	-0.0798354362	0.0141623	0.027500999999999998	-0.0118868	0.0012647400000000005	0.000215825	-4.30127e-05
0.056792965	-0.0231946644	0.0461698683	-0.000559829	0.0048452769	0.08894544050000001	-0.0101520889	0.0552325519	-0.0036092188	-0.0602201963	-0.0796101548	0.0177859	0.056763	-0.011818899999999999	0.00093849	0.000286592	-0.000122785
0.09870763	0.0625849341	-0.05803455	-0.0286635083	-0.0186005131	-0.0676936903	-0.0187781854	0.0546497862	-0.0052113902	-0.061775514	-0.079256569	0.00997896	0.030271100000000002	-0.018416599999999998	0.00180878	3.40902e-05	-0.000156215
0.10177293	-0.0174931332	0.0914561581	-0.03869365	0.035065313	0.0870297242	-0.0091029254	0.0540615151	-0.0068114617	-0.0632748254	-0.0787752489	0.00705564	0.0475847	-0.00736983	0.000864253	0.000317871	-0.00033769199999999995
0.098662175	-0.0033973776	-0.0919405844	-0.0157953065	-0.0080794609	-0.0296968052	-0.0564564377	0.0534677978	-0.0084087885	-0.0647167712	-0.07816697	0.0136593	0.07748719999999999	0.010725299999999998	0.00141237	0.00040484699999999995	-9.156729999999999e-05
0.07440734500000001	-0.0136343337	0.0802002589	-0.0324463089	0.0318986107	-0.0797515433	0.0277640588	0.052868694	-0.0100027269	-0.0661000441	-0.0774327128	0.013024700000000002	0.035450800000000005	0.00139004	0.00110826	0.000293016	-0.000123648
0.10365486	-0.0445584967	-0.0932114977	-0.0323220127	0.0324205735	-0.0688118189	-0.0540271034	0.0522642642	-0.0115926346	-0.06742339	-0.0765736605	0.0111397	0.0901113	0.029305900000000006	0.00123332	0.00013560799999999998	-0.00022505
0.1506254095	0.0387637389	0.050044429800000005	0.0099562489	0.0250200613	0.0270154311	-0.0677770088	0.0516545692	-0.0131778711	-0.0686856091	-0.07559119780000001	0.011955	0.017778400000000003	-0.0336918	0.00130386	-3.91019e-06	-0.000304582
0.12917404750000006	-0.0693034169	-0.0327335208	0.0142992221	0.0287752589	-0.0912564187	0.0263105769	0.0510396705	-0.0147577975	-0.0698855571	-0.0744869079	0.0125102	0.10295499999999999	0.000174738	0.00127046	0.00011727700000000001	-0.00034150900000000004
0.10220358800000001	0.0314715935	-0.0036886077	0.0383219738	0.0037824513	-0.0515050653	-0.0076523787	0.05041963	-0.0163317771	-0.0710221462	-0.0732625707	0.0145379	0.0379554	-0.0162249	0.00128019	0.000365085	-0.000459504
0.10197089999999999	-0.0486278606	-0.027092254500000003	0.0246669628	0.0187449593	0.0168625879	-0.0008500596000000001	0.0497945101	-0.0178991758	-0.0720943458	-0.0719201593	0.0141115	0.0971742	-0.00301815	0.00124963	0.0006423980000000001	-0.000184998
0.14556464500000002	0.0433556742	0.0014729746	0.0685220216	-0.026939016	-0.0068356808	-0.0619878043	0.0491643739	-0.0194593619	-0.07310118389999999	-0.07046183730000001	0.027931400000000002	0.051610800000000005	-0.0348226	0.00177691	0.000197182	-6.99561e-05
0.103825125	-0.0419077748	-0.008904920799999999	0.0380484762	0.0335346953	0.0405659746	0.1002094107	0.0485292848	-0.0210117067	-0.0740417477	-0.06888995490000001	0.0211139	0.0919362	-0.0120284	0.00141143	0.000484228	-9.519059999999999e-05
0.14613763	0.1117118185	-0.0474610679	0.0242787095	-0.028253717400000006	-0.0773107202	-0.0991702716	0.0478893067	-0.0225555848	-0.0749151845	-0.06720704549999999	0.027056200000000002	0.0272746	-0.0320662	0.00225581	0.000484228	0.00017034799999999996
0.15241875	-0.035469814100000004	0.0860043636	0.0346226398	-0.0342067282	0.08571372619999999	0.0363240363	0.0472445043	-0.024090374	-0.0757207024	-0.06541582139999999	0.0207385	0.0636881	-0.034547900000000006	0.00106231	0.000320698	-0.000616739
0.16422353500000006	-0.0406127391	-0.048340498200000005	0.041799037	-0.0647069908	0.0662674805	-0.0398227192	0.046594942400000006	-0.0256154559	-0.07645757110000001	-0.0635191694	0.0304822	0.102287	-0.00054405	0.00211609	0.000370694	-8.29733e-05
0.08986363850000001	-0.0192677294	0.0498852366	0.0338485406	-0.0624561446	-0.062043413600000014	0.0532246467	0.0459406864	-0.0271302159	-0.0771251226	-0.0615201462	0.0223233	0.08403879999999997	-0.0264842	0.00163794	0.00018250099999999998	1.0114700000000002e-06
0.1096952615	-0.06374594559999999	-0.0538598007	0.0035841408000000007	-0.0241683731	0.0284908938	-0.0186138329	0.0452818024	-0.0286340436	-0.0777227516	-0.0594219737	0.026325900000000003	0.12133499999999996	0.0106985	0.00139997	6.749329999999999e-05	0.00027230900000000004
0.14388244	0.06946595700000001	0.0018901852	0.0519148304	-0.034350711400000004	-0.0194500963	-0.08211430509999999	0.044618356500000005	-0.0301263332	-0.0782499164	-0.0572280333	0.027994400000000003	0.0537904	-0.0244798	0.00206617	7.387409999999997e-05	0.000155069
0.123641775	-0.0435181617	0.0398340461	0.07744703160000001	0.0399650655	-0.0139749396	0.0626377587	0.0439504158	-0.0316064831	-0.0787061389	-0.0549418609	0.018734599999999997	0.0927347	-0.0162986	0.0008870259999999999	1.4506199999999993e-05	4.84514e-05
0.10069229	-0.0045541173	-0.0333015761	0.0218943477	3.75352e-05	-0.0117302584	-0.026207138900000003	0.0432780475	-0.0330738971	-0.07909100570000001	-0.052567141100000006	0.024364	0.08585919999999997	0.00100692	0.00194234	0.000152972	0.00027230900000000004
0.07679297000000003	-0.0344171919	0.0233346669	0.0708069525	-0.0014924464	0.0519618187	-0.0609507221	0.0426013192	-0.0345279838	-0.0794041677	-0.050107701	0.0185304	0.09547820000000004	-0.016345499999999995	0.00122229	0.000100646	0.00016492599999999995
0.05496424	-0.007559065	-0.0633287659	0.0405836089	0.012282497	0.0247453077	0.0468726558	0.0419202993	-0.0359681572	-0.079645341	-0.0475675045	0.0193653	0.0926954	-0.00340131	0.00168476	0.00029884	0.00027230900000000004
0.05172855999999999	0.0072575629	0.0526086278	0.051890445	-0.0340738027	-0.0941115622	0.045090733	0.0412350562	-0.0373938371	-0.0798143071	-0.0449506455	0.0178046	0.08103489999999999	-0.00589652	0.00125224	0.00016635400000000001	0.000117072
0.06857390999999999	-0.07811434610000001	-0.0479806802	0.0333075479	-0.004477168	0.036559698	0.0162497023	0.0405456591	-0.038804449	-0.0799109126	-0.0422613414	0.0157576	0.112489	0.0163147	0.0012724	8.451919999999998e-05	0.00027230900000000004
0.1355666465	0.026393311800000003	0.0138779996	0.046709808600000007	-0.0675718766	0.0176861934	-0.0926376387	0.0398521774	-0.0401994245	-0.07993507009999999	-0.0395039266	0.018132099999999998	0.06992080000000002	-0.0158585	0.00196437	0.000281395	-7.86013e-06
0.1221552835	-0.07384550150000001	-0.0082930681	0.0040447791	-0.0491988687	0.0467219773	0.0669777926	0.0391546809	-0.0415782013	-0.0798867576	-0.0366828449	0.014800399999999997	0.110357	-0.00142897	0.0009495590000000002	9.622399999999999e-05	-8.703519999999997e-05
0.122250555	0.0494573172	-0.0335806311	-0.039192081600000005	-0.0857781042	-0.06738749549999999	-0.0107388017	0.038453239900000005	-0.0429402241	-0.0797660189	-0.0338026431	0.0187644	0.0637766	-0.011209899999999998	0.00193678	0.00017856	8.191229999999999e-05
0.081123945	-0.050492396200000005	0.0688707523	-0.075641654	-0.0170209519	0.0977379432	0.0112036095	0.037747925	-0.0442849438	-0.0795729635	-0.030867963	0.0177778	0.0842324	0.00125514	0.0012165	0.000119692	-8.32698e-05
0.08237680500000001	0.0133291259	-0.0667844242	-0.08828612109999999	-0.0095331421	-0.0093438165	-0.07376951179999999	0.037038807400000005	-0.0456118188	-0.0793077664	-0.0278835343	0.0226911	0.0663578	0.00644028	0.00217545	5.4636400000000004e-05	-1.92001e-05
0.089082415	0.0108442702	0.0757793218	-0.082415614	0.0208768328	-0.0555958054	0.0760920897	0.0363259585	-0.0469203142	-0.0789706681	-0.0248541669	0.007825399999999998	0.0563946	0.00408533	0.00146547	-0.00033076800000000016	-0.00016178700000000001
0.059259379999999987	0.0169969932	-0.0499210252	-0.0844646637	0.0590362516	-0.0117366107	-0.0067945948	0.035609450099999995	-0.0482099028	-0.0785619741	-0.0217847431	0.0101809	0.0803102	0.00451031	0.00188749	-0.00010152200000000001	-0.00016178700000000001
0.076844805	0.0509223417	0.0520612619	-0.0554437252	0.05752365900000001	0.0441826987	-0.0136409323	0.0348893543	-0.0494800651	-0.078082055	-0.0186802098	0.0195452	0.0451827	-0.01884	0.00171708	-9.187910000000004e-05	-0.000161788
0.061157295000000014	0.0113256646	-0.0232902026	-0.0470222116	0.0721191701	-0.0040987061	0.0420204914	0.0341657437	-0.0507302891	-0.07753134589999999	-0.0155455703	0.0182905	0.0730105	0.007830949999999998	0.0017350999999999998	-0.000138353	-0.00020537099999999998
0.06787916150000001	0.061952616	0.0449881963	-0.04183873	0.0334584801	-0.0804938647	0.0092801539	0.0334386912	-0.051960071	-0.07691034599999999	-0.0123858767	0.0177662	0.041277	-0.0181128	0.00174245	6.60823e-06	-0.000246612
0.1046413935	-0.0313966292	-0.0102691322	-0.0653787308	0.0620472624	0.0409352188	0.002187725	0.03270827	-0.0531689154	-0.0762196185	-0.0092062214	0.0153054	0.09925850000000004	-0.00380137	0.00121599	5.274850000000001e-05	-0.00022145900000000002
0.119580455	0.0714442106	0.0047028276	-0.0299062154	0.0129322454	0.0042392655	-0.0597436074	0.0319745538	-0.0543563352	-0.0754597894	-0.0060117288	0.0224687	0.0533585	-0.030872399999999998	0.00179123	0.00025685599999999997	-0.00021188400000000002
0.11425395	-0.029165163	0.0319344947	-0.0238162018	0.034461972	-0.013553971	0.1082776375	0.0312376164	-0.0555218517	-0.0746315476	-0.0028075473	0.015495400000000001	0.101049	-0.0180723	0.000991832	0.000245847	-0.00033727800000000005
0.10243673	0.0683296384	-0.0323337858	-0.0319219288	0.0117325676	-0.0412253515	0.0089169177	0.0304975321	-0.0566649955	-0.0737356442	0.000401159	0.023253799999999998	0.061231500000000015	-0.0125505	0.0015196	0.00043302300000000015	-6.54414e-05
0.06460553	0.0031790486	0.0658981434	-0.0314685716	0.0450599483	0.0930196809	0.0091761271	0.0297543755	-0.0577853059	-0.0727728912	0.0036092188	0.0225483	0.08636689999999997	-0.0180569	0.00101011	0.000414196	-0.00020228900000000005
0.096528355	0.0618843597	-0.0368314936	-0.0033833274	0.0629945235	0.034768695	-0.0131356512	0.0290082213	-0.0588823313	-0.0717441615	0.0068114617	0.028919	0.07703070000000001	-0.0244576	0.00208643	0.0006207259999999999	3.2761000000000007e-06
0.093797055	0.033549283900000004	0.0634915068	0.0231113342	0.055884166500000006	0.0496000126	0.0440464874	0.0282591448	-0.059955629800000014	-0.0706503878	0.0100027269	0.023947200000000002	0.08048919999999997	-0.0318947	0.00118123	0.000250068	-0.000279459
0.07457426	0.057016102	-0.05951924030000001	0.021371602200000003	0.0682775445	-0.0303674986	0.08628157449999999	0.0275072215	-0.061004769	-0.06949256179999999	0.0131778711	0.029789499999999997	0.08082069999999998	-0.0157243	0.00187056	0.000246148	7.18922e-05
0.0451397055	0.0521531848	0.0593081342	0.0563589841	0.0234924718	-0.0616555155	0.0745752156	0.026752527	-0.0620293259	-0.068271733	0.0163317771	0.0230394	0.06750460000000001	-0.0158066	0.00145665	0.00025225	-7.919910000000001e-06
0.07164592550000001	0.0286859691	-0.0647213938	0.0631648362	0.0497841568	0.0847581756	0.0356868498	0.0259951375	-0.0630288878	-0.0669890084	0.0194593619	0.019281299999999998	0.0883585	0.00645228	0.00132677	0.00041848199999999997	0.00019146900000000002
0.10765973	0.0580395629	0.0545275334	0.0385398377	-0.0120841119	0.0633259458	-0.08760921029999999	0.0252351292	-0.06400305190000001	-0.06564555080000001	0.0225555848	0.0237024	0.061284300000000014	-0.0222226	0.00178418	6.1999e-05	0.000327367
0.131716412	-0.0366239404	-0.0439573047	-0.0047713167	-0.0178180821	0.1227859232	0.0209092013	0.0244725786	-0.06495142570000001	-0.0642425783	0.0256154559	0.0164724	0.11317700000000006	0.0008830169999999998	0.00128664	-4.63028e-05	-5.655310000000001e-05
0.14037497699999998	0.081275301	0.0295557252	-0.0439617204	-0.093313091	0.0138045076	-0.0450348389	0.0237075627	-0.065873627	-0.0627813628	0.0286340436	0.023550799999999997	0.050192099999999996	-0.0181278	0.00200492	0.00023465400000000002	-2.97727e-05
0.177180695	-0.096308419	0.0505789658	-0.0997712467	-0.0526650901	0.0074355696999999984	0.1377780537	0.0229401584	-0.0667692842	-0.0612632291	0.0316064831	0.014661500000000001	0.113456	0.00266453	0.000665551	0.000421539	-0.00018822200000000001
0.14489720500000006	-0.0042302815	-0.0645308693	-0.1029785956	-0.046519311900000006	-0.031429843900000004	-0.015858371200000002	0.0221704431	-0.0676380363	-0.0596895534	0.0345279838	0.0268665	0.0999655	0.019317400000000002	0.00247057	0.000456195	2.30797e-05
0.124373485	-0.016450348	0.0463647255	-0.0331869435	0.037873059	-0.0049931102	-0.0363392644	0.0213984944	-0.0684795334	-0.0580617626	0.0373938371	0.017265	0.0933436	-0.013247	0.00132322	0.00030313299999999997	-0.00018822200000000001
0.08869313499999999	-0.0088231294	-0.0882656764	0.0007657589	0.0456119871	0.0369696816	-0.0356391072	0.0206243899	-0.0692934363	-0.05638133240000001	0.0401994245	0.0219833	0.102834	0.00511774	0.00203157	0.000456195	7.27599e-05
0.11618244499999998	0.0511382011	0.07002610150000001	0.0556191367	-0.0033059974	-0.0843504212	0.07195724419999999	0.0198482077	-0.0700794171	-0.0546497862	0.0429402241	0.0176858	0.06492809999999999	-0.0186293	0.00131005	0.000456195	0.00035588
0.12805224999999998	-0.0793022924	-0.04604055730000002	0.0347676069	0.012244747	0.0222204944	0.0379890393	0.019070026	-0.07083715900000001	-0.052868694	0.0456118188	0.017574799999999998	0.132242	0.0091934	0.00120868	0.000633725	-2.1313e-05
0.1670497	0.0682322042	-0.0099544796	0.0439816356	-0.0519345697	-0.0173157757	-0.0220986568	0.0182899231	-0.0715663568	-0.0510396705	0.0482099028	0.0252909	0.0755406	-0.024825	0.00215887	0.000456195	0.000223243
0.17483705	-0.1198046317	0.0540235718	-0.0008396000000000001	-0.0174858767	-0.0404987951	0.0512718314	0.0175079777	-0.07226671650000001	-0.0491643739	0.0507302891	0.016236299999999995	0.14009100000000002	-0.0141072	0.0007702089999999999	0.000456195	-0.000198381
0.15116276	0.0420713261	-0.0931906335	-0.0004391771	-0.0056708233	0.0288717643	-0.0665201295	0.016724268400000002	-0.072937956	-0.0472445043	0.0531689154	0.0238083	0.09923870000000004	-0.024720500000000003	0.00233723	0.000567756	-3.44598e-05
0.10617256	-0.0506594358	0.1287233318	0.0666247782	0.0201745658	-0.043695951	-0.0482514459	0.0159388744	-0.07357980480000001	-0.0452818024	0.0555218517	0.0187889	0.11616199999999999	-0.029185700000000002	0.00114566	0.000456195	-0.000326622
0.101611425	-0.0775346914	-0.118366338	0.073473873	0.0212439744	-0.0932333473	0.0281862126	0.0151518747	-0.0741920043	-0.0432780475	0.0577853059	0.010751700000000001	0.143111	0.020665	0.00105988	0.000456195	-7.691149999999999e-05
0.163188675	0.0237834451	0.0448882313	0.0553292159	-0.0082050383	-0.0231764017	0.0130303108	0.0143633485	-0.0747743077	-0.0412350562	0.059955629800000014	0.020316	0.0973968	-0.019650099999999997	0.00210542	0.000548896	0.000136749
0.13355228500000002	-0.0386777028	-0.059868563	0.0136826472	0.0004474031	0.0521714515	-0.0463901496	0.0135733754	-0.0753264804	-0.0391546809	0.0620293259	0.00742491	0.13322699999999998	-0.0156993	0.00132859	7.32751e-05	-0.000228404
0.11971077	0.0463907766	0.0229593514	-0.0366616977	-0.0467136262	0.0777119245	-0.0159950879	0.0127820349	-0.07584830000000001	-0.037038807400000005	0.06400305190000001	0.0214433	0.0840603	-0.0242836	0.0021163	6.537619999999999e-05	-6.51853e-05
0.06598567500000001	0.003996316	-0.0318463363	-0.071887058	-0.0343450265	0.0070542328	-0.0322402703	0.0119894067	-0.0763395561	-0.0348893543	0.065873627	0.0114399	0.100142	-0.00824715	0.0018670000000000002	0.000133781	-0.000224763
0.0676246	0.006514851899999999	0.1010151109	-0.04835344	-0.0540454319	-0.0999269402	0.0287831294	0.0111955706	-0.0768000508	-0.03270827	0.0676380363	0.011854799999999999	0.0659715	-0.0286813	0.00199158	0.000227858	-0.00019131900000000002
0.1923558	-0.13880278810000002	-0.032006763	-0.0854713268	-0.0298354852	-0.08802693130000001	-0.0994520378	0.0104006067	-0.0772295986	-0.0304975321	0.0692934363	0.013472999999999999	0.130226	0.0339608	0.0008251499999999998	0.000268523	-0.000261044
0.20592775	0.0410045128	-0.0030160166	-0.0290242496	-0.029652571800000006	-0.0368912991	-0.0558767618	0.0096045951	-0.0776280263	-0.0282591448	0.07083715900000001	0.0246057	0.0792375	-0.013370400000000001	0.00231228	0.000596053	-0.000146197
0.16594035	-0.0912619417	0.0290218549	0.0048136402	0.0340122178	0.0117419218	-0.01863028	0.0088076158	-0.07799517339999999	-0.0259951375	0.07226671650000001	0.0221917	0.115031	-0.026895999999999996	0.000554641	0.000258233	-0.000334883
0.158727037	0.035537155	-0.0492931042	0.02088193	0.016395981100000002	-0.0489091375	0.0889202804	0.0080097493	-0.078330892	-0.0237075627	0.07357980480000001	0.0310029	0.09056180000000001	-0.0160275	0.00234064	0.000433292	-4.37826e-06
0.092582587	-0.0055467528000000006	0.015558583	0.0061447408	0.005685684599999999	0.0267435738	-0.005878712	0.0072110759	-0.0786350467	-0.0213984944	0.0747743077	0.0203907	0.0943373	-0.026373900000000002	0.00143934	0.00021783299999999999	-0.000244589
0.08065642999999999	0.0651772834	-0.0223660235	0.0178595821	0.0074357784	0.0845919017	-0.0243982859	0.006411676	-0.07890751509999999	-0.019070026	0.07584830000000001	0.0313861	0.0800661	-0.028104200000000003	0.00234375	0.000201215	-9.242640000000004e-05
0.12725144	0.0056529643	0.0533861435	-0.0429305042	-0.00038514980000000016	-0.0102550205	0.053814580300000005	0.0056116301	-0.0791481873	-0.016724268400000002	0.0768000508	0.024881099999999996	0.0998314	-0.00777294	0.00100922	0.00017407499999999996	-0.000343754
0.091402279	-0.0035136542	-0.0114679543	-0.0829918304	-0.0006181136	0.0494125293	0.028090428	0.004811019000000001	-0.07935696639999999	-0.0143633485	0.0776280263	0.0285187	0.102238	0.000388999	0.00219579	-1.06328e-05	-0.00017110900000000002
0.134797511	-0.1107294658	0.0694424278	-0.0028921064000000003	-0.0478887298	-0.1577949285	-0.1763464124	0.0040099232	-0.0795337681	-0.0119894067	0.078330892	0.0200751	0.133731	0.00276665	0.000823622	-0.000159786	-0.0004994530000000001
0.022242145000000005	-0.1111697479	-0.1026405841	-0.0045615497	-0.0046856552	-0.0326989734	-0.1085702121	0.0032084234000000003	-0.0796785214	-0.0096045951	0.07890751509999999	0.019272900000000003	0.138046	0.00372715	0.0007370839999999999	-4.66661e-05	-0.000375822
0.11589775	-0.0046212821000000005	0.0334214669	0.0367905686	-0.0273768016	-0.0370430607	-0.031289357000000004	0.0024066004	-0.0797911678	-0.0072110759	0.07935696639999999	0.025882	0.110873	-0.020413999999999998	0.00185414	-4.66661e-05	-0.000418256
0.10565414	-0.0817251393	-0.0469028241	0.0183483623	0.0535658715	-0.07055768059999999	0.0471268741	0.001604535	-0.0798716619	-0.004811019000000001	0.0796785214	0.017561700000000003	0.13374200000000006	0.00876574	0.00105927	-4.66661e-05	-0.000307424
0.15775329	0.076213829	-0.01889802	0.0395572028	-0.0469592088	-0.0564355267	0.0160449321	0.0008023078999999999	-0.0799199714	-0.0024066004	0.0798716619	0.026853	0.0991921	-0.030139199999999998	0.0024031	-4.66661e-05	-0.000151111
0.113936355	-0.018437023	0.0368005046	0.044478297	0.0332951363	0.056148674800000006	-0.0057485987	0.0	-0.0799360767	-0.0	0.0799360767	0.0175426	0.101811	-0.0251899	0.0010381600000000002	0.000345445	-0.000335215
0.12588992	0.0580896616	-0.0664681331	0.0751022801	0.0072463917	0.0706202962	0.0240505066	-0.0008023078999999999	-0.0799199714	0.0024066004	0.0798716619	0.028338099999999998	0.0940633	-0.0338153	0.00255003	0.000281867	6.376340000000001e-05
0.10051610000000001	0.0068387169	0.07929453780000001	0.0732782466	-0.0404624499	-0.0203450003	0.0212234268	-0.001604535	-0.0798716619	0.004811019000000001	0.0796785214	0.0197443	0.103056	-0.053475699999999994	0.0017902	4.3704399999999994e-05	-0.000203628
0.15792907	-0.0725004606	-0.08862626789999999	0.0504050295	-0.07248364610000001	-0.0426381904	0.0180570895	-0.0024066004	-0.0797911678	0.0072110759	0.07935696639999999	0.022388099999999998	0.149401	-0.00632143	0.00113413	0.0005192419999999999	-9.951560000000004e-05
0.213395345	0.0803093035	0.0105683597	0.0345407721	-0.0848674065	-0.001526116	-0.058781315999999986	-0.0032084234000000003	-0.0796785214	0.0096045951	0.07890751509999999	0.0289916	0.095062	-0.0663004	0.00287059	0.00043616300000000015	-6.95771e-05
0.17936361499999998	-0.0764296216	0.0051456851	0.037402791	0.023274882200000003	0.0966107397	0.003567800200000001	-0.0040099232	-0.0795337681	0.0119894067	0.078330892	0.00903479	0.12571	-0.0387159	0.00118576	0.00013921799999999998	-2.7866e-05
0.128869165	0.1017795474	-0.0394353296	0.051461646900000005	-0.0675758004	-0.0340893925	0.0153167439	-0.004811019000000001	-0.07935696639999999	0.0143633485	0.0776280263	0.0211968	0.10784300000000001	-0.038524300000000004	0.00285137	0.000397205	2.1508099999999998e-05
0.13364600499999998	-0.076449232	0.0952622986	0.0126359026	-0.017271848700000002	-0.0087668349	0.0366330653	-0.0056116301	-0.0791481873	0.016724268400000002	0.0768000508	0.013686700000000001	0.131403	-0.027388599999999996	0.00136506	0.000279847	-0.000203628
0.129337395	-0.0377264211	-0.1168273083	-0.0222802073	-0.061341203	0.0223598283	-0.022369824500000003	-0.006411676	-0.07890751509999999	0.019070026	0.07584830000000001	0.0236928	0.149207	0.0103027	0.00207743	0.00059074	4.98289e-05
0.130606795	0.0586713018	0.0695047734	-0.0047152843	-0.0385517262	0.0004185712	-0.0721132987	-0.0072110759	-0.0786350467	0.0213984944	0.0747743077	0.029128700000000007	0.11058399999999999	-0.040774	0.00231038	0.00036772300000000003	-0.000203628
0.16000491499999994	-0.0708009654	-0.0228619586	-0.0067536655	0.0158152527	-0.0489676795	0.0173524834	-0.0080097493	-0.078330892	0.0237075627	0.07357980480000001	0.018118099999999998	0.14890899999999999	-0.00904377	0.0010550000000000002	9.93883e-05	-0.000258695
0.17909115500000006	0.0980246609	-0.0217619146	-0.0411754918	0.0142566531	0.0277091482	-0.0082181007	-0.0088076158	-0.07799517339999999	0.0259951375	0.07226671650000001	0.030189799999999996	0.103828	-0.0365565	0.00235044	0.00046556900000000004	-3.1801199999999996e-05
0.09015944	0.0043597963	0.0601727284	-0.0108411048	0.0730301517	0.0844871642	0.0090496748	-0.0096045951	-0.0776280263	0.0282591448	0.07083715900000001	0.0224457	0.125131	-0.036402699999999996	0.00136737	0.000401295	-0.000203628
0.08242209499999999	0.048582854	-0.0449182551	0.0088656973	0.0307863362	0.0783983735	-0.0117009722	-0.0104006067	-0.0772295986	0.0304975321	0.0692934363	0.0295361	0.119967	-0.0200754	0.00220648	0.000479818	-4.44531e-05
0.08270519499999998	0.0090845926	0.1168368815	-0.0060474149	-0.0278179558	-0.0979355206	0.0734335071	-0.0111955706	-0.0768000508	0.03270827	0.0676380363	0.025457499999999997	0.129083	-0.0363411	0.00137928	0.000401295	-0.000203628
0.13755146	-0.122045354	-0.0570834819	-0.0532635171	-0.0071918342	-0.05388526	-0.0940872131	-0.0119894067	-0.0763395561	0.0348893543	0.065873627	0.016561699999999995	0.162932	0.016060999999999995	0.0007791539999999999	0.000401295	4.43372e-05
0.19894839	0.0782708938	-0.0193827695	0.0110496005	-0.0268404565	0.0047233971	-0.0406668061	-0.0127820349	-0.07584830000000001	0.037038807400000005	0.06400305190000001	0.031807499999999995	0.109759	-0.030923000000000006	0.00231133	0.000470117	0.000114251
0.12121575	-0.0580576246	0.0676753113	0.024430949	0.0753295081	-0.0390211099	0.0589286051	-0.0135733754	-0.0753264804	0.0391546809	0.0620293259	0.0240831	0.12477	-0.0243635	0.0008596139999999998	0.000401295	-0.000203628
0.11471919	0.0194348224	-0.097695139	0.0394268149	0.0214300236	-0.0386348217	0.007506249	-0.0143633485	-0.0747743077	0.0412350562	0.059955629800000014	0.0323413	0.122181	-0.00455311	0.00208343	0.000401295	0.000253788
0.10400889999999999	0.0222121406	0.069677002	0.0861580607	0.0348048636	0.0288953888	-0.0121865981	-0.0151518747	-0.0741920043	0.0432780475	0.0577853059	0.028587099999999997	0.105802	-0.060645800000000014	0.00187981	0.000522404	2.2856799999999998e-05
0.09844896	-0.0244855381	-0.0827036109	0.0855165577	-0.0055144632	0.048427706900000006	-0.007172083	-0.0159388744	-0.07357980480000001	0.0452818024	0.0555218517	0.028915100000000006	0.132652	-0.011810700000000002	0.00172444	0.000538015	0.000300593
0.18971325	0.1254374573	0.0362245238	0.0947980026	-0.1156087016	0.0061255292	0.0515332774	-0.016724268400000002	-0.072937956	0.0472445043	0.0531689154	0.041989099999999994	0.08050459999999998	-0.0718198	0.00243637	0.00046451099999999997	-0.000203628
0.2349875150000001	-0.1472248943	0.06951091849999999	0.0422702575	-0.0594161152	-0.0087661425	0.0777779467	-0.0175079777	-0.07226671650000001	0.0491643739	0.0507302891	0.0205141	0.14785	-0.0186251	0.000812021	0.000401295	-3.17447e-05
0.162059385	0.0414220005	-0.1399410502	-0.0141322327	-0.08508247990000001	-0.015252653799999997	0.0026283897	-0.0182899231	-0.0715663568	0.0510396705	0.0482099028	0.0380827	0.12302900000000005	-0.0189783	0.00275064	0.000401295	0.000415968
0.08179564999999997	0.0346599379	0.0948498628	-0.0191358816	-0.030160851	0.1271325003	-0.0368156414	-0.019070026	-0.07083715900000001	0.052868694	0.0456118188	0.034544099999999994	0.11259300000000001	-0.0472964	0.00221214	0.000401295	0.00016440900000000002
0.07682324999999998	0.0135749606	-0.0800816196	0.0033659079	-0.0163756222	0.0803870855	0.0116247973	-0.0198482077	-0.0700794171	0.0546497862	0.0429402241	0.027232799999999998	0.13753900000000002	-0.0152486	0.00201264	0.000401295	0.000215272
0.07233365	0.0511580262	0.0742652204	-0.0061201687	-0.0033897055	0.0842051763	0.0159791277	-0.0206243899	-0.0692934363	0.05638133240000001	0.0401994245	0.0338499	0.12404200000000005	-0.0322262	0.0025156999999999996	0.000401295	1.3493e-05
0.09616313	-0.0132602596	-0.0471113246	-0.0251951024	0.0330616231	-0.0133105605	-0.0048455293	-0.0213984944	-0.0684795334	0.0580617626	0.0373938371	0.032060000000000005	0.131214	-0.00337163	0.00161662	0.000186994	-4.00592e-05
0.09166715999999996	0.0279159924	0.0636228691	-0.0465333909	0.028383406	-0.0358034452	0.0534060591	-0.0221704431	-0.0676380363	0.0596895534	0.0345279838	0.030412	0.114043	-0.0148608	0.00246593	0.000401295	-0.000203628
0.10578354	-0.015429444099999997	-0.0604282988	-0.08950874460000001	0.0580838214	0.0214884398	0.030332531	-0.0229401584	-0.0667692842	0.0612632291	0.0316064831	0.02598540000000001	0.139242	0.00974874	0.00158451	0.00025174700000000003	-0.000203628
0.11871999	0.0770367339	0.06770191910000001	-0.07553676349999999	0.012017303899999998	0.0256551978	-0.0474526333	-0.0237075627	-0.065873627	0.0627813628	0.0286340436	0.0303457	0.0899275	-0.01551	0.00215159	0.00048039599999999996	-0.000203628
0.08734930000000002	-0.0635777201	-0.0240285969	-0.114591867	0.0531247483	0.0477359153	-0.0446479977	-0.0244725786	-0.06495142570000001	0.0642425783	0.0256154559	0.025782999999999997	0.11656500000000004	0.00402225	0.00167708	0.00022256900000000002	-0.000203628
0.06907205999999999	0.0688204639	0.0210312228	-0.0983875709	0.0441383121	-0.0696344458	0.03736919	-0.0252351292	-0.06400305190000001	0.06564555080000001	0.0225555848	0.0365399	0.0982757	-0.00911331	0.00203616	0.000401295	-0.000203628
0.10749162	-0.0575360646	0.0103678699	-0.082312831	0.1268481548	-0.025421813	0.06541473019999999	-0.0259951375	-0.0630288878	0.0669890084	0.0194593619	0.019319299999999998	0.132224	-0.00820774	0.00123389	0.00016202	-0.00013683
0.124767815	0.0693200501	-0.0389779362	-0.06775977429999999	0.110385197	0.0222758062	0.0085973177	-0.026752527	-0.0620293259	0.068271733	0.0163317771	0.0267371	0.11308599999999999	-0.013327	0.00254088	0.000531339	4.87161e-05
0.08313175499999999	0.0258814893	0.026378452200000003	-0.0284560903	0.1454937583	0.0514922515	-0.053536542400000005	-0.0275072215	-0.061004769	0.06949256179999999	0.0131778711	0.0243043	0.1166	-0.0215985	0.00162311	0.000244244	-0.000124688
0.11757792	0.07600893780000001	-0.0099566614	0.0129478814	0.1108788003	0.0434822941	0.0234377038	-0.0282591448	-0.059955629800000014	0.0706503878	0.0100027269	0.0303772	0.08535099999999997	-0.0314666	0.0027749000000000003	0.000401295	-2.57706e-05
0.11207772	0.0099519546	0.0323215699	0.0177939599	0.0576514372	-0.0825067624	0.0113709317	-0.0290082213	-0.0588823313	0.0717441615	0.0068114617	0.0224767	0.11321400000000001	-0.043174300000000006	0.00161991	0.000401295	-0.000162911
0.08123756999999998	0.0432505087	-0.0133129172	-0.0052708405	0.0540978304	-0.0026285445	0.109416952	-0.0297543755	-0.0577853059	0.0727728912	0.0036092188	0.028862799999999997	0.10584400000000001	-0.036349099999999995	0.0026883000000000002	0.000401295	-1.81756e-05
0.10776688	-0.0246414835	-0.0034526686	0.0139079787	0.0323569363	-0.0187866652	-0.0742669577	-0.0304975321	-0.0566649955	0.0737356442	0.000401159	0.026002299999999996	0.132056	-0.0274967	0.0016089399999999995	0.00026434099999999997	0.00016235
0.14693589499999998	0.1029595576	-0.0189640745	0.0222423479	0.0124196376	0.0706355097	0.0346440425	-0.0312376164	-0.0555218517	0.0746315476	-0.0028075473	0.031099900000000007	0.08360189999999999	-0.043296100000000004	0.00303446	0.000273906	4.57391e-05
0.194608595	-0.0670430466	0.0886546385	0.0614715589	0.0271064505	-0.043187694000000006	-0.0051863025	-0.0319745538	-0.0543563352	0.0754597894	-0.0060117288	0.0179568	0.13278199999999998	-0.0429537	0.00110591	6.83332e-05	-0.000458998
0.135100055	-0.0045239615000000006	-0.1299373749	0.0301602154	0.0253354459	-0.0412596005	0.0714261617	-0.03270827	-0.0531689154	0.0762196185	-0.0092062214	0.0226937	0.14132999999999998	-0.007105500000000002	0.0023438	3.21158e-05	-1.37663e-05
0.08274428000000003	0.0365836966	0.0867287008	0.090109607	0.0018792385	-0.08171933299999999	0.0262533227	-0.0334386912	-0.051960071	0.07691034599999999	-0.0123858767	0.023293099999999997	0.12243299999999999	-0.0438212	0.00197965	0.000184532	-2.78437e-05
0.09238153499999996	-0.0489678932	-0.0674185753	0.06624741370000001	0.085075594	0.0747706004	-0.007745447099999999	-0.0341657437	-0.0507302891	0.07753134589999999	-0.0155455703	0.0250191	0.137922	-0.0120345	0.00155162	0.000313565	0.00028269
0.11994695	0.072901316	0.0353898002	0.059332165599999986	-0.0529807639	0.0072479273	-0.0978304673	-0.0348893543	-0.0494800651	0.078082055	-0.0186802098	0.0307949	0.117757	-0.038603399999999996	0.00273673	0.000401295	0.000206785
0.12487519	-0.0770848065	-0.0061415691	-0.0019051163	-0.0490512966	0.12888258689999998	0.0260666273	-0.035609450099999995	-0.0482099028	0.0785619741	-0.0217847431	0.0229708	0.139267	-0.0428582	0.00153496	-2.61283e-05	1.02525e-05
0.13836167	0.0669110938	-0.0268190008	-0.0922603067	-0.14671206720000002	0.0454325203	0.122638733	-0.0363259585	-0.0469203142	0.0789706681	-0.0248541669	0.0330532	0.122249	-0.0343339	0.00309896	0.000386583	8.828059999999999e-05
0.12289358	-0.0641992096	0.1065113152	-0.12852718119999998	-0.1248592968	0.0111393819	-0.018276774	-0.037038807400000005	-0.0456118188	0.0793077664	-0.0278835343	0.028233099999999997	0.132769	-0.0430032	0.00180554	0.000634892	-0.000347674
0.09548715	-0.072057921	-0.0804819317	-0.16956469370000002	-0.114407896	-0.0167758155	0.0079336413	-0.037747925	-0.0442849438	0.0795729635	-0.030867963	0.0318846	0.13278000000000004	0.0196519	0.00206057	0.000486441	-0.00016776400000000002
0.12648610000000002	0.1020090031	0.037681344500000005	-0.1221744422	-0.0261937887	-0.0605753259	-0.0305713361	-0.038453239900000005	-0.0429402241	0.0797660189	-0.0338026431	0.0322164	0.0892687	-0.0259171	0.00265754	0.00042590900000000003	-0.000251742
0.15143074999999998	-0.108722822	0.0733104359	-0.090743703	0.0427889025	0.013051843	-0.0870458302	-0.0391546809	-0.0415782013	0.0798867576	-0.0366828449	0.0287748	0.129182	-0.013992099999999999	0.0009397610000000001	0.000346901	-0.00037797199999999997
0.10876109	0.0182300723	-0.0964091729	-0.0687848059	0.0443787705	-0.0916419023	0.0403469615	-0.0398521774	-0.0401994245	0.07993507009999999	-0.0395039266	0.0338394	0.12928599999999998	0.00457819	0.00227146	0.00014819	-0.000207938
0.08814818999999999	0.0395514693	0.1024154471	-0.0316781847	0.044472049900000005	-0.0877288919	0.0387897126	-0.0405456591	-0.038804449	0.0799109126	-0.0422613414	0.025694099999999997	0.11055599999999999	-0.0342959	0.00209428	0.000277854	-0.00034907
0.15624564	-0.1004991734	-0.0321198181	-0.035358292	0.0920158464	0.007330167199999999	-0.0906123805	-0.0412350562	-0.0373938371	0.0798143071	-0.0449506455	0.019037900000000003	0.14916400000000002	-0.0014968	0.0009669580000000001	1.44432e-05	-0.00017615599999999999
0.2026114900000001	0.1115325471	-0.056009861	0.0008580272999999999	0.03703991	0.08571541419999999	-0.0205169843	-0.0419202993	-0.0359681572	0.079645341	-0.0475675045	0.041971	0.109569	-0.0385202	0.00271065	0.000277854	-0.00012205899999999999
0.08427306000000001	0.0127243596	0.0525603799	0.004869320900000001	0.1075050597	0.06444088469999999	0.0842455619	-0.0426013192	-0.0345279838	0.0794041677	-0.050107701	0.0334801	0.11881400000000004	-0.0367202	0.0017683899999999997	-3.59874e-05	-8.341719999999999e-05
0.09136258	0.0825839533	-0.0501100755	0.0006224684	0.0892058085	0.0068783398	0.0414581887	-0.0432780475	-0.0330738971	0.07909100570000001	-0.052567141100000006	0.04206	0.114507	-0.0183877	0.00234917	0.000277854	0.000224825
0.09652025	0.0188755705	0.0972516835	0.0380015934	0.0780960634	0.0024989636	0.0240142376	-0.0439504158	-0.0316064831	0.0787061389	-0.0549418609	0.0318678	0.118906	-0.0434051	0.00147121	0.000277854	-3.5448000000000003e-05
0.07917435	-0.040491128	-0.08872638349999999	0.0454827034	0.0239497439	0.0254312281	-0.030726198	-0.044618356500000005	-0.0301263332	0.0782499164	-0.0572280333	0.027794799999999998	0.149067	-0.0138623	0.0015551999999999999	0.00035695800000000005	0.000109409
0.10828130000000001	0.008368216999999999	0.0766131145	0.0821087255	-0.020735191200000003	-0.0595925339	0.0030011654	-0.0452818024	-0.0286340436	0.0777227516	-0.0594219737	0.0280126	0.119327	-0.0590201	0.00182651	0.000277854	-0.00020349099999999998
0.182358355	-0.1237637598	-0.0655367334	0.0649776298	-0.0013731386	-0.0365932857	-0.0224181677	-0.0459406864	-0.0271302159	0.0771251226	-0.0615201462	0.019481099999999998	0.16069	0.000409085	0.00073959	0.00038355400000000003	6.45824e-05
0.199515855	0.0701088286	0.0045583247	0.0836122791	-0.0408452113	-0.0003165326	-0.08089643070000001	-0.046594942400000006	-0.0256154559	0.07645757110000001	-0.0635191694	0.033056300000000004	0.11400999999999999	-0.0431693	0.00250126	0.000437715	-3.3231999999999996e-05
0.1223400735	-0.0965989189	0.0117432923	0.0754562506	0.0287213447	0.0349019913	-0.0830835881	-0.0472445043	-0.024090374	0.0757207024	-0.06541582139999999	0.0229479	0.144539	-0.039405800000000005	0.00103405	0.000375468	-3.9055300000000005e-06
0.13038057150000001	0.0584962355	-0.06300221	0.0843261436	-0.0555650963	-0.0311022479	0.0685078025	-0.0478893067	-0.0225555848	0.0749151845	-0.06720704549999999	0.0353832	0.119372	-0.0326889	0.00266297	0.00039438099999999996	6.94889e-05
0.13798574500000002	-0.06430836849999999	0.062394490199999986	0.06979702269999999	-0.0476301187	-0.0800541291	0.017823100300000002	-0.0485292848	-0.0210117067	0.0740417477	-0.06888995490000001	0.0210524	0.13230799999999998	-0.046732	0.00110119	0.000356319	-0.00026418599999999997
0.15108209999999994	0.0134594899	-0.0797213983	0.0313561534	-0.06382440519999999	0.0195013958	0.0464585663	-0.0491643739	-0.0194593619	0.07310118389999999	-0.07046183730000001	0.027286599999999998	0.13933900000000002	-0.0149303	0.00254295	0.0005403	0.000230377
0.16270099999999998	-0.0400591928	0.0895678499	0.0871018374	-0.0710286923	-0.0092358153	-0.1304948228	-0.0497945101	-0.0178991758	0.0720943458	-0.0719201593	0.0276613	0.14231400000000002	-0.0623467	0.00104677	0.000277854	-0.000249695
0.15888606	-0.0373938608	-0.1390320596	0.0309525396	-0.0207672226	0.0110847505	0.0494025661	-0.05041963	-0.0163317771	0.0710221462	-0.0732625707	0.0319988	0.151301	-0.00746739	0.00186442	0.000845281	0.000178873
0.19603421	0.1231118178	0.0808580409	0.0980530662	-0.1236495192	-0.10736589999999999	-0.0014874625	-0.0510396705	-0.0147577975	0.0698855571	-0.0744869079	0.0288528	0.09213260000000001	-0.0772732	0.00243568	0.00080183	-0.000484696
0.22743245	-0.1930107479	0.0253847854	0.0863466243	-0.0127991396	-0.019408807	0.005899575400000001	-0.0516545692	-0.0131778711	0.0686856091	-0.07559119780000001	0.0169475	0.138561	-0.0348781	0.000715595	0.000277854	-0.000194684
0.1593133	0.0338912329	-0.1157284447	0.1331096574	-0.1407495183	-0.0044042998	-0.0256956295	-0.0522642642	-0.0115926346	0.06742339	-0.0765736605	0.023819099999999996	0.142991	-0.023599900000000004	0.00280926	0.0005696869999999999	0.000154488
0.1494137	-0.0758675867	0.08510388960000001	0.0916818398	-0.1303100109	0.0871569224	-0.0402273087	-0.052868694	-0.0100027269	0.0661000441	-0.0774327128	0.0232808	0.133378	-0.0701681	0.00164283	0.00065307	-0.00044958300000000004
0.13130400999999994	-0.0493101584	-0.1012451203	0.0606236381	-0.1771218695	-0.0748394711	-0.007698026	-0.0534677978	-0.0084087885	0.0647167712	-0.07816697	0.021877599999999997	0.15701699999999996	-0.016465299999999995	0.00177563	0.000277854	9.358120000000001e-05
0.15251261	0.0648097418	0.0672399804	0.0241609328	-0.1545004338	0.05102172	0.0018206187	-0.0540615151	-0.0068114617	0.0632748254	-0.0787752489	0.030425599999999997	0.106129	-0.058982000000000014	0.00215283	0.000538112	-0.00028015900000000004
0.12350708	-0.058821002699999986	0.0087870457	0.0380744582	-0.0317496009	0.0187717174	-0.0821292519	-0.0546497862	-0.0052113902	0.061775514	-0.079256569	0.0230952	0.14769200000000002	-0.035327300000000006	0.00173597	0.000277854	6.19026e-05
0.08147373	-0.0074123755	-0.0107196861	0.0628867151	-0.0540901577	0.0011460923	-0.0038134253	-0.0552325519	-0.0036092188	0.0602201963	-0.0796101548	0.026188799999999998	0.12553	-0.0474013	0.00220296	0.000277854	-0.00035399
0.09981679999999996	-0.0524192867	-0.0105093682	0.0252426846	-0.0737836868	-0.0246222028	-0.0256982718	-0.0558097533	-0.002005593	0.0586102822	-0.0798354362	0.022361900000000004	0.14902100000000001	-0.0160542	0.00170342	0.000169774	-0.000138574
0.06209299999999999	-0.0231944402	-0.007724756700000002	-0.0488975391	-0.1266112187	-0.0239457549	0.0421524339	-0.05638133240000001	-0.000401159	0.0569472315	-0.0799320503	0.0305259	0.127555	-0.0343096	0.0017786999999999996	0.00037033300000000003	-0.000130261
0.08439909000000001	-0.0247837145	-0.0308663112	-0.1396892555	-0.1027350497	0.028628665	-0.0021168065	-0.0569472315	0.0012034366	0.0552325519	-0.0798998413	0.0331656	0.138229	-0.00605151	0.00247928	0.000277854	-6.6774e-05
0.07297148999999997	0.0227651094	0.0265076454	-0.1135762454	-0.0764016096	0.0046974092	-0.0331127242	-0.0575073938	0.0028075473	0.0534677978	-0.0797388611	0.0304298	0.110963	-0.030927	0.00237585	0.000277855	-0.000325227
0.09826749999999998	-0.0295672611	-0.0045733874	-0.1317428602	-0.0026890672	-0.0194725089	0.0037767642	-0.0580617626	0.0044105266	0.0516545692	-0.0794493692	0.030476	0.13076500000000002	0.00529185	0.00188521	0.00010879700000000001	-0.000140916
0.10830815	0.06506559940000001	0.0414645563	-0.1050879478	-0.000988842	0.0568866927	-0.0729073455	-0.0586102822	0.0060117288	0.0497945101	-0.0790318321	0.030370499999999998	0.0963571	-0.0233965	0.00233976	0.00036763800000000016	-0.000329653
0.10285771	-0.0408519902	-0.0032765806	-0.08966560970000001	0.1066661963	-0.0586159273	-0.0185564306	-0.0591528974	0.007610508399999999	0.0478893067	-0.0784869228	0.028004200000000003	0.134829	0.00545861	0.00188608	0.000277855	-0.00020982799999999998
0.10107466	0.1000767805	0.0060639757	-0.0253985379	0.0861126764	-0.099171079	0.0464350965	-0.0596895534	0.0092062214	0.0459406864	-0.0778155195	0.030343900000000007	0.09701699999999999	-0.016501499999999995	0.00240153	0.000277855	-0.000473635
0.10638537	-0.0569220539	0.0199554112	-0.0304647093	0.1553247677	0.031459792400000006	-0.0116848458	-0.0602201963	0.0107982247	0.0439504158	-0.0770187042	0.0268079	0.130004	-0.0120285	0.00159464	0.000152284	-9.830860000000001e-05
0.09702101	0.0958992858	-0.0713094103	0.0113302684	0.0474117723	0.0342376876	-0.0412275157	-0.0607447724	0.0123858767	0.0419202993	-0.0760977612	0.038758	0.11311099999999999	-0.0259702	0.00254418	0.000277855	-8.86954e-05
0.11305237999999998	-0.0456112028	0.07922181019999999	-0.0382788857	0.069945938	0.0320766234	0.1090987247	-0.0612632291	0.0139685379	0.0398521774	-0.0750541746	0.0385002	0.135006	-0.020919999999999998	0.00128835	7.3012e-05	-0.00034501
0.10989537	0.0578268043	-0.0930702526	-0.0655669084	0.0559664058	-0.0034449626	0.0081547145	-0.061775514	0.0155455703	0.037747925	-0.07388962639999999	0.042990600000000004	0.13508400000000004	-0.00617383	0.00271341	0.000277855	-0.00016329700000000002
0.09641462	-0.0142519809	0.1002891634	-0.0049070453	0.0648888734	0.0519540632	-0.0391531698	-0.062281575599999986	0.0171163386	0.035609450099999995	-0.0726059935	0.0348204	0.13503800000000002	-0.031126099999999997	0.0015578	0.000277855	-0.00027261
0.04951798999999999	-0.0077553907	-0.1097028846	0.0111736117	0.0849875159	-0.0354391986	-0.0203300867	-0.0627813628	0.0186802098	0.0334386912	-0.0712053446	0.040780000000000004	0.135068	-0.00594354	0.00159078	0.00020428400000000002	-1.2244400000000001e-05
0.07950358999999997	0.0173752161	0.0777680772	0.0062484461	0.0516232889	-0.0464657061	0.07846125080000001	-0.0632748254	0.0202365536	0.0312376164	-0.06968993700000001	0.033015699999999995	0.126951	-0.021309099999999997	0.00224251	0.000398735	-0.00013119799999999999
0.09753575499999996	-0.0245489681	-0.0831268471	-0.011627683	0.0584062977	-0.0472443072	0.0584142325	-0.0637619136	0.0217847431	0.0290082213	-0.0680622132	0.0247874	0.15407200000000001	-0.00591568	0.00154821	0.000277855	-1.05173e-05
0.12293852999999998	0.0590141099	0.0516949324	-0.0484747772	0.0032341297	0.0229949711	-0.0399551962	-0.0642425783	0.0233241543	0.026752527	-0.0663247964	0.0351399	0.122267	-0.0379746	0.00236042	0.000355213	-9.53915e-05
0.093803175	-0.0916985411	0.0173615087	-0.0234724765	-0.0074785401	0.0179965456	-0.0835855459	-0.0647167712	0.0248541669	0.0244725786	-0.0644804868	0.0260133	0.135072	-0.0377497	0.00143001	0.000277855	-0.0005205569999999999
0.093296565	-0.0440412412	0.0445264925	-0.0529926543	0.0072215643	-0.0474665779	0.042772498	-0.0651844444	0.0263741644	0.0221704431	-0.0625322567	0.0376207	0.135094	-0.0220758	0.00210733	-2.3624299999999997e-05	-0.000179491
0.07772824400000003	-0.0785558563	-0.0213261426	-0.0510299315	0.04232641980000002	-0.1328689801	-0.0819320509	-0.06564555080000001	0.0278835343	0.0198482077	-0.060483246	0.020547	0.145308	-0.00675061	0.00155833	2.75078e-06	-0.000306423
0.140361151	0.0315540826	0.0031788697	-0.0178875706	0.0598115256	0.022189391800000003	-0.0411944006	-0.0661000441	0.0293816684	0.0175079777	-0.058336757	0.037567800000000005	0.121753	-0.0379059	0.00256755	0.000277855	-0.0003947
0.08777154999999998	-0.0738660197	0.0337302148	0.046876518099999986	0.08284859509999999	-0.1069103548	-0.0543746051	-0.0665478783	0.030867963	0.0151518747	-0.0560962492	0.026654	0.138086	-0.03773169999999999	0.00141921	0.000277855	-0.000336029
0.099595445	0.002019017	-0.0757599716	0.0129084624	0.0613721384	-0.0260660356	0.08879990789999999	-0.0669890084	0.0323418192	0.0127820349	-0.0537653335	0.037612900000000005	0.135122	-0.0331596	0.00265018	0.00014156900000000005	-8.127609999999999e-05
0.08251829499999998	0.0304350128	0.0390291211	0.0666264184	0.035869891800000005	-0.0360519305	-0.0136151947	-0.06742339	0.0338026431	0.0104006067	-0.0513477665	0.0317353	0.12958900000000004	-0.045875099999999995	0.00196216	0.000352684	-0.000349985
0.0365332	-0.0406559084	-0.0508146665	0.0555807084	0.0467097761	0.065110802	-0.0031626766	-0.0678509792	0.0352498461	0.0080097493	-0.0488474444	0.037595800000000006	0.127384	-0.0471147	0.00210823	0.000203415	-0.00010076200000000001
0.051315015	0.0630926642	-0.0038310075	0.0754437238	-0.0316701666	-0.0024804595	0.1065147769	-0.068271733	0.0366828449	0.0056116301	-0.046268397	0.0376179	0.110277	-0.050827300000000006	0.00263238	0.000277855	-8.988569999999999e-05
0.085226065	-0.0176752823	0.0248779465	0.0284434287	-0.0124402132	0.0665182731	0.1468281179	-0.0686856091	0.0381010623	0.0032084234000000003	-0.0436147809	0.0376047	0.135215	-0.06135180000000001	0.00183762	0.000277855	-0.000290133
0.11416449999999995	0.0301840763	-0.0569964534	-0.0090806943	-0.0589456092	0.10744041	0.08158713620000001	-0.0690925657	0.0395039266	0.0008023078999999999	-0.0408908726	0.0376885	0.135171	-0.0391996	0.00326554	0.000277855	0.000119637
0.07182837000000003	0.0811280184	0.06597287339999999	-0.0198066954	-0.0519924109	0.0721234421	-0.0895789466	-0.06949256179999999	0.0408908726	-0.001604535	-0.0381010623	0.037648900000000006	0.10796900000000001	-0.0616135	0.00296811	0.000277855	-2.63904e-05
0.12875773	-0.1006062	0.0398028068	-0.0056361391000000005	-0.0578030558	-0.06458775280000001	-0.0795512029	-0.0698855571	0.0422613414	-0.0040099232	-0.0352498461	0.0283378	0.13517200000000001	-0.0403452	0.0016323	0.000277855	-0.000110087
0.030619599999999976	-0.0178040354	-0.0571705978	-0.0213827326	-0.0095201548	-0.1317337965	-0.0226150084	-0.0702715121	0.0436147809	-0.006411676	-0.0323418192	0.0376335	0.135163	-0.021568	0.0016377	0.000277855	-0.000155441
0.31125795	0.0190921882	0.0255271813	-0.0204253488	0.0459093625	0.103543652	-0.0327500173	-0.0706503878	0.0449506455	-0.0088076158	-0.0293816684	0.0448478	0.0324428	0.018861199999999998	-0.0007435810000000001	-0.000140743	0.000262565
0.24075629	0.0662084063	-0.056881227	-0.0075964822	0.050834584800000006	0.0580798723	0.012706348300000002	-0.0710221462	0.046268397	-0.0111955706	-0.0263741644	0.0431952	0.10884400000000001	0.00313161	0.00172882	0.000109487	4.5738e-05
0.09474271000000002	0.119230213	0.0292593786	-0.0035546951	0.0143795517	-0.0153105379	0.0773189741	-0.0713867496	0.0475675045	-0.0135733754	-0.0233241543	0.0376961	0.07303660000000001	-0.0218687	0.00180892	0.000447121	0.000196722
0.08733847500000001	0.0134864102	0.0068062108	-0.0456107051	0.0030521546000000003	0.1039148203	0.0515245764	-0.0717441615	0.0488474444	-0.0159388744	-0.0202365536	0.0350946	0.11574200000000001	-0.00413729	0.00182855	0.000127512	4.995770000000001e-05
0.11203686	0.1125126272	-0.0080875839	-0.0869784308	-0.085967314	0.1035568837	0.0277200025	-0.0720943458	0.050107701	-0.0182899231	-0.0171163386	0.045675400000000005	0.0803452	-0.015204599999999999	0.00244171	0.00059982	3.55867e-05
0.133546095	-0.0459635387	0.0946597093	-0.0990305013	-0.0675350225	-0.0077734122	0.0593245455	-0.0724372672	0.0513477665	-0.0206243899	-0.0139685379	0.0375724	0.11419800000000001	-0.00978024	0.00122453	0.000356146	-0.000226878
0.13361341	0.0645258859	-0.0873574726	-0.1110022525	0.0097756568	0.067943356	0.0569923395	-0.0727728912	0.052567141100000006	-0.0229401584	-0.0107982247	0.037670300000000004	0.105654	0.00411567	0.00270255	0.000676038	0.000196722
0.13749802	0.0182677179	0.1524930351	-0.0027342928000000004	0.0247725126	-0.0546678469	-0.0911593562	-0.07310118389999999	0.0537653335	-0.0252351292	-0.007610508399999999	0.0375841	0.107406	-0.035769	0.00148744	0.00042242699999999996	-0.00025006
0.11944680000000002	-0.0456455813	-0.1018135293	-0.0193822327	0.0728498871	-0.0289033342	0.0195294587	-0.0734221124	0.0549418609	-0.0275072215	-0.0044105266	0.0325931	0.14636500000000002	0.00990184	0.0013797	0.000596712	6.44342e-05
0.14956173	0.0830910862	0.0814517962	0.04838127	0.0414657508	-0.0603976707	-0.0789874717	-0.0737356442	0.0560962492	-0.0297543755	-0.0012034366	0.037646	0.104615	-0.0471759	0.00224337	0.000596713	0.000114385
0.176868275	-0.1243118759	-0.0218179217	0.0520627971	0.1035072057	0.0029476901	-0.056247863200000005	-0.0740417477	0.0572280333	-0.0319745538	0.002005593	0.0257793	0.15363800000000002	-0.0140929	0.0007584039999999997	0.000596712	-5.85595e-05
0.144598025	0.0879423316	-0.0327869571	0.0893865537	-0.0015934929	-0.0901274699	0.0544373319	-0.0743403923	0.058336757	-0.0341657437	0.0052113902	0.037663800000000004	0.11786700000000006	-0.0108243	0.00243342	0.000596712	0.000139903
0.14883539999999998	-0.0601641235	0.0428464386	0.0549337179	0.0233738769	-0.0212434961	0.0840301672	-0.0746315476	0.0594219737	-0.0363259585	0.0084087885	0.021282299999999997	0.13997	-0.040356	0.001207	0.000596713	-0.00025006
0.1636084	0.0417050133	-0.0551557738	0.0820142038	0.0175445067	0.08715461570000001	-0.0031187341	-0.0749151845	0.060483246	-0.038453239900000005	0.0115926346	0.0328894	0.126652	-0.012059100000000001	0.00278589	0.000596712	0.00037877699999999995
0.1183045	-0.0258086937	0.0214476681	0.1018584591	-0.0272890813	0.0836769602	-0.0009462242	-0.07519127440000001	0.0615201462	-0.0405456591	0.0147577975	0.0277137	0.139976	-0.047841699999999994	0.00183204	0.0004902880000000001	0.000158607
0.11195745	0.0807440495	-0.0593159724	0.0920931045	-0.0578875096	0.0716980358	0.0270691902	-0.0754597894	0.0625322567	-0.0426013192	0.0178991758	0.03773119999999999	0.119001	-0.047081599999999994	0.00294679	0.0008229109999999997	0.00031533099999999997
0.13621414999999998	-0.04400332690000002	0.0939076245	0.0383224326	-0.1401278375	0.0340010459	0.0808664397	-0.0757207024	0.0635191694	-0.044618356500000005	0.0210117067	0.0377033	0.142256	-0.0686906	0.00161603	0.000466493	0.00017606400000000005
0.13510365000000002	-0.0519743747	-0.1123498182	-0.0749281561	-0.1274589955	0.0059353426	-0.0206282738	-0.0759739873	0.0644804868	-0.046594942400000006	0.024090374	0.0378257	0.165475	-0.011466100000000002	0.00233746	0.000596712	0.00041517
0.14087667000000004	0.0432603312	0.0785183395	-0.0412509585	-0.09001285789999999	0.014785598	-0.0938566714	-0.0762196185	0.06541582139999999	-0.0485292848	0.0271302159	0.0419809	0.113703	-0.060866599999999986	0.00253878	0.000596713	-9.44884e-05
0.175388342	-0.0759300864	-0.0298006573	-0.0751490571	0.011044318	-0.0005389248	-0.0239593596	-0.07645757110000001	0.0663247964	-0.05041963	0.0301263332	0.0332277	0.147426	0.0008368819999999997	0.00165562	0.000189971	3.97828e-05
0.15401279199999998	0.122535902	-0.0291933683	-0.0562274784	0.0137515413	-0.0122968303	-0.0416726657	-0.0766878214	0.06720704549999999	-0.0522642642	0.0330738971	0.0445785	0.0950115	-0.0261627	0.00258564	0.000378904	0.000185788
0.08924447	0.0127682476	0.0268581358	0.0017780277	0.108807192	0.1237849677	-0.0116753451	-0.07691034599999999	0.0680622132	-0.0540615151	0.0359681572	0.0376209	0.11126400000000004	-0.0425723	0.00192512	0.00047816300000000004	-4.69284e-05
0.08094877	0.1052889453	-0.0415065675	-0.0103256218	0.0721520388	-0.0105433728	0.0404126941	-0.0771251226	0.06888995490000001	-0.0558097533	0.038804449	0.0456467	0.10403499999999999	-0.0208687	0.00258573	0.000436326	0.00013043200000000001
0.1026016	-0.0030341587	0.0776353731	-0.0378874038	0.0529349478	0.0512949216	-0.0021012813	-0.0773321295	0.06968993700000001	-0.0575073938	0.0415782013	0.041795	0.11941500000000001	-0.034214800000000004	0.0014536	0.00043711	-0.00013713
0.11388695	-0.0181622804	-0.0869142143	-0.0659979383	0.0285360934	0.0281598315	-0.0246757566	-0.07753134589999999	0.07046183730000001	-0.0591528974	0.0442849438	0.0442154	0.141977	-0.0031199	0.00226681	0.000438179	0.000204784
0.11928409999999995	0.0912999193	0.0604995626	-0.0285030359	0.0291724946	-0.0664691486	0.0626880809	-0.0777227516	0.0712053446	-0.0607447724	0.0469203142	0.0375935	0.0999001	-0.032813300000000004	0.00247127	0.000596712	-0.000250061
0.12544028499999998	-0.0601247879	0.0135978122	-0.016739943700000003	0.081935906	0.0073141284999999985	-0.1153005139	-0.0779063275	0.0719201593	-0.062281575599999986	0.0494800651	0.028008699999999997	0.138004	-0.019740999999999998	0.00158646	0.000378969	-5.90283e-05
0.13089856499999994	0.0988223441	-0.0481829615	0.0298194863	0.0690454641	-0.038714051	0.0780791729	-0.078082055	0.0726059935	-0.0637619136	0.051960071	0.0365324	0.10348299999999999	-0.029243900000000007	0.00268122	0.000596712	0.00019548799999999998
0.12529759	-0.0405358001	0.1071492724	0.0832001078	0.1078246643	-0.0572454041	0.08552629980000001	-0.0782499164	0.0732625707	-0.0651844444	0.0543563352	0.0267399	0.122848	-0.0423274	0.00173959	0.000142943	-7.02448e-05
0.10674919	-0.0431254924	-0.1108283849	0.0867130793	0.028992109	-0.0421488126	-0.0450574731	-0.0784098948	0.07388962639999999	-0.0665478783	0.0566649955	0.031532599999999994	0.151257	-0.0109924	0.00206867	0.00042504	0.00016282799999999998
0.10745443	0.0621447226	0.0547281859	0.100704229	-0.0093411883	0.069668384	-0.043340094800000006	-0.0785619741	0.0744869079	-0.0678509792	0.0588823313	0.032979900000000006	0.113073	-0.0470381	0.00241429	0.000596712	4.457140000000001e-05
0.099720255	-0.1029829699	-0.0192954255	0.1069658751	-0.0110346143	-0.01744919	-0.0470969303	-0.0787061389	0.0750541746	-0.0690925657	0.061004769	0.0218152	0.145368	-0.0327154	0.00158153	0.000596712	5.05685e-05
0.113098675	0.0292222286	-0.0590470297	0.0492022885	-0.0330209849	0.0139765743	0.0833991978	-0.0788423748	0.07559119780000001	-0.0702715121	0.0630288878	0.038343800000000004	0.129958	-0.0321089	0.00303685	0.000596712	0.00020632
0.09106059999999998	-0.0011976999	0.0197401371	0.0948268298	0.0221034366	0.0091380196	-0.0656272662	-0.0789706681	0.0760977612	-0.0713867496	0.06495142570000001	0.0241455	0.12934	-0.0498161	0.00214557	0.0003931	0.00013047
0.08355855000000001	-0.0268928245	0.0470915652	0.124023415	-8.51261e-05	0.0007216699000000001	-0.032484845400000004	-0.07909100570000001	0.0765736605	-0.0724372672	0.0667692842	0.036413	0.12093599999999999	-0.0644165	0.00252716	0.000596712	-0.000250061
0.17913363699999998	-0.1426602892	-0.0484787355	0.1191796444	0.0002702806	-0.0714599335	-0.055752958	-0.0792033756	0.0770187042	-0.0734221124	0.0684795334	0.020684400000000002	0.157323	-0.0178578	0.0014217600000000006	0.000335205	-7.78126e-06
0.15982571299999998	0.0632034252	-0.071297691	0.117658305	-0.0254696446	-0.0087009646	-0.0088696066	-0.0793077664	0.0774327128	-0.0743403923	0.0700794171	0.036594800000000004	0.11775899999999999	-0.029779400000000008	0.00269005	0.000684641	0.00022308700000000001
0.09896273499999997	-0.0558348459	0.0527130783	0.1015473261	0.0233086515	0.1027603756	-0.0383132032	-0.0794041677	0.0778155195	-0.07519127440000001	0.0715663568	0.024552200000000003	0.128303	-0.0394026	0.00187907	0.00045283199999999996	-6.918270000000001e-05
0.07110145	0.0203171265	-0.0780111244	0.0948702284	-0.0548685936	-0.0035577617	0.0053514328	-0.0794925697	0.07816697	-0.0759739873	0.072937956	0.0310764	0.127923	-0.029426799999999996	0.00281816	0.000596712	-6.77237e-05
0.08869510500000001	-0.0448900429	0.0500675131	0.055663251100000005	-0.1066686715	0.0060525990000000005	0.059403587	-0.0795729635	0.0784869228	-0.0766878214	0.0741920043	0.0239267	0.12218	-0.055521600000000004	0.00185868	0.000596712	-3.30516e-05
0.10950453	-0.0105501459	-0.0635970908	-0.060955231	-0.1650692114	0.021968079100000003	0.13467238369999998	-0.079645341	0.0787752489	-0.0773321295	0.0753264804	0.0349225	0.13126	-0.045822	0.00292053	0.000809391	0.000287002
0.08612575000000001	-0.0576834043	0.0731849689	-0.1215732526	-0.17909709	0.0614739039	-0.0156476596	-0.079709695	0.0790318321	-0.0779063275	0.0763395561	0.0307075	0.127576	-0.0556024	0.00214294	0.000596712	-9.1656e-05
0.11784900000000002	-0.0091526034	-0.0831962732	-0.1760516459	-0.1384953879	0.0408277338	0.0812198053	-0.0797660189	0.079256569	-0.0784098948	0.0772295986	0.0396846	0.13439700000000002	-0.0165008	0.00309814	0.00050277	0.00011818799999999999
0.124897635	0.0413115889	0.1121559429	-0.1316460657	-0.07991925650000001	-0.0350466913	-0.029391462	-0.0798143071	0.0794493692	-0.0788423748	0.07799517339999999	0.0324177	0.105868	-0.040205199999999996	0.0021642	0.0007054660000000001	-5.312270000000001e-05
0.124137921	-0.0824499126	-0.0535509318	-0.1654240821	0.0178270757	0.0131209918	-0.0672128997	-0.0798545546	0.0796101548	-0.0792033756	0.0786350467	0.03305809999999998	0.150286	0.0007576049999999997	0.00145882	0.0007056260000000001	3.67162e-06
0.11404188550000002	0.0884820124	0.0380403075	-0.1015373483	0.0174823697	-0.1626222505	-0.0148958831	-0.0798867576	0.0797388611	-0.0794925697	0.0791481873	0.0360284	0.11541400000000004	-0.025108099999999998	0.00235524	0.000596712	5.01523e-06
0.09907701150000002	-0.1157862006	0.026111087400000003	-0.0744988117	0.0884777237	0.0092927743	-0.0784619125	-0.0799109126	0.0798354362	-0.079709695	0.0795337681	0.0318217	0.142414	-0.021024	0.00124107	0.000596712	-0.000156539
0.13274375	0.0633571012	-0.06250495959999999	-0.0469278614	0.1027065154	-0.1372390391	0.0153961711	-0.0799270173	0.0798998413	-0.0798545546	0.0797911678	0.0402542	0.12070399999999999	-0.000384255	0.00269552	0.000596712	2.82411e-05
0.100202475	-0.0057862137	0.0699386849	-0.0320739274	0.1211582615	-0.0608833787	0.0043446208	-0.07993507009999999	0.0799320503	-0.0799270173	0.0799199714	0.0291028	0.11798199999999999	-0.0249342	0.00160829	0.000626545	-9.027850000000004e-05
