0.0	-0.069921363	0.0732618775	-0.050317369400000006	0.0086549956	-0.0026190504	0.0401927398	0.07993507009999999	0.0799320503	0.0799270173	0.0799199714	-0.031106099999999998	-0.0101303	0.044496100000000004	-0.000298551	0.000261696	-7.18014e-05
0.0721621558	0.0652011667	0.0100142836	-0.0415457586	0.0120378536	0.0126654919	0.0862319558	0.0799270173	0.0798998413	0.0798545546	0.0797911678	-0.031078199999999997	2.06958e-05	0.033483	0.000295749	9.28724e-05	-0.000328081
0.08355321580000001	-0.0491756973	-0.0063433292	0.0059040104000000005	-0.06548645410000001	-0.0430573766	-0.00026339	0.0799109126	0.0798354362	0.079709695	0.0795337681	-0.031065199999999998	-0.0248023	0.0238255	-0.000513941	-0.0	-0.000406713
0.11066365	0.0866726177	0.0050127524	-0.0407136936	-0.0510456226	-0.0601276616	0.0049442362	0.0798867576	0.0797388611	0.0794925697	0.0791481873	-0.0227774	0.013726400000000001	-0.011388100000000002	5.873e-05	-0.0	-0.000406713
0.13641535	-0.0816201609	-0.0390796224	-0.0117553478	-0.1006867845	-0.0338893928	-0.0431499117	0.0798545546	0.0796101548	0.0792033756	0.0786350467	-0.018054900000000002	-0.0332184	0.010227300000000002	-0.0007069660000000001	0.000354479	-0.000264235
0.10637579999999996	0.0378158876	0.0698760671	-0.1165024356	-0.0209411659	0.0282824771	-0.047037371	0.0798143071	0.0794493692	0.0788423748	0.07799517339999999	-0.0136411	0.034738	0.0263695	-0.000662322	0.000198866	-0.000107224
0.12445961	-0.0658842697	-0.0551569609	-0.1048470713	-0.0090447049	-0.0462168489	-0.036811513	0.0797660189	0.079256569	0.0784098948	0.0772295986	-0.0205696	-0.0289142	0.00602599	-0.000513941	0.000421704	-0.000406713
0.08389230999999997	0.0119459799	0.0762006371	-0.005249655600000001	0.0212617718	0.0450315691	-0.0698199961	0.079709695	0.0790318321	0.0779063275	0.0763395561	-0.0201887	0.030301299999999996	0.0221873	-0.000428887	0.00034406599999999997	-0.000406713
0.09465574199999999	0.0234231641	-0.0635522867	0.0819134611	-0.0404448713	-0.0047219406	-0.0009584869	0.079645341	0.0787752489	0.0773321295	0.0753264804	-0.017621099999999997	-0.030310900000000005	0.000507458	-0.000513941	0.000339823	-0.000513338
0.11462054199999999	0.0204197035	0.0798241786	0.0972412142	-0.0812537243	0.0196298282	-0.0030785815	0.0795729635	0.0784869228	0.0766878214	0.0741920043	-0.0166565	0.036165300000000004	0.03249	-0.000421069	0.00023537599999999998	-0.000406713
0.07867343	-0.00703773	-0.0366600095	0.0854357442	0.0204207632	0.0573667823	-0.0617245786	0.0794925697	0.07816697	0.0759739873	0.072937956	-0.020875	-0.00973946	0.00925163	-0.00042318900000000003	0.00013126	-0.000406713
0.07670408	-0.0057050142000000005	0.06561310969999999	0.0072436004	0.066794004	0.0598140581	-0.0747706907	0.0794041677	0.0778155195	0.07519127440000001	0.0715663568	-0.0177409	0.034668199999999996	0.0222	-0.000628029	0.000250699	-0.000406713
0.08695835000000003	-0.0492711768	-0.0387786957	-0.0092472666	0.0429116045	0.0844351007	-0.0847191167	0.0793077664	0.0774327128	0.0743403923	0.0700794171	-0.0201845	-0.0228803	0.014558600000000001	-0.00078383	0.000481395	-0.000406713
0.09138985	0.0260318291	0.0831050703	0.0378179894	0.0020056745	0.045793633499999986	-0.0121325378	0.0792033756	0.0770187042	0.0734221124	0.0684795334	-0.021868000000000002	0.032180400000000005	0.040536699999999995	-0.000784359	0.000399025	-0.00031626099999999997
0.13592425	0.0071821973	-0.100123094	0.0396196033	0.0266379595	0.023991906	-0.0030764889	0.07909100570000001	0.0765736605	0.0724372672	0.0667692842	-0.028069999999999998	-0.032194299999999995	-0.00183255	-0.000513941	0.000300329	-0.000406713
0.14167971999999998	0.0092272902	0.0974668454	0.0295875777	-0.0064479217	0.0064941511	0.015975821299999998	0.0789706681	0.0760977612	0.0713867496	0.06495142570000001	-0.011655500000000001	0.025995599999999997	0.0394652	-0.000513941	9.2527e-05	-9.896360000000001e-05
0.14483343999999998	0.0353973104	-0.092777498	-0.0005536296	-0.0307625714	0.0395896603	0.012676873799999998	0.0788423748	0.07559119780000001	0.0702715121	0.0630288878	-0.0116995	-0.0366086	-0.00730997	-0.00025111	0.000166318	-0.000470543
0.11791617	-0.0456939103	0.08767495310000001	-0.0397137577	-0.0196661395	-0.0537438695	0.0087551245	0.0787061389	0.0750541746	0.0690925657	0.061004769	-0.011671700000000002	0.0151453	0.027932599999999995	-0.000513941	0.000160227	-0.000121627
0.130043165	0.0725776684	-0.1026841771	-0.1014350163	0.0011476964	0.0104162295	-0.0106194254	0.0785619741	0.0744869079	0.0678509792	0.0588823313	-0.0187528	-0.0245345	-0.0161906	7.89933e-05	0.00011677	-0.000268417
0.094220885	-0.0844271236	0.0257902914	-0.0494658658	0.0152785631	-0.1003296259	0.0176787606	0.0784098948	0.07388962639999999	0.0665478783	0.0566649955	-0.011702200000000001	-0.0110428	0.011511799999999999	-0.000424742	4.64167e-05	7.701810000000001e-05
0.06549250449999999	0.06103503070000001	-0.0386506698	-0.08658618539999999	0.0249060092	-0.0413728193	-0.0413656331	0.0782499164	0.0732625707	0.0651844444	0.0543563352	-0.00172243	-0.00100314	-0.000700122	2.2807499999999997e-06	0.00011677	-9.08289e-05
0.07908601449999997	-0.0650881021	0.0008766536	0.0260735928	0.0299698156	-0.0026262106	-0.0546661142	0.078082055	0.0726059935	0.0637619136	0.051960071	-0.0117179	-0.020180200000000002	0.0115037	-0.00071158	0.00011677	-5.0496400000000013e-05
0.06562570999999999	0.0516526641	-0.0127382322	0.0230661022	0.0665750943	0.0227143205	0.0346315955	0.0779063275	0.0719201593	0.062281575599999986	0.0494800651	-0.00133464	-0.0127756	0.00316844	-0.000104807	-5.3519399999999994e-05	-3.7507e-05
0.08446965499999999	-0.0741928696	-0.0042288103	0.0595685909	0.0056550308	0.0388049894	0.0193808777	0.0777227516	0.0712053446	0.0607447724	0.0469203142	-0.00669995	-0.0239035	0.027526299999999997	-0.000735952	0.00011677	3.3430300000000004e-05
0.07525703500000001	0.0601892174	0.0052007886	-0.026379782	0.104371587	0.0257661926	0.0033632381	0.07753134589999999	0.07046183730000001	0.0591528974	0.0442849438	-0.00477773	0.0101909	0.0115115	-0.000405606	0.00011677	-0.000100736
0.07688177	-0.086681787	-0.0408115557	-0.027650761800000003	0.1070497338	-0.011086855	-0.0400717079	0.0773321295	0.06968993700000001	0.0575073938	0.0415782013	-0.011720800000000005	-0.0307055	-0.00504358	-0.000513941	0.000237498	-8.00546e-05
0.08271263499999998	0.0671362222	0.0508358185	0.0118591193	0.0697219697	-0.0020500759	0.0015871092	0.0771251226	0.06888995490000001	0.0558097533	0.038804449	-0.011710000000000005	0.0086565	0.0040527	-7.3943e-05	0.00011677	4.40905e-05
0.08117288999999997	0.0100945678	-0.0845597843	0.0828060936	-0.0748556038	-0.0240690262	0.0503394114	0.07691034599999999	0.0680622132	0.0540615151	0.0359681572	-0.011714299999999999	-0.04118	0.00274909	-0.000374029	-5.3519399999999994e-05	-8.610370000000001e-05
0.12290846	0.0480242691	0.072520082	0.083868155	-0.1001309546	-0.0036198775	0.0077869988	0.0766878214	0.06720704549999999	0.0522642642	0.0330738971	-0.00851111	0.017681799999999998	0.0248238	0.00011473299999999999	0.00011677	3.0220100000000002e-05
0.116529195	-0.011924245	-0.0797090206	0.0362393457	-0.0613565213	0.054608591500000005	0.0302216998	0.07645757110000001	0.0663247964	0.05041963	0.0301263332	-0.0117115	-0.0456123	0.0115164	-0.000344991	0.00011677	-0.000244602
0.111844985	-0.0428273328	0.0753820637	-0.006433408000000001	0.0211721459	0.0106357742	0.0681504715	0.0762196185	0.06541582139999999	0.0485292848	0.0271302159	-0.00693887	0.0134107	0.0359405	-0.00017726	0.00011677	6.01721e-05
0.0928319475	0.040940801	-0.06677262190000001	-0.0584806109	0.0177232381	0.0576027313	0.0751881935	0.0759739873	0.0644804868	0.046594942400000006	0.024090374	-0.0117243	-0.0341595	0.00931395	-1.21625e-06	0.00011677	-4.07795e-05
0.034212792500000005	-0.06769510990000001	0.0163810658	-0.025126122400000003	0.0207264272	-0.0507294791	0.0799193633	0.0757207024	0.0635191694	0.044618356500000005	0.0210117067	-0.0117124	-0.020949900000000004	0.011513700000000002	-0.000287077	0.00011677	4.91906e-05
0.06547739999999999	0.0943837984	-0.0216598081	-0.0153620224	-0.0393065016	-0.0087072417	0.0544924209	0.0754597894	0.0625322567	0.0426013192	0.0178991758	-0.011710000000000005	-0.00566955	-0.00457315	0.00020449999999999998	-5.3519399999999994e-05	2.8901e-05
0.091861985	-0.0587913434	-0.0281110812	0.0080968507	-0.0722215491	-0.0656324898	0.0215869175	0.07519127440000001	0.0615201462	0.0405456591	0.0147577975	-0.0158906	-0.038283099999999994	0.011525299999999999	-0.00022627099999999998	0.00019229299999999998	-7.39033e-05
0.08459236	0.0550474034	0.0148432556	-0.0255773632	-0.0284886792	-0.0334240991	0.0520056304	0.0749151845	0.060483246	0.038453239900000005	0.0115926346	-0.0117006	0.017896400000000003	0.0115057	-2.12631e-05	0.00011677	0.000129631
0.062085395	-0.0488127829	-0.0211470767	0.0389539127	-0.0257995977	0.0205430315	0.0419811881	0.0746315476	0.0594219737	0.0363259585	0.0084087885	-0.0185322	-0.023097299999999998	0.011517399999999999	-0.000280506	0.00011677	0.000103906
0.07589967	0.0605516614	0.0268129129	0.0029691796999999995	0.0460708027	0.0087456513	0.0911335946	0.0743403923	0.058336757	0.0341657437	0.0052113902	-0.0267775	0.00921858	0.0157548	4.44563e-05	0.000336906	2.69825e-05
0.08197406999999997	-0.0443065845	-0.0754575964	0.0687937992	-0.0239057373	-0.0168084974	0.1033387896	0.0740417477	0.0572280333	0.0319745538	0.002005593	-0.030652600000000002	-0.0375985	0.0115169	-0.000290763	0.000414172	-0.00010141200000000001
0.116570455	0.0738534245	0.0635880848	0.0646479662	-0.0130416178	0.005853507900000001	0.0315537513	0.0737356442	0.0560962492	0.0297543755	-0.0012034366	-0.029502099999999996	0.0199651	0.0187863	0.000230636	0.00011677	9.152610000000001e-05
0.14841529999999994	0.015189656200000004	-0.1172766667	0.123120967	-0.0294912061	-0.0399072908	0.05293526	0.0734221124	0.0549418609	0.0275072215	-0.0044105266	-0.0330417	-0.0462521	-0.0116877	-9.32809e-05	0.000419088	-0.00024592900000000004
0.135123375	-0.0293177627	0.0297168302	0.0765687371	0.074146518	0.0407222188	-0.0567409982	0.07310118389999999	0.0537653335	0.0252351292	-0.007610508399999999	-0.0169103	0.00418557	0.018653799999999998	-0.000290722	0.00011677	1.8568e-05
0.12638397	-0.005784821	-0.08275648	-0.0329779071	0.0429000906	-0.0382873531	-0.0664628264	0.0727728912	0.052567141100000006	0.0229401584	-0.0107982247	-0.0243795	-0.032863199999999995	-0.013025900000000005	0.000160995	0.00038605800000000016	-0.000264153
0.15531676	-0.0415419292	0.0583540071	-0.0429597916	0.012980753700000002	-0.0180638248	-0.0437573501	0.0724372672	0.0513477665	0.0206243899	-0.0139685379	-0.0136653	0.0160735	0.028666700000000007	-0.00031492099999999996	0.00011677	7.01082e-05
0.12326770199999999	0.0224669559	-0.0274288747	-0.0543929826	0.0103399421	-0.0556208673	-0.0123036975	0.0720943458	0.050107701	0.0182899231	-0.0171163386	-0.0169137	-0.0198121	0.000918558	0.000255332	0.000287094	-0.000317026
0.10797953199999999	-0.0260807296	0.0581106895	0.0249995123	0.0193844977	0.0006210113	-0.0359027217	0.0717441615	0.0488474444	0.0159388744	-0.0202365536	-0.016915400000000004	0.018410299999999998	0.0254783	-0.000247729	0.000171337	-3.19302e-05
0.09397026499999996	0.0467645198	-0.0453434639	0.0301103996	0.0207043281	0.0703306163	-0.0085481879	0.0713867496	0.0475675045	0.0135733754	-0.0233241543	-0.016913400000000002	-0.0240766	0.00714702	8.68289e-05	0.000256032	-0.00027567900000000003
0.106437995	-0.0743392736	0.0395652243	0.0614160083	0.0579651785	0.0058505015	0.0573162683	0.0710221462	0.046268397	0.0111955706	-0.0263741644	-0.0169217	0.00450743	0.0369966	-0.000513941	0.00011677	-5.57892e-05
0.10358244	0.0330420799	-0.0146589634	-0.0630251533	0.0945129556	0.0035196269	-0.0317425255	0.0706503878	0.0449506455	0.0088076158	-0.0293816684	-0.0169365	-0.00616876	-0.00198994	0.000367698	0.00024410099999999999	1.3339e-05
0.058807505	-0.07585343259999999	0.027226584900000003	-0.1141446257	0.0233234529	-0.0454473835	0.006177827	0.0702715121	0.0436147809	0.006411676	-0.0323418192	-0.0169317	-0.008454899999999998	0.015215200000000003	-0.000337491	0.00028473	5.37495e-05
0.086206375	0.084944739	0.013902726	-0.0845627128	-0.0011943849	-0.0674167706	0.0475795704	0.0698855571	0.0422613414	0.0040099232	-0.0352498461	-0.0230963	0.00347354	-0.00232166	0.000518738	0.000213232	0.00013755200000000001
0.065782855	-0.0123741705	-0.0372481991	0.0443383279	-0.0524884514	-0.1177497753	-0.0317820307	0.06949256179999999	0.0408908726	0.001604535	-0.0381010623	-0.024832299999999998	-0.0135145	0.00970596	2.44075e-05	0.000236139	-4.5834399999999996e-05
0.100032055	0.101914229	0.0234437516	0.0540728543	-0.0096613004	-0.0860153019	-0.0461132619	0.0690925657	0.0395039266	-0.0008023078999999999	-0.0408908726	-0.0169657	0.015803	-0.0149341	0.00056428	0.00025587	0.00015872
0.10154828	-0.069395431	-0.042202933600000006	0.04700371230000002	-0.0474373879	-0.0342689711	-0.0706057494	0.0686856091	0.0381010623	-0.0032084234000000003	-0.0436147809	-0.016956799999999998	-0.0190955	0.0142414	-5.68e-05	0.00024898	3.7382399999999996e-05
0.08032997500000001	0.0375508733	0.1079364086	0.0046115025	-0.0187169245	0.0040243334	-0.08718827859999999	0.068271733	0.0366828449	-0.0056116301	-0.046268397	-0.016935299999999997	0.0391084	0.021122400000000003	8.86441e-05	0.000260472	-0.00011015299999999999
0.14743944500000006	0.007164316	-0.0868276702	-0.0097364492	0.0208273938	0.0080503093	-0.0253199411	0.0678509792	0.0352498461	-0.0080097493	-0.0488474444	-0.028964999999999998	-0.030580700000000002	-0.021098500000000003	0.000195308	0.000327242	-0.000406714
0.110250975	-0.0277413784	0.0818420893	0.0833998025	0.0582936545	-0.0025224712	0.0181488661	0.06742339	0.0338026431	-0.0104006067	-0.0513477665	-0.0315962	0.0154798	0.014722299999999999	2.44075e-05	0.000183629	-0.000206458
0.081426435	0.07960876139999999	-0.0383231006	0.0183099381	0.0362862637	0.0455540174	0.0192702132	0.0669890084	0.0323418192	-0.0127820349	-0.0537653335	-0.0246392	-0.00200306	-0.010400200000000002	0.000369566	0.00046673900000000003	-0.000197445
0.0788132945	-0.0755474565	-0.0106573687	0.0173447628	0.0310729488	-0.025293392	-0.054202666	0.0665478783	0.030867963	-0.0151518747	-0.0560962492	-0.021469400000000003	-0.021236599999999998	0.00023249799999999998	-0.00015957799999999998	0.000285198	7.41513e-06
0.08601932849999999	0.0652202296	0.0364361691	-0.0683044683	-0.0012083944	-0.0277551971	-0.016673628200000002	0.0661000441	0.0293816684	-0.0175079777	-0.058336757	-0.01906	0.0266584	0.00339802	0.000290221	0.000224427	-0.000133003
0.094853985	-0.0575247992	-0.0424012661	-0.0810607928	0.0013440476	-0.0404484021	0.0244834365	0.06564555080000001	0.0278835343	-0.0198482077	-0.060483246	-0.0252236	-0.0332698	0.0016194000000000002	7.490229999999999e-05	0.00046673900000000003	-5.09624e-05
0.10447252	0.0161487815	0.0631917267	-0.0652215582	-0.0033151096000000003	-0.0463773576	0.0035244595	0.0651844444	0.0263741644	-0.0221704431	-0.0625322567	-0.022377900000000003	0.0232699	0.0237135	0.000315672	0.000320978	2.2367300000000002e-05
0.106135735	0.0128934317	-0.0702827876	-0.007483485	-0.0043692754	-0.0297641542	0.0193042645	0.0647167712	0.0248541669	-0.0244725786	-0.0644804868	-0.0204485	-0.0361866	-0.014305600000000003	0.000293145	0.000355676	-5.50224e-05
0.10767035499999998	-0.0115943671	0.0450922336	0.0533588556	-0.0073309251	0.0155382792	-0.0177510726	0.0642425783	0.0233241543	-0.026752527	-0.0663247964	-0.019533599999999998	0.0159304	0.0235687	2.44075e-05	0.000314359	-8.0251e-05
0.09850673	0.0025629389	-0.0475873543	-0.0215702217	0.0113248525	0.044467598600000005	-0.0696255574	0.0637619136	0.0217847431	-0.0290082213	-0.0680622132	-0.021500799999999997	-0.030197700000000008	-0.00416974	-0.000145882	0.00046673900000000003	5.053930000000001e-05
0.1148376	-0.0552533276	0.08299879	-0.0273397517	-0.0104087802	0.0408543985	-0.0214361524	0.0632748254	0.0202365536	-0.0312376164	-0.06968993700000001	-0.0199523	0.0272346	0.0361504	2.44075e-05	0.00046673900000000003	-8.99044e-05
0.110947375	0.0030445033	-0.026235963	-0.0994902834	0.0220391175	0.107405524	-0.0187367828	0.0627813628	0.0186802098	-0.0334386912	-0.0712053446	-0.0309502	-0.0277398	0.00431223	-0.000217551	0.00046673900000000003	-0.00011068400000000005
0.118478545	-0.0936408166	0.1039825822	0.0373278676	0.0079891822	0.0306136492	0.0445898257	0.062281575599999986	0.0171163386	-0.035609450099999995	-0.0726059935	-0.0234341	0.020761	0.05106	-0.000447434	0.00046673900000000003	-2.62895e-05
0.156765905	0.1458874056	-0.0131155309	0.0080098601	0.0415433503	0.1061953252	0.0620905338	0.061775514	0.0155455703	-0.037747925	-0.07388962639999999	-0.025253900000000003	-0.0194295	-0.00700023	0.000606093	0.00046673900000000003	-0.00010667
0.091053565	-0.0543205031	-0.104133503	0.1184214107	0.0518881253	-0.0761457562	0.0998915789	0.0612632291	0.0139685379	-0.0398521774	-0.0750541746	-0.0375658	-0.0450126	-0.0224467	0.000127901	0.000205855	-9.15041e-05
0.08817586499999999	0.0819357519	0.0303824419	0.08118555599999999	0.07393951780000001	0.0132305657	-0.0327395177	0.0607447724	0.0123858767	-0.0419202993	-0.0760977612	-0.0345066	0.0162403	-0.0102551	0.00035229099999999996	0.000200974	-8.733179999999997e-05
0.0925121225	-0.0843114309	-0.0545216393	0.0480016389	0.008082466600000001	0.014307228	-0.0588599046	0.0602201963	0.0107982247	-0.0439504158	-0.0770187042	-0.0375514	-0.0319425	-0.020562200000000003	3.7283499999999996e-06	0.00046673900000000003	-8.2111e-05
0.1579663075	-0.0184934206	0.1132376706	-0.0421196405	-0.0538430625	0.1076643209	-0.0729282684	0.0596895534	0.0092062214	-0.0459406864	-0.0778155195	-0.021874599999999998	0.0198893	0.039142	-2.2563800000000002e-05	0.000154777	0.000194705
0.1369735735	0.011297241	-0.0511596151	-0.015947256599999998	-0.0219756628	0.0234098255	-0.0019114483	0.0591528974	0.007610508399999999	-0.0478893067	-0.0784869228	-0.0375622	-0.0229595	-0.0156236	0.000170342	0.000248503	7.90533e-06
0.0857377035	-0.0136447823	0.0544250925	0.0273307489	-0.0700222729	0.0444078792	-0.0378369022	0.0586102822	0.0060117288	-0.0497945101	-0.0790318321	-0.030578300000000006	0.00153211	0.012210799999999999	4.97758e-05	0.000107207	0.000274599
0.102413345	0.0629107627	-0.0219352638	0.0536545625	-0.1309240874	0.0275226448	-0.0448684177	0.0580617626	0.0044105266	-0.0516545692	-0.0794493692	-0.0240363	-0.0229274	-0.0132981	0.000475826	0.00035324699999999995	2.8630500000000013e-05
0.057974242	-0.0221531326	-0.0011691549	0.0311179199	-0.0911275294	0.0080287837	-0.05682530490000001	0.0575073938	0.0028075473	-0.0534677978	-0.0797388611	-0.0297171	-0.013228	-0.000657884	-2.25152e-06	0.00046673900000000003	2.11235e-05
0.045344500999999995	0.0144629568	-0.008140526300000001	-0.0500510702	-0.0947644618	0.0545574851	-0.0226691489	0.0569472315	0.0012034366	-0.0552325519	-0.0798998413	-0.030900999999999998	-0.00274471	0.00996748	0.000281859	0.000306808	4.12608e-06
0.05097175599999999	-0.0956595028	0.0080522672	-0.0761631298	-0.045373912	0.0736086414	0.0154491902	0.05638133240000001	-0.000401159	-0.0569472315	-0.0799320503	-0.03753	-0.0108575	0.0125555	-0.000111529	0.00046673900000000003	0.00012364600000000002
0.039692000000000005	0.0118178419	0.0626846309	-0.1084475644	-0.0665917536	0.091722169	0.079610834	0.0558097533	-0.002005593	-0.0586102822	-0.0798354362	-0.029759800000000006	0.007181699999999998	0.0134388	0.00014005200000000002	0.00046673900000000003	0.000115241
0.08699893000000003	-0.07364665769999999	-0.0405330175	-0.070255697	-0.061993646	0.0394306424	0.08243734929999999	0.0552325519	-0.0036092188	-0.0602201963	-0.0796101548	-0.037560699999999995	-0.0316572	0.00250392	-0.000111529	0.000192439	0.000177845
0.09276671899999996	0.0201486387	0.08232368309999999	-0.0563609388	-0.1076079043	0.011615586200000002	0.0692365906	0.0546497862	-0.0052113902	-0.061775514	-0.079256569	-0.0304305	0.0237522	0.0007134960000000001	0.000168623	2.3551100000000002e-05	0.00029753900000000004
0.07013294099999999	-0.0029469418	-0.0568859322	-0.0360959861	-0.0777953904	0.0420268368	0.0018690464	0.0540615151	-0.0068114617	-0.0632748254	-0.0787752489	-0.030363599999999998	-0.0335728	-0.00243935	0.00019617099999999998	0.000118765	0.000228537
0.08620189999999997	-0.0234841742	0.0559095626	-0.0317743658	-0.0888961348	-0.0001524476	0.015801481200000002	0.0534677978	-0.0084087885	-0.0647167712	-0.07816697	-0.0293168	0.011008	0.013757399999999998	0.00014600100000000001	-0.000281247	0.000191168
0.207219915	0.0036371185	-0.067405516	-0.1742762071	0.0125999842	0.08428148490000001	0.0652365267	0.052868694	-0.0100027269	-0.0661000441	-0.0774327128	-0.047249900000000004	-0.0598487	-0.019487400000000002	4.2472700000000004e-05	0.00072105	-0.000406713
0.15060382	-0.005505589399999999	-0.053297426	-0.0427174811	0.1334825401	-0.2964191271	0.2064467693	0.0522642642	-0.0115926346	-0.06742339	-0.0765736605	-0.0376115	-0.0226425	-0.0606769	0.000789943	0.000757535	6.0726099999999994e-05
0.145404905	0.043071748	0.0120902398	0.0352695386	-0.1035746604	0.0540104763	-0.1280142765	0.0516545692	-0.0131778711	-0.0686856091	-0.07559119780000001	-0.0483631	0.026465499999999996	-0.00485085	0.000913242	0.000648846	-0.000301671
0.112605475	-0.0646908033	-0.0032371647	0.0658387005	0.0085133546	0.0266212995	-0.0441342903	0.0510396705	-0.0147577975	-0.0698855571	-0.0744869079	-0.0464522	-0.0379561	-0.00912835	0.000652873	0.000331133	-3.98435e-05
0.117232875	0.0200392031	0.038308611	0.0670779752	0.0694638418	0.0394831264	-0.039529085	0.05041963	-0.0163317771	-0.0710221462	-0.0732625707	-0.0351608	0.0230561	0.0110473	0.000501104	0.00046673900000000003	-0.000247541
0.09609255	0.0024758898	-0.0266885392	-0.0607520076	0.0865371611	-0.0191496365	-0.055502399800000005	0.0497945101	-0.0178991758	-0.0720943458	-0.0719201593	-0.0375308	-0.0177269	-0.018147200000000002	0.0008168319999999998	0.00046673900000000003	-0.000406714
0.037690279999999986	-0.062056968	0.0295165902	-0.0599035128	0.0581412796	-0.0478855822	-0.026894272	0.0491643739	-0.0194593619	-0.07310118389999999	-0.07046183730000001	-0.0375308	-0.00708656	-0.00688366	0.000501104	0.00046673900000000003	-0.000406714
0.05316407999999999	0.0741525597	0.0109416871	-0.0366614684	0.0367162984	-0.0840185144	0.005445315500000001	0.0485292848	-0.0210117067	-0.0740417477	-0.06888995490000001	-0.0375321	-0.0113451	-0.018009599999999997	0.00108638	0.000296449	-0.000406714
0.08267638	-0.0214741685	-0.0419518913	0.0827919619	-0.0312361814	0.0108624695	-0.0320408238	0.0478893067	-0.0225555848	-0.0749151845	-0.06720704549999999	-0.037530900000000006	-0.027589999999999996	0.00282563	0.00029450200000000003	0.000416472	-0.000406714
0.11358468	0.1083119014	0.0178247384	0.1059124502	0.0169202325	-0.0590071547	-0.0101381543	0.0472445043	-0.024090374	-0.0757207024	-0.06541582139999999	-0.0375223	0.0015558	-0.030328700000000007	0.00114192	0.00046673900000000003	-0.000534548
0.09683220000000001	-0.0635246551	-0.0643499386	0.0885135275	-0.0274971931	0.0424461954	-0.1018797169	0.046594942400000006	-0.0256154559	-0.07645757110000001	-0.0635191694	-0.037505699999999996	-0.030260200000000008	-0.0079301	0.000501104	0.0005215490000000001	-0.0006909419999999999
0.08076084999999998	0.0412603685	0.0741018856	0.0312146782	0.0614887804	-0.0330046279	-0.0894254025	0.0459406864	-0.0271302159	-0.0771251226	-0.0615201462	-0.0375023	0.0157589	-0.0146243	0.00095842	0.00046673900000000003	-0.000642185
0.08306380000000001	-0.0156182714	-0.0834168707	0.0275711535	0.0609891804	0.0365982553	-0.0447554016	0.0452818024	-0.0286340436	-0.0777227516	-0.0594219737	-0.037511199999999995	-0.039793199999999994	-0.023477	0.000615326	0.00046673900000000003	-0.000672093
0.07729962	0.010450457	0.0643047555	0.0627352585	0.1019632987	-0.0190932725	0.018249823	0.044618356500000005	-0.0301263332	-0.0782499164	-0.0572280333	-0.0374955	0.008916119999999998	-0.0119795	0.0007955289999999999	0.00046673900000000003	-0.0008334319999999999
0.06766387000000001	0.0105437377	-0.08725893650000001	-0.0123301943	0.0202760438	0.0264150685	-0.0987636883	0.0439504158	-0.0316064831	-0.0787061389	-0.0549418609	-0.0354203	-0.0303197	-0.0227394	0.0008023069999999999	0.000573588	-0.0006352
0.10453626	-0.0140346827	0.1017392212	-0.032401310600000004	0.0155003225	-0.1081079797	-0.0026556795	0.0432780475	-0.0330738971	-0.07909100570000001	-0.052567141100000006	-0.037501400000000004	0.0226886	-0.00126549	0.000597281	0.000410001	-0.000444354
0.09402936	0.0523549997	-0.0582553905	-0.0674863571	-0.035811005099999994	0.0269150073	0.0087130396	0.0426013192	-0.0345279838	-0.0794041677	-0.050107701	-0.03750440000000002	-0.0140738	-0.0199713	0.00100994	0.00062829	-0.0005845690000000001
0.05019919	-0.0344757214	0.0567740772	0.0016871878	0.0174032402	-0.1301417209	0.0502256223	0.0419202993	-0.0359681572	-0.079645341	-0.0475675045	-0.044596	-0.00532636	-0.011605500000000001	0.00071479	0.00046673900000000003	-0.000521383
0.06698021	0.1113851183	-0.0349968704	0.0387085093	-0.0851723531	-0.06603685299999999	0.0231342834	0.0412350562	-0.0373938371	-0.0798143071	-0.0449506455	-0.0375148	0.0115885	-0.0197891	0.00117833	0.000284325	-0.000471326
0.05331265	-0.0273765755	0.0160989089	0.06835503650000001	-0.0963231563	-0.0438421915	-0.0423377967	0.0405456591	-0.038804449	-0.0799109126	-0.0422613414	-0.0375095	-0.0147885	-0.020633000000000002	0.000976962	0.000138415	-0.0006457769999999999
0.08539676	0.0439084453	-0.0168312244	0.0168138891	-0.0362882678	0.0407874993	0.0349151731	0.0398521774	-0.0401994245	-0.07993507009999999	-0.0395039266	-0.026593099999999998	0.007409619999999999	-0.00126941	0.00114834	0.00046673900000000003	-0.000487106
0.07045663999999999	-0.0805420615	0.0192738922	0.0015091873	0.046046202300000005	0.08980951779999999	0.0649117742	0.0391546809	-0.0415782013	-0.0798867576	-0.0366828449	-0.0319442	-0.0219438	0.00833991	0.000637111	0.00046673900000000003	-0.000498733
0.05875504	0.0127405106	-0.0136747529	-0.0195115831	0.1166469313	0.0621536464	0.1219474297	0.038453239900000005	-0.0429402241	-0.0797660189	-0.0338026431	-0.0289053	0.00642102	0.00705919	0.00112304	0.00046673900000000003	-0.00046325
0.06885562	-0.0583944409	-0.0132907711	0.0264406433	0.087709896	0.0404073942	0.0429740004	0.037747925	-0.0442849438	-0.0795729635	-0.030867963	-0.0309524	-0.028266700000000002	0.00748974	0.000501104	0.00046673900000000003	-0.00047511900000000003
0.09513312	0.0707245392	-0.0048247278	0.0169801822	0.0377971017	-0.020491716	0.08850873210000001	0.037038807400000005	-0.0456118188	-0.0793077664	-0.0278835343	-0.0279476	0.00131181	-0.00340032	0.00107866	0.000198965	-0.0006629839999999999
0.08725091999999998	-0.0380269608	-0.015731604099999998	0.0212360898	-0.005255949	0.0035960727000000007	0.0301126754	0.0363259585	-0.0469203142	-0.0789706681	-0.0248541669	-0.027026099999999997	-0.0369377	-0.00126341	0.000553041	0.000413936	-0.000484714
0.09017738	0.027973627400000003	0.0241884903	-0.0196190088	-0.0016159204999999998	-0.026804344700000003	0.017934842700000002	0.035609450099999995	-0.0482099028	-0.0785619741	-0.0217847431	-0.0313969	0.00673793	0.00263264	0.00106009	0.000593342	-0.000562957
0.07354639	-0.0678560443	-0.0072957676	-0.0511549171	0.0117783748	-0.0050368488	0.0106740209	0.0348893543	-0.0494800651	-0.078082055	-0.0186802098	-0.0296209	-0.0174039	0.011501299999999999	0.000501104	0.00046673900000000003	-0.000473348
0.06663711	0.0514676256	0.0251345176	-0.1129922856	0.068140918	-0.06408252519999999	0.0210713523	0.0341657437	-0.0507302891	-0.07753134589999999	-0.0155455703	-0.027026299999999996	0.015916399999999997	-0.00125871	0.0007955059999999998	0.00046673900000000003	-0.000408506
0.09738256999999996	-0.0850671633	-0.054964091900000005	-0.0744974955	0.030270667400000006	-0.013373037	-0.0280854924	0.0334386912	-0.051960071	-0.07691034599999999	-0.0123858767	-0.024031200000000003	-0.0322717	0.009995960000000005	0.000291717	0.000296449	-0.00038369099999999997
0.09966117	0.0370850608	0.0678880605	-0.0369000987	0.109406198	-0.0198410999	-0.0406130004	0.03270827	-0.0531689154	-0.0762196185	-0.0092062214	-0.0270128	0.0187136	0.00150404	0.000712246	0.00046673900000000003	-0.0005369190000000001
0.0831906	-0.0101508224	-0.0820133322	0.0308228094	0.0395871626	0.0303268761	0.0375251947	0.0319745538	-0.0543563352	-0.0754597894	-0.0060117288	-0.0309565	-0.04776880000000002	0.00438914	0.0007515610000000001	0.00046673900000000003	-0.000695192
0.10338996	0.0197343176	0.0765303042	0.0755867047	-0.0579916608	-0.0536791178	0.0560314795	0.0312376164	-0.0555218517	-0.0746315476	-0.0028075473	-0.029866300000000002	0.020880799999999998	0.0123405	0.000858265	0.00022915400000000002	-0.000525505
0.10562403	0.092708359	-0.0402475151	0.07881609469999999	-0.0882182309	0.0161100336	0.0500716551	0.0304975321	-0.0566649955	-0.0737356442	0.000401159	-0.0374945	-0.0206542	-0.00117518	0.00134995	0.000288445	-0.0008334319999999999
0.06191974	-0.0631322116	-0.0198682386	0.1079630901	-0.049294723099999986	-0.0173585063	0.0482675574	0.0297543755	-0.0577853059	-0.0727728912	0.0036092188	-0.0322051	-0.00775264	0.00755925	0.0009499280000000001	0.000223555	-0.0005984569999999999
0.081107625	0.0513694279	0.0409611072	0.0754021529	0.0301023916	0.0416948703	0.015353616100000004	0.0290082213	-0.0588823313	-0.0717441615	0.0068114617	-0.0269681	0.0320049	-0.00117697	0.00122037	7.61677e-05	-0.000728165
0.090850965	-0.0310877553	-0.06339415400000001	0.0626487833	0.08110522440000001	0.040172494	0.0063697676	0.0282591448	-0.059955629800000014	-0.0706503878	0.0100027269	-0.0375092	-0.018908	-0.00361757	0.000998362	0.00035617099999999996	-0.0006910489999999999
0.08535856999999998	0.016779492	0.0810534541	0.0948925458	0.0507377745	-0.005713815600000001	-0.0140653655	0.0275072215	-0.061004769	-0.06949256179999999	0.0131778711	-0.0375041	0.040229900000000006	0.013931799999999998	0.000952632	0.000322843	-0.000596783
0.08834472000000003	0.07906906849999999	-0.07544160059999999	0.06575063910000001	0.0010194855	0.0293151169	-0.0129527082	0.026752527	-0.0620293259	-0.068271733	0.0163317771	-0.0375199	-0.0165537	-0.0011958200000000006	0.00115262	0.000412295	-0.000557869
0.05134487	-0.0469521565	0.0020002347	0.13957320480000002	0.0436190807	-0.0838634496	-0.011071758300000002	0.0259951375	-0.0630288878	-0.0669890084	0.0194593619	-0.0327787	-0.00016831	-0.0011872400000000006	0.000723188	0.000338765	-0.000659101
0.07105283999999999	0.070065037	0.0217422822	0.0097945549	0.0345305497	0.024433838500000003	-0.1348840583	0.0252351292	-0.06400305190000001	-0.06564555080000001	0.0225555848	-0.0260082	0.0331783	-0.00910127	0.00103925	0.00046673900000000003	-0.000642703
0.09183968	-0.08064294059999999	-0.041155669	-0.1194587455	0.0519243249	-0.0940303501	-0.0243455148	0.0244725786	-0.06495142570000001	-0.0642425783	0.0256154559	-0.0321735	-0.026704000000000002	-0.00120724	0.00084771	0.0006222819999999999	-0.000653581
0.07900209999999999	0.018395656	0.042187310599999986	-0.07805348940000001	-0.0186161184	-0.0141510097	-0.026106457000000003	0.0237075627	-0.065873627	-0.0627813628	0.0286340436	-0.031091700000000007	0.028445599999999995	-0.00119164	0.000834937	0.00046674	-0.00036679400000000004
0.06642749999999999	0.0251707413	-0.0188994169	-0.0289557275	-0.06162815820000001	-0.1156787667	0.0171814531	0.0229401584	-0.0667692842	-0.0612632291	0.0316064831	-0.0319768	-0.02625	-0.00118534	0.0008876249999999999	0.00046674	-0.000530916
0.08829233999999997	0.0243997481	0.0050695997	0.0403790104	-0.1325203284	-0.0051822699	-0.1118874157	0.0221704431	-0.0676380363	-0.0596895534	0.0345279838	-0.0290743	0.0209163	0.031080200000000002	0.0007829529999999998	0.00046674	-0.000545404
0.10777109	0.0129838937	-0.043330845	0.0026916952	-0.0286876167	-0.045637286500000006	-0.0587122586	0.0213984944	-0.0684795334	-0.0580617626	0.0373938371	-0.028379900000000007	-0.035916199999999995	-0.00809979	0.000834937	0.00046674	-0.0007147039999999999
0.09997119	-0.0196855747	-0.0087012181	-0.0022824231	-0.0690024383	-0.023567589	-0.0808066969	0.0206243899	-0.0692934363	-0.05638133240000001	0.0401994245	-0.020828299999999998	0.018000799999999997	0.0118773	0.000737957	0.00046674	-0.000441174
0.08563095000000001	-0.0489195887	0.0142359729	-0.1318194709	-0.044104805700000006	0.0505642699	-0.008339879	0.0198482077	-0.0700794171	-0.0546497862	0.0429402241	-0.020837099999999997	-0.021256200000000003	0.0215734	0.00032532	0.000704548	-0.00035823800000000004
0.06972160000000001	-0.0385447961	0.0397595229	-0.0971068655	-0.0483078553	-0.0034532841	0.0249709311	0.019070026	-0.07083715900000001	-0.052868694	0.0456118188	-0.021996900000000003	0.0328591	0.021636900000000004	0.00026051	0.0008689219999999999	-0.000416714
0.07041085000000001	-0.0265485936	-0.0166899712	-0.1491753388	-0.043356091	0.089682549	-0.0176808077	0.0182899231	-0.0715663568	-0.0510396705	0.0482099028	-0.024184999999999998	-0.0229468	0.0215918	0.000379106	0.000765535	-0.00039126199999999997
0.11305784	-0.035785835499999995	0.0256698956	-0.0306531392	0.016411236699999998	-0.0526859764	-0.0345869476	0.0175079777	-0.07226671650000001	-0.0491643739	0.0507302891	-0.0140941	0.036763300000000006	0.00327251	0.00052288	0.000528275	-0.000508979
0.11221005	-0.0030255734000000003	-0.0147786094	-0.038255539	0.0405775479	0.1374179128	-0.0264113882	0.016724268400000002	-0.072937956	-0.0472445043	0.0531689154	-0.0254213	-0.026164599999999996	0.00910886	0.000159254	0.00044799	-0.00070744
0.07367539	-0.0306341736	0.0218879314	0.0471475649	-0.0285452458	-0.0605883327	0.1215798701	0.0159388744	-0.07357980480000001	-0.0452818024	0.0555218517	-0.0260678	0.022590400000000004	0.012855000000000002	0.00046904300000000004	0.000477792	-0.000636476
0.06715074	0.0084667357	0.0311615482	-0.0879522623	-0.0796612975	0.1301929418	-0.0407427821	0.0151518747	-0.0741920043	-0.0432780475	0.0577853059	-0.0301373	-0.00676554	0.023717500000000002	0.000217536	0.00048658400000000003	-0.0008334329999999999
0.060778659999999984	-0.0484964597	0.008454874499999999	-0.0601528938	0.0026658554	-0.1136969744	0.046064901	0.0143633485	-0.0747743077	-0.0412350562	0.059955629800000014	-0.0250331	0.00360567	0.011075	0.0007378229999999998	0.000563394	-0.000777315
0.04694186	0.0017609104999999996	-0.002846162	-0.005104052800000001	-0.005451647	0.1852928613	-0.0449322301	0.0135733754	-0.0753264804	-0.0391546809	0.0620293259	-0.0237673	0.00363391	0.0216002	9.14886e-05	0.000563394	-0.0008334329999999999
0.08934539999999999	0.045996791	0.0038607047	0.0568840096	-0.0770225586	-0.0967488802	0.1494291381	0.0127820349	-0.07584830000000001	-0.037038807400000005	0.06400305190000001	-0.0193741	-0.00651689	-0.00486993	0.0008906139999999999	0.000473402	-0.0007559249999999997
0.07912766999999997	0.0168177097	0.0035176159000000003	-0.0280482672	-0.1435096853	0.1138932218	-0.075382062	0.0119894067	-0.0763395561	-0.0348893543	0.065873627	-0.0193243	0.012108200000000001	0.0178706	0.000303868	0.000563393	-0.0008334329999999999
0.05702541	-0.0164564752	-0.0180677255	-0.0714756905	-0.0274118181	-0.0624699741	0.0389691641	0.0111955706	-0.0768000508	-0.03270827	0.0676380363	-0.0151988	-0.010342200000000001	0.00238539	0.00044953	0.000563393	-0.000679809
0.06026236	-0.0139858994	0.0156338793	-0.0236611456	0.0336498545	0.04688104	-0.0950828075	0.0104006067	-0.0772295986	-0.0304975321	0.0692934363	-0.0137951	0.025867900000000003	0.014283400000000003	0.000303868	0.000563393	-0.000749158
0.08768457999999997	0.0034876945	-0.0348591512	0.0093982456	0.0894070242	0.0339809883	0.0330938175	0.0096045951	-0.0776280263	-0.0282591448	0.07083715900000001	-0.0196072	-0.0251703	-0.008268229999999998	0.00041211599999999997	0.000563393	-0.000691753
0.09216308	-0.0180811488	0.0398864056	0.0052834897	0.0164681392	0.0218122283	0.0796675208	0.0088076158	-0.07799517339999999	-0.0259951375	0.07226671650000001	-0.0192021	0.026452	0.024618	0.000303868	0.000563393	-0.000655012
0.11749576999999994	0.0374241386	-0.039130326	-0.031842042	-0.004293337800000001	-0.0010414347	0.0477709896	0.0080097493	-0.078330892	-0.0237075627	0.07357980480000001	-0.020709400000000003	-0.028548200000000006	-0.00128787	0.0008153159999999997	0.000428053	-0.000709872
0.11324343999999995	-0.08846940029999999	0.0307227461	-0.0551079966	-0.0222383638	-0.023401261800000003	0.0127972366	0.0072110759	-0.0786350467	-0.0213984944	0.0747743077	-0.0157864	0.00596772	0.0326655	0.000303868	0.000563393	-0.000559637
0.11842827	0.0677456433	-0.0176438141	-0.0643499715	0.0719199286	-0.0639546557	-0.0323245781	0.006411676	-0.07890751509999999	-0.019070026	0.07584830000000001	-0.0150178	0.0058844	-0.023562700000000002	0.00108609	0.00032874099999999996	-0.0007697260000000001
0.1217057	-0.0920053838	0.0044213523	0.0713282416	-0.0112424087	0.0499638256	-0.0148273661	0.0056116301	-0.0791481873	-0.016724268400000002	0.0768000508	-0.0155868	0.00593631	0.0207534	9.737620000000001e-05	0.000563393	-0.000457718
0.10346170999999996	0.1008372373	0.0155326699	0.023237729900000004	0.0319430322	0.0421056923	0.0809840297	0.004811019000000001	-0.07935696639999999	-0.0143633485	0.0776280263	-0.014209500000000003	0.0196232	-0.00813643	0.0006764210000000001	0.000232615	-0.0007380489999999997
0.12415008	-0.0799285735	-0.0580985238	0.0069164484	-0.0398573671	0.0235047146	0.0440145408	0.0040099232	-0.0795337681	-0.0119894067	0.078330892	-0.0193902	-0.0314254	0.011825299999999999	0.00014340200000000002	0.000563393	-0.0008334329999999999
0.13183334	0.0412311356	0.0668975058	-0.0489903266	0.0492933713	-0.01024731	0.0547787076	0.0032084234000000003	-0.0796785214	-0.0096045951	0.07890751509999999	-0.0149309	0.0329476	-0.00234709	0.000558212	0.000309325	-0.000525738
0.08875485999999999	-0.0392995494	-0.0433412358	-0.0509349407	-0.0524957469	-0.0438767676	-0.0097027836	0.0024066004	-0.0797911678	-0.0072110759	0.07935696639999999	-0.0219303	-0.0118424	0.00941752	0.000203805	0.000309027	-0.00067505
0.10462633999999996	0.0644799735	0.0537901975	-0.0150477952	0.0790485293	-0.0751631703	-0.036788555	0.001604535	-0.0798716619	-0.004811019000000001	0.0796785214	-0.00918383	0.0360624	-0.0056608000000000006	0.000511274	0.00021700700000000002	-0.000496604
0.10789881	-0.0168384709	-0.0900036334	0.0474980768	-0.0382891454	0.0297729659	-0.0605483449	0.0008023078999999999	-0.0799199714	-0.0024066004	0.0798716619	-0.020105500000000002	-0.0237945	0.00595594	0.000297127	0.000304317	-0.000705217
0.10093506	0.0467463168	0.08489168300000001	0.0738983055	0.0083907778	-0.0077374703	0.046795189400000006	0.0	-0.0799360767	-0.0	0.0799360767	-0.0118177	0.043091000000000004	0.018666099999999998	0.000233692	0.00027261099999999997	-0.000539326
0.09898381	0.0246392419	-0.0849470911	0.0724423392	-0.000705661	0.0357868304	0.0144100143	-0.0008023078999999999	-0.0799199714	0.0024066004	0.0798716619	-0.018170699999999998	-0.009589640000000005	-0.00020242	0.00044965099999999997	0.000136484	-0.00046977900000000003
0.09859493499999998	-0.0323311264	0.0819576258	0.0561821722	0.073306512	0.0135673796	0.013932104	-0.001604535	-0.0798716619	0.004811019000000001	0.0796785214	-0.0118336	0.038810000000000004	0.0186711	0.00013834899999999999	2.92275e-05	-0.000388644
0.1244076731	0.074691924	-0.0600262547	0.05736288730000001	0.0002191315	0.0349783547	0.0070120558	-0.0024066004	-0.0797911678	0.0072110759	0.07935696639999999	-0.0190918	8.305189999999997e-05	-0.0041727	0.000758608	0.000136484	-0.000772703
0.0817982581	-0.0282715343	0.0562376052	0.0927940236	-0.0097830437	-0.0249042283	0.045059215	-0.0032084234000000003	-0.0796785214	0.0096045951	0.07890751509999999	-0.020045900000000002	0.0175021	0.0186702	0.00013834899999999999	7.03478e-05	-0.000647454
0.062035630000000015	0.0912373525	-0.0498320042	0.07514150530000001	-0.0355115005	0.023733399300000003	0.0273568809	-0.0040099232	-0.0795337681	0.0119894067	0.078330892	-0.020188	0.00795535	0.008345329999999998	0.000893896	0.000136484	-0.000666209
0.073243905	-0.0760213459	0.0022328246	0.1170359033	-0.0035121066	0.0193012979	0.0183825801	-0.004811019000000001	-0.07935696639999999	0.0143633485	0.0776280263	-0.0223794	-0.00295699	0.0186711	0.00013834899999999999	-6.48809e-05	-0.000626833
0.105542812	0.0805981328	-0.0006575368	0.07583913910000001	0.05751475230000001	0.0281481555	-0.0070480221	-0.0056116301	-0.0791481873	0.016724268400000002	0.0768000508	-0.0191679	0.0258397	-0.00044442699999999995	0.0007918019999999997	0.000136484	-0.000393269
0.104674567	-0.0697837615	-0.0261598563	0.065907174	0.0893025068	0.0272520088	-0.0479749505	-0.006411676	-0.07890751509999999	0.019070026	0.07584830000000001	-0.0202703	-0.007635689999999999	0.0149715	0.00013834899999999999	0.000136484	-0.0008334329999999999
0.09648248	0.0534857641	0.0496724602	0.0354040771	0.0732155481	0.0079813055	-0.004587879699999999	-0.0072110759	-0.0786350467	0.0213984944	0.0747743077	-0.0118485	0.028702999999999996	0.00324136	0.000535974	0.000136484	-0.00043122099999999997
0.11400543999999994	-0.0855843476	-0.051394782400000005	0.0048199806	-0.0102003514	0.0546431493	-0.0458787823	-0.0080097493	-0.078330892	0.0237075627	0.07357980480000001	-0.0293122	-0.0202643	0.0186863	0.00029559599999999997	0.000136484	-0.0008334329999999999
0.08233165	0.0236200468	0.0989596827	0.031324816299999995	0.0539015614	0.0284799444	-0.0201785115	-0.0088076158	-0.07799517339999999	0.0259951375	0.07226671650000001	-0.017911	0.0365909	0.0186755	0.00034725699999999996	0.000136484	-0.000603805
0.10182886	0.025516705	-0.0916277169	-0.0103503348	-0.0069673613	0.0349407318	-0.0402000582	-0.0096045951	-0.0776280263	0.0282591448	0.07083715900000001	-0.0293262	-0.027185900000000002	0.00136339	0.000429002	0.000136484	-0.000708555
0.07788169	-0.0624405949	0.0333575297	0.0104322799	0.0341816825	-0.0018914037	-0.0552447579	-0.0104006067	-0.0772295986	0.0304975321	0.0692934363	-0.0247671	0.00512808	0.0186703	0.00013834899999999999	0.000136484	-0.000525174
0.059080409999999986	0.0756810889	-0.0242153655	-0.0146855294	0.0332536395	-0.0605608366	-0.0472898326	-0.0111955706	-0.0768000508	0.03270827	0.0676380363	-0.0244476	0.00511746	-0.00470619	0.0007931159999999999	0.000136484	-0.0005778830000000001
0.0878521	-0.04448327690000002	-0.053812009800000005	-0.0038179566	-0.0189955131	-0.0431914522	-0.1072217394	-0.0119894067	-0.0763395561	0.0348893543	0.065873627	-0.0223285	-0.0263556	0.0107162	0.00013834899999999999	0.000136484	-0.000455899
0.09579239	0.047847186500000013	0.0289208048	-0.0298107905	-0.0022051363	-0.0979764422	-0.05936910820000001	-0.0127820349	-0.07584830000000001	0.037038807400000005	0.06400305190000001	-0.0215852	0.030473700000000006	-0.00378189	0.000476455	0.000136484	-0.000319571
0.08536649	-0.04234223610000002	-0.0377303151	-0.0888981105	-0.0724341324	-0.0006441975	-0.010651448	-0.0135733754	-0.0753264804	0.0391546809	0.0620293259	-0.0293414	-0.0168492	0.0186827	0.000346446	0.000136484	-0.000346018
0.06592025	-0.0250758159	0.1028016042	-0.0674997329	-0.0024883158	-0.0304862294	0.0273821159	-0.0143633485	-0.0747743077	0.0412350562	0.059955629800000014	-0.0293222	0.0429596	0.0186732	0.000306821	0.000136484	-0.000263988
0.10472399999999996	0.0369890685	-0.0477678719	-0.1024227188	-0.0254964703	0.0642194546	0.0295314788	-0.0151518747	-0.0741920043	0.0432780475	0.0577853059	-0.029341900000000008	-0.0314424	0.018716800000000002	0.000701569	0.000136484	-0.000474414
0.07715151	-0.0994401793	0.0134216793	-0.0255645556	-0.0500827333	-0.0601661402	0.08396789019999999	-0.0159388744	-0.07357980480000001	0.0452818024	0.0555218517	-0.0293275	-0.00232244	0.0186755	0.00024402400000000002	-0.000131206	-0.000240132
0.07176149000000001	0.1075832635	0.0480851597	-0.016512941399999998	-0.1283758249	-0.0024729228	0.0155832791	-0.016724268400000002	-0.072937956	0.0472445043	0.0531689154	-0.029341900000000008	0.03412659999999998	0.011037700000000001	0.000738886	-0.00010512399999999999	-0.000272393
0.09861651	-0.0343773215	-0.0618574904	0.0513446887	-0.0986544391	0.0123216135	0.08784166630000001	-0.0175079777	-0.07226671650000001	0.0491643739	0.0507302891	-0.0239938	-0.0294344	0.00432504	0.000901247	-0.00020475900000000002	-0.000470292
0.13801468	0.0081558842	0.08303414769999999	0.0301394338	-0.0317340769	0.076935982	0.0281691901	-0.0182899231	-0.0715663568	0.0510396705	0.0482099028	-0.022729	0.034098	0.0314921	0.000348073	7.90764e-05	-0.000386293
0.08938888	-0.0179641389	-0.0574295172	0.0138212438	0.0568620618	0.057238702	0.07042265660000001	-0.019070026	-0.07083715900000001	0.052868694	0.0456118188	-0.0293515	-0.0104101	0.012078700000000001	0.000583347	0.000136484	-0.000302077
0.103415995	-0.07979773230000001	0.0947055581	0.0233660598	0.0632647057	0.0948336766	-0.0136326709	-0.0198482077	-0.0700794171	0.0546497862	0.0429402241	-0.0234543	0.026751799999999996	0.0328735	1.19185e-05	-1.04134e-05	-0.000229161
0.120598875	0.0335766902	-0.0124178762	-0.0650477958	0.0982404602	0.0102917323	-0.0195753227	-0.0206243899	-0.0692934363	0.05638133240000001	0.0401994245	-0.0293461	-0.00383344	-0.00368354	0.00064963	0.000136484	-0.000395848
0.06490248500000001	-0.08465900960000003	-0.006732278299999999	-0.0113160291	-0.0301679185	-0.01344142	-0.0753535438	-0.0213984944	-0.0684795334	0.0580617626	0.0373938371	-0.027145099999999995	-0.0109588	0.0187826	9.21313e-05	0.000136484	-0.000291147
0.076529015	0.0833784274	0.0644971195	0.0205999723	-0.0021523049	-0.0341317365	-0.0443689482	-0.0221704431	-0.0676380363	0.0596895534	0.0345279838	-0.0293568	0.017850399999999995	0.00155207	0.000598896	0.000136484	-0.00023236
0.09498399999999996	0.027125399100000003	-0.104630059	0.0726766092	0.0032473721	-0.013119661299999998	-0.0019638644	-0.0229401584	-0.0667692842	0.0612632291	0.0316064831	-0.0245742	-0.0520335	-0.00834283	0.000493624	0.000136484	-0.00033554
0.10050812	-0.0138646355	0.0301136688	0.1461570623	-0.0211828512	-0.0623209874	0.0427651611	-0.0237075627	-0.065873627	0.0627813628	0.0286340436	-0.026655099999999998	0.00427999	0.0188002	0.00034933699999999997	0.000136484	-0.000490667
0.07946555999999999	0.0832534531	-0.0201549264	0.0316685915	0.0632662238	0.0214511526	-0.057841161900000014	-0.0244725786	-0.06495142570000001	0.0642425783	0.0256154559	-0.0226097	0.00422793	-0.0219158	0.0009145010000000001	0.000136484	-0.000362789
0.10598918	-0.0521431618	-0.0920282805	-0.077924672	0.1430223651	-0.0683918748	-0.0675515295	-0.0252351292	-0.06400305190000001	0.06564555080000001	0.0225555848	-0.029352	-0.0514364	-0.027350299999999998	0.00044361300000000004	0.000280309	-0.000511037
0.09891191	-0.0089253685	0.034026427000000005	-0.0533174801	0.0702977621	-0.0947294435	-0.08986472279999999	-0.0259951375	-0.0630288878	0.0669890084	0.0194593619	-0.0262358	0.0128422	-0.00994119	0.000436315	0.000136484	-0.00037999999999999997
0.06038956	0.0613851002	-0.0319293088	-0.0744971002	0.0075586659	-0.1043437955	-0.059559297	-0.026752527	-0.0620293259	0.068271733	0.0163317771	-0.0293421	-0.010861200000000001	-0.0105948	0.0008458139999999999	5.6591e-05	-0.000549133
0.05923357	-0.08649037539999999	-0.0109834219	-0.0139131633	-0.020714721	-0.0253466895	-0.0968807312	-0.0275072215	-0.061004769	0.06949256179999999	0.0131778711	-0.0258971	-0.0233266	0.00714892	0.000432892	0.000136484	-0.000530359
0.07609340999999999	0.0550101374	0.0605873528	-0.0263820352	-0.0133087494	-0.039988295	-0.0744077802	-0.0282591448	-0.059955629800000014	0.0706503878	0.0100027269	-0.0212966	0.0287494	-0.00622839	0.0005341440000000001	0.000136484	-0.000510819
0.08769385500000001	-0.0026972114000000003	-0.0680114911	-0.0772352158	-0.0455274515	-0.0207427527	-0.026692815	-0.0290082213	-0.0588823313	0.0717441615	0.0068114617	-0.0250558	-0.032746	0.00194557	0.000383392	7.981909999999997e-05	-0.00043293
0.084875775	-0.0303232337	0.09452846210000004	-0.0640520095	-0.0184939961	-0.0802003734	0.0300992144	-0.0297543755	-0.0577853059	0.0727728912	0.0036092188	-0.0293181	0.0240419	0.0113446	0.000270604	0.000136484	-0.000552008
0.09147858999999996	0.06842132990000001	-0.0461165699	-0.0531260851	-0.0294396918	0.0377519309	0.0310578512	-0.0304975321	-0.0566649955	0.0737356442	0.000401159	-0.0259704	-0.014635399999999996	0.00197481	0.0009287639999999999	0.000136484	-0.000408492
0.082579115	-0.1012648894	0.0282881503	0.0122735244	-0.0169862931	-0.0248683307	0.0658409865	-0.0312376164	-0.0555218517	0.0746315476	-0.0028075473	-0.0330336	-0.0115238	0.0199719	0.000100314	-8.666549999999999e-05	-0.00037194699999999997
0.114676395	0.1172978428	0.0046220455	-0.0512420754	0.0363715191	-0.0251602886	0.0602183399	-0.0319745538	-0.0543563352	0.0754597894	-0.0060117288	-0.0293437	0.0116962	-0.016528099999999997	0.00104545	-5.8004600000000004e-05	-0.00032041400000000004
0.10960963	-0.0488718113	-0.0755629422	-0.0030927797	-0.02647681	-0.1194757565	0.031123734700000006	-0.03270827	-0.0531689154	0.0762196185	-0.0092062214	-0.0293568	-0.051857600000000004	-0.015373300000000001	0.000462047	0.000136484	-0.000440281
0.113918615	0.0337694445	0.06034877070000001	-0.042651711200000005	-0.064874958	-0.0110752237	-0.0087552545	-0.0334386912	-0.051960071	0.07691034599999999	-0.0123858767	-0.024455900000000003	0.023283099999999998	0.00193749	0.000328104	4.095550000000001e-05	-0.00033842800000000005
0.08382450999999999	-0.0011087099	-0.0578002493	0.0086886606	-0.0448596976	-0.0029526472	0.0705821892	-0.0341657437	-0.0507302891	0.07753134589999999	-0.0155455703	-0.029346399999999998	-0.034193699999999994	-0.00542471	0.000548014	4.09817e-05	-0.00040039199999999996
0.13212660350000002	-0.0450799127	0.0785970485	-0.0016059231	-0.0567244966	0.1058692108	0.0448345636	-0.0348893543	-0.0494800651	0.078082055	-0.0186802098	-0.0263498	0.014526599999999999	0.0432842	5.26098e-05	8.563029999999996e-06	-0.000506585
0.09762946849999997	-0.0043386843	-0.0214824092	-0.005678724499999999	0.0239707266	0.0482713477	0.1275210275	-0.035609450099999995	-0.0482099028	0.0785619741	-0.0217847431	-0.0258711	-0.020668400000000003	0.00609654	0.0003669	0.000136484	-0.000559736
0.08836573	-0.0395929088	0.0379390099	-0.007942443	-0.0200257342	0.1056329706	0.0281321547	-0.0363259585	-0.0469203142	0.0789706681	-0.0248541669	-0.0257428	0.0107309	0.029984300000000002	-1.4958399999999999e-05	-0.000100305	-0.0006000959999999999
0.08679602000000003	0.0145040626	-0.0256997936	0.0128600824	0.0042655088	0.0161962638	0.08336742379999999	-0.037038807400000005	-0.0456118188	0.0793077664	-0.0278835343	-0.0230766	-0.028600599999999997	-0.00028465	0.000270604	-0.00010083399999999999	-0.0005956000000000001
0.071233925	-0.0162579784	0.04682839	0.0334656324	-0.051922942400000005	0.0329027036	0.045701772300000006	-0.037747925	-0.0442849438	0.0795729635	-0.030867963	-0.0249524	0.013992600000000001	0.018739099999999998	0.000270604	-8.473949999999997e-05	-0.00045687099999999997
0.116492175	0.0313441786	-0.04431859230000002	-0.0229415186	0.0236022144	0.0337929345	0.0749184484	-0.038453239900000005	-0.0429402241	0.0797660189	-0.0338026431	-0.0293295	-0.038283099999999994	-0.013114700000000005	0.000362479	0.000136484	-0.000703484
0.08975852	-0.0499383239	-0.0009071602	-0.0234301891	0.0686564247	-0.0318848126	0.07298468150000001	-0.0391546809	-0.0415782013	0.0798867576	-0.0366828449	-0.029330099999999998	-0.00222101	0.00689658	0.000109075	-0.000138718	-0.000558399
0.068840455	0.0675991451	-0.0291524334	-0.0330834282	0.056640331	0.0234018562	0.0574531247	-0.0398521774	-0.0401994245	0.07993507009999999	-0.0395039266	-0.02008	-0.012214000000000001	-0.00828038	0.00061801	2.96771e-05	-0.000547321
0.077586175	-0.1170441035	-0.0315959407	0.0156423287	0.0785032879	0.015115225	0.0026712594	-0.0405456591	-0.038804449	0.0799109126	-0.0422613414	-0.0255403	-0.027685900000000003	0.00446742	-0.00015346200000000002	-1.68244e-05	-0.000487171
0.11389985	0.0501527945	0.078381101	0.0104201095	0.06828323389999999	0.015427600000000001	-0.0466314975	-0.0412350562	-0.0373938371	0.0798143071	-0.0449506455	-0.0231189	0.021153099999999998	-0.00921581	0.000559414	0.000136484	-0.000374231
0.09725144	0.0097735272	-0.0847352549	-0.0222411791	0.0280753219	-0.0953395157	-0.088956909	-0.0419202993	-0.0359681572	0.079645341	-0.0475675045	-0.0293482	-0.0348995	-0.026297300000000003	0.000415965	0.000136484	-0.0005885430000000001
0.11221671999999996	-7.7538e-05	0.0757715234	0.0165068991	-0.0396366931	-0.060180855599999986	-0.0904904987	-0.0426013192	-0.0345279838	0.0794041677	-0.050107701	-0.0240713	0.011815	0.00762192	0.000130457	0.000136484	-0.000347929
0.10209077	0.0844931492	-0.0380044769	0.0063268114	-0.0986524788	-0.0063150773	-0.090550129	-0.0432780475	-0.0330738971	0.07909100570000001	-0.052567141100000006	-0.021294099999999996	-0.0248685	-0.018964099999999998	0.0007412099999999999	0.000136484	-0.000458057
0.06338286	-0.0396102419	-0.0090165006	0.0593535897	-0.0860019091	-0.0955253763	-0.0902567156	-0.0439504158	-0.0316064831	0.0787061389	-0.0549418609	-0.029337000000000002	-0.0224998	-0.00387889	0.00010752	0.000136484	-0.000582088
0.08701960999999997	0.0935804857	0.0172904066	-0.0044093158	-0.1011957498	-0.0070287044	-0.0860038842	-0.044618356500000005	-0.0301263332	0.0782499164	-0.0572280333	-0.024506599999999996	0.0216681	-0.0120819	0.000588168	0.000136484	-0.00046637
0.09912799	-0.0675497087	-0.0353590201	-0.0436759827	-0.0942024919	0.0129180853	0.0084453746	-0.0452818024	-0.0286340436	0.0777227516	-0.0594219737	-0.024189500000000003	-0.0362134	-0.00387506	0.000133576	0.000336064	-0.00046609099999999997
0.13401626	0.0012028439	0.1078964213	-0.0294960602	-0.061765354	0.0854362216	0.009240889	-0.0459406864	-0.0271302159	0.0771251226	-0.0615201462	-0.0210393	0.0323255	0.021796700000000002	0.000568668	0.000136484	-0.000367655
0.12790721	-0.0023560683	-0.0583582024	-0.0257968675	0.0051103777	0.0418436328	0.08160640150000001	-0.046594942400000006	-0.0256154559	0.07645757110000001	-0.0635191694	-0.015821	-0.0365357	-0.00386083	0.000270604	4.23114e-05	-0.000538822
0.11111075	-0.0070199823	0.0740328987	0.0271044544	-0.0260302917	0.0244723477	0.0378901422	-0.0472445043	-0.024090374	0.0757207024	-0.06541582139999999	-0.013435299999999996	0.0209749	0.012154600000000002	0.000495456	-0.000110266	-0.000212271
0.10128929	0.0419530983	-0.0504006803	0.0245446776	-0.0634213246	0.0365549493	0.0545709004	-0.0478893067	-0.0225555848	0.0749151845	-0.06720704549999999	-0.0239339	-0.0278454	0.00171386	0.000621305	0.000136484	-0.000470265
0.1123854605	-0.0595478669	0.0415118369	0.0471433485	-0.0404177203	0.028521758900000006	0.062082562	-0.0485292848	-0.0210117067	0.0740417477	-0.06888995490000001	-0.022614	0.00815098	0.0268959	5.32059e-05	2.8542900000000013e-06	-0.000174251
0.08963848449999999	0.05804046700000001	-0.0446136753	-0.0060785365	0.0265731881	0.0671796454	0.047371576500000005	-0.0491643739	-0.0194593619	0.07310118389999999	-0.07046183730000001	-0.0187837	-0.009965100000000001	-0.00385058	0.000408357	-4.02821e-05	-0.0005148759999999999
0.06581566999999999	-0.1072129033	0.0038867449	0.0340620101	0.0005149694	0.0407238654	0.0460531945	-0.0497945101	-0.0178991758	0.0720943458	-0.0719201593	-0.0233908	-0.0174867	0.022565900000000003	0.00014335700000000002	1.05357e-05	-0.000285284
0.081059505	0.0579097068	0.0275806428	-0.0256261189	0.0609366472	0.0619453167	0.0885571842	-0.05041963	-0.0163317771	0.0710221462	-0.0732625707	-0.020734799999999998	0.0169237	0.00548926	0.000392941	0.000136484	-0.00044808099999999997
0.06928495	-0.1034266502	-0.0295175019	0.0140706776	0.0779474759	0.0575466763	0.0325482836	-0.0510396705	-0.0147577975	0.0698855571	-0.0744869079	-0.0292318	-0.0232478	0.00630136	0.000142881	1.9596e-05	-0.00047722
0.06893337999999999	0.0559518653	0.0739059537	-0.0325694378	0.0944277222	0.034400702799999995	-0.0524915951	-0.0516545692	-0.0131778711	0.0686856091	-0.07559119780000001	-0.0247951	0.022862900000000002	0.00341097	0.00034787800000000003	-4.44988e-05	-0.0004364
0.09441792	-0.036897087	-0.0769449757	0.0274363941	0.0325089166	-0.0089743771	-0.0203540542	-0.0522642642	-0.0115926346	0.06742339	-0.0765736605	-0.0257548	-0.0366374	-0.00387536	0.00016517799999999998	0.000136484	-0.00026665099999999996
0.12171178999999994	0.0510971798	0.0991233556	0.0751195429	-0.0605383259	-0.0066779563	0.0076321327	-0.052868694	-0.0100027269	0.0661000441	-0.0774327128	-0.029294900000000002	0.0247476	0.0327019	0.00033244	-8.204959999999999e-05	-0.000248258
0.14085183999999998	0.0409006607	-0.1012557375	0.07503439519999999	-0.081476252	-0.0214395783	0.0222157094	-0.0534677978	-0.0084087885	0.0647167712	-0.07816697	-0.0264149	-0.045743900000000004	-0.00444041	0.000618607	0.000136484	-0.000350318
0.08469817999999997	0.005575559399999999	0.0768742045	0.0753226905	-0.0344546903	-0.0565885358	0.0106230993	-0.0540615151	-0.0068114617	0.0632748254	-0.0787752489	-0.0234987	0.0125243	0.00875232	0.000473774	0.000136484	-0.00028873
0.05190913	0.0308524629	-0.0919025646	0.0236624965	0.0332055932	0.0555402263	0.029787753700000006	-0.0546497862	-0.0052113902	0.061775514	-0.079256569	-0.023866099999999998	-0.014646700000000004	-0.00279196	0.000627347	0.000204191	-0.000323979
0.08162535	-0.0854055611	0.0642231622	0.0141619379	0.1006446102	0.0649961842	-0.0534642741	-0.0552325519	-0.0036092188	0.0602201963	-0.0796101548	-0.029279000000000006	-0.00177835	0.024291	2.32102e-05	0.000136484	-0.00037735800000000016
0.08584088	0.056264352699999985	-0.0414087153	-0.0762353505	0.1063497934	-0.0117426492	-0.1054363979	-0.0558097533	-0.002005593	0.0586102822	-0.0798354362	-0.0259455	0.00461709	-0.0119296	0.000769696	0.000136484	-0.000326017
0.08691084000000003	-0.0549434212	0.0154133325	-0.0211862477	0.0261461337	-0.0727469503	-0.1179769427	-0.05638133240000001	-0.000401159	0.0569472315	-0.0799320503	-0.029289299999999997	-0.0092256	0.00935259	1.47878e-05	0.000136484	-0.000112082
0.07964804	0.094184677	-0.0300216347	-0.0527661022	0.017518516499999998	-0.0929391293	-0.0482263825	-0.0569472315	0.0012034366	0.0552325519	-0.0798998413	-0.029279900000000005	-0.00173086	-0.0119174	0.0009139689999999999	0.000189008	-0.000177855
0.05983924	-0.056747501	-0.0531262969	0.0153080824	-0.0112379795	-0.0741870451	-0.1136620513	-0.0575073938	0.0028075473	0.0534677978	-0.0797388611	-0.029283	-0.025266	-0.011953100000000001	0.000270605	0.000136484	-0.000207273
0.08248776499999999	0.0734783646	0.0311073359	-0.005923109300000001	0.0348283324	-0.0863669782	-0.0904624267	-0.0580617626	0.0044105266	0.0516545692	-0.0794493692	-0.029305400000000002	0.021085	-0.011936200000000001	0.000560161	-7.543729999999997e-05	-0.000427745
0.12332994549999995	-0.07607045230000001	-0.0579100861	-0.0092996986	0.0111035449	-0.0145704518	-0.1205926286	-0.0586102822	0.0060117288	0.0497945101	-0.0790318321	-0.021581700000000002	-0.0360423	0.000576031	3.06801e-06	0.00021176599999999998	-0.00035270699999999996
0.1026094185	0.0177154495	0.0752550484	-0.0002668984	0.0381749945	0.0112850256	-0.043798347	-0.0591528974	0.007610508399999999	0.0478893067	-0.0784869228	-0.025070500000000003	0.023033	0.016994099999999998	0.000270605	0.000136484	-0.0004824330000000001
0.09323873	-0.015143802	-0.0834437168	0.0167984518	0.0415242073	0.0198620173	-0.0199187852	-0.0596895534	0.0092062214	0.0459406864	-0.0778155195	-0.026530500000000002	-0.0436887	0.007249369999999998	0.000102623	0.000136484	-0.000344169
0.10169378	0.0104070383	0.08186219230000001	0.0168269659	0.06038759990000001	0.0086278168	0.0180175465	-0.0602201963	0.0107982247	0.0439504158	-0.0770187042	-0.023783099999999998	0.0275214	0.025135	0.000178751	0.000136484	-0.000465054
0.1077836075	-0.0142810189	-0.1074241493	-0.0155357096	-0.007828934899999999	0.0581915194	0.0266621482	-0.0607447724	0.0123858767	0.0419202993	-0.0760977612	-0.0292444	-0.0471585	0.00689349	-9.266950000000001e-06	0.000136484	-0.000465054
0.1134827175	-0.0371061483	0.1059721319	0.008466870100000001	-0.0133984614	-0.008089241700000001	0.0255357163	-0.0612632291	0.0139685379	0.0398521774	-0.0750541746	-0.029259399999999998	0.0192675	0.0329755	-2.14064e-05	2.54373e-05	-0.00016904599999999998
0.10085010499999998	0.0514512349	-0.0954502324	-0.0180882226	-0.0381791786	0.0840158091	0.02893804	-0.061775514	0.0155455703	0.037747925	-0.07388962639999999	-0.029266900000000005	-0.028752800000000002	0.00788127	0.000343937	1.64342e-05	-0.00034926099999999996
0.06469349499999999	-0.0960898225	0.0531810909	0.025714194	-0.0184747042	-0.0419256625	0.0922108401	-0.062281575599999986	0.0171163386	0.035609450099999995	-0.0726059935	-0.023446099999999997	-0.0010115	0.025024599999999998	0.000260695	-6.42921e-05	-0.000465054
0.062567305	0.07913309290000001	0.0007469227	0.020784278	-0.0001189692	0.0906590329	0.0209447008	-0.0627813628	0.0186802098	0.0334386912	-0.0712053446	-0.022040900000000002	0.022774700000000002	0.015245600000000003	0.0006118569999999999	0.000136484	-0.000465054
0.08806999999999998	-0.0722176524	-0.0073649638	0.0441111611	0.06675775860000001	0.0098050606	0.0573711164	-0.0632748254	0.0202365536	0.0312376164	-0.06968993700000001	-0.021921400000000004	-0.0379766	0.0279097	0.00040714	0.00022246900000000001	-0.000465054
0.08751019999999997	0.055871724000000005	-0.0023959125	0.044569924	0.020675532	0.020346025	-0.0063182842000000005	-0.0637619136	0.0217847431	0.0290082213	-0.0680622132	-0.0292444	0.022894099999999997	0.0164467	0.000478225	0.000136484	-0.000465054
0.08823712	0.0293957992	-0.0141791377	0.0857691155	-0.0214486879	-0.012264761	0.0179403347	-0.0642425783	0.0233241543	0.026752527	-0.0663247964	-0.0292444	-0.036317199999999994	0.00505553	0.000830918	0.000136484	-0.000465054
0.08413582	0.022943944700000003	-0.0040931743	0.08472006900000001	-0.055075883	-0.0334939868	0.0508452404	-0.0647167712	0.0248541669	0.0244725786	-0.0644804868	-0.022507299999999997	0.017949400000000004	0.0148534	0.0006903289999999999	0.00026258	-0.000465054
0.0866175	-0.0277906449	-0.0066515064	0.032934980499999995	-0.0336047795	0.0950237204	-0.015855235500000002	-0.0651844444	0.0263741644	0.0221704431	-0.0625322567	-0.0259282	-0.0214587	0.0245768	0.000135123	0.000136484	-0.000465054
0.09314599	-0.0054516354	0.0062191678000000005	0.010507716	0.07255881480000001	-0.0094690757	0.0996200803	-0.06564555080000001	0.0278835343	0.0198482077	-0.060483246	-0.0176018	0.0115608	0.00504151	0.000723161	0.000193742	-0.000465054
0.08570154	-0.0575067976	0.0116938248	-0.0245910262	0.0501986922	0.13291778029999998	0.0228033996	-0.0661000441	0.0293816684	0.0175079777	-0.058336757	-0.0157156	-0.011073800000000002	0.020916900000000002	-1.2789e-05	0.000136484	-0.000352155
0.09076613	0.0098296592	0.0344183732	0.015291741299999996	0.0272896484	-0.0509078925	0.12062597	-0.0665478783	0.030867963	0.0151518747	-0.0560962492	-0.020625400000000002	0.00745615	0.00503967	0.0007658089999999999	0.00032506	-0.000413964
0.09811469	-0.0422258167	0.0279385623	0.0048932173	-0.1130035567	0.1282896495	-0.0504827142	-0.0669890084	0.0323418192	0.0127820349	-0.0537653335	-0.0209283	0.00263909	0.0409773	-0.00010824600000000001	0.000412301	-0.00059381
0.08361646	0.0368266375	0.0281821365	-0.06199825940000001	-0.0453845874	-0.0566951507	0.0754976704	-0.06742339	0.0338026431	0.0104006067	-0.0513477665	-0.0212804	0.00311197	0.00533682	0.00048018599999999996	0.0005491469999999999	-0.000376068
0.07254519000000001	-0.0785684148	-0.0006718927	-0.0318620718	-0.1140047245	0.0666318184	-0.068235401	-0.0678509792	0.0352498461	0.0080097493	-0.0488474444	-0.0292158	0.00380248	0.036570599999999995	-0.00010824600000000001	0.000500615	-0.00035932199999999997
0.12464687	0.0687559184	0.0776002497	-0.0724220189	0.0096413856	-0.0769577137	0.0312888429	-0.068271733	0.0366828449	0.0056116301	-0.046268397	-0.0158786	0.0323358	0.00164035	0.000617065	0.00037473599999999997	-0.000465054
0.1159702315	-0.019943685	-0.1041258513	-0.0053182484	-0.010273871	-0.008818146899999999	-0.1120268555	-0.0686856091	0.0381010623	0.0032084234000000003	-0.0436147809	-0.025931799999999998	-0.028147000000000002	-0.00128675	-1.56363e-06	0.000485604	-0.0005857
0.0815246815	0.0231878862	0.08514002400000001	0.0075058945	0.0551658554	-0.0976804925	-0.08738779599999999	-0.0690925657	0.0395039266	0.0008023078999999999	-0.0408908726	-0.0248393	0.030435900000000005	-0.00271655	0.000177078	0.00037650199999999997	-0.000465054
0.07815127999999998	0.0630470372	-0.0835163206	-0.0581142981	-0.0426672172	0.012186409099999998	-0.0628208814	-0.06949256179999999	0.0408908726	-0.001604535	-0.0381010623	-0.0292444	-0.004615	0.00513983	0.0005538380000000001	0.000136484	-0.000465054
0.07491805499999997	-0.0903566835	0.0197882331	-0.0686701961	-0.0264656188	-0.0879038067	0.0003124513	-0.0698855571	0.0422613414	-0.0040099232	-0.0352498461	-0.0386247	-0.014284	0.017789099999999995	-2.10007e-05	0.000426035	-0.000465054
0.09279057499999996	0.1140574431	0.0166290909	-0.0380290432	-0.0572407542	-0.0929947709	0.0176867764	-0.0702715121	0.0436147809	-0.006411676	-0.0323418192	-0.0292175	0.027441300000000002	0.00508521	0.00041926699999999997	0.000361528	-0.000390745
0.09839584999999998	0.0018304637	-0.0903304559	-0.0044566473	-0.048116240199999986	-0.0975707159	0.0104354501	-0.0706503878	0.0449506455	-0.0088076158	-0.0293816684	-0.029225099999999997	-0.0442136	-0.00996624	0.000558791	0.00038133300000000003	-0.000465054
0.11205779	0.0115606301	0.0137965823	0.0180331472	-0.017803901299999998	-0.0342825475	0.0018315758	-0.0710221462	0.046268397	-0.0111955706	-0.0263741644	-0.0265732	0.0163252	0.0195946	0.000417515	0.000136484	-0.000465054
0.07246400999999998	0.004160974699999999	-0.0568874054	0.0113283699	0.0597146289	-0.0092295922	0.05726640490000001	-0.0713867496	0.0475675045	-0.0135733754	-0.0233241543	-0.0292297	-0.0256522	0.00512529	0.000319942	0.000136484	-0.0006346969999999999
0.08174316000000001	-0.049381700300000005	0.023892494700000003	0.0372070959	0.1082755554	0.042328626900000006	0.0357690499	-0.0717441615	0.0488474444	-0.0159388744	-0.0202365536	-0.0292444	0.0209784	0.0270827	0.00022677599999999998	0.000136484	-0.000465054
0.10875482	0.0349227907	-0.0531896729	-0.0403545873	0.1672407009	0.0437732953	-0.0005698604	-0.0720943458	0.050107701	-0.0182899231	-0.0171163386	-0.029229599999999998	-0.0294868	-0.00613252	0.000628393	0.000136484	-0.000564629
0.09525704	-0.0985040027	0.0205032418	0.0875234691	0.0515726246	-0.0674366318	-0.009121700000000002	-0.0724372672	0.0513477665	-0.0206243899	-0.0139685379	-0.0292444	0.00681797	0.0281449	0.000234767	0.000136484	-0.000465054
0.05360398	0.1465486475	0.0336738916	0.0860154013	0.028887735	-0.0244684827	-0.0323651972	-0.0727728912	0.052567141100000006	-0.0229401584	-0.0107982247	-0.0255895	0.0263113	0.0137047	0.0005550780000000001	0.000136484	-0.000465054
0.07736239999999997	-0.0527471926	-0.0702041512	0.1174579382	0.027361465	-0.0381967903	-0.0406842616	-0.07310118389999999	0.0537653335	-0.0252351292	-0.007610508399999999	-0.025652800000000003	-0.0302497	0.0101667	0.00021107599999999998	0.000136484	-0.000465054
0.08297725	0.0546082421	0.0711641951	0.038309984500000005	0.0826632063	0.0194779738	-0.1064582682	-0.0734221124	0.0549418609	-0.0275072215	-0.0044105266	-0.0263754	0.0316131	0.024111900000000002	0.000282643	0.00019385	-0.000465054
0.10156042	-0.0211347689	-0.0803542237	-0.0352556353	0.011032522	-0.07172619690000001	-0.06234386099999999	-0.0737356442	0.0560962492	-0.0297543755	-0.0012034366	-0.029222	-0.0200008	-0.00315642	0.00042165800000000016	0.000451467	-0.000465054
0.119228355	-0.0097438223	0.08826896669999999	-0.087882197	0.0120798798	0.0109088767	-0.0499957941	-0.0740417477	0.0572280333	-0.0319745538	0.002005593	-0.0292444	0.028338299999999997	0.032473	3.18923e-05	0.000136484	-0.000465054
0.095754485	0.0027675564	-0.045705832	-0.0672112891	-0.0361496732	-0.0303041714	0.0600792288	-0.0743403923	0.058336757	-0.0341657437	0.0052113902	-0.0360875	-0.0243976	0.0118075	0.000162552	0.00031602400000000004	-0.000465054
0.095452305	-0.0093779497	0.0908119343	-0.0571316673	-0.0840553363	0.0016731060999999998	0.0226913351	-0.0746315476	0.0594219737	-0.0363259585	0.0084087885	-0.0292444	0.016398699999999995	0.0405441	-3.9434099999999996e-05	0.000136484	-0.000465054
0.101569955	0.0489081198	-0.08823039869999999	0.0029275097	-0.07216609	-0.0487291367	0.0433910055	-0.0749151845	0.060483246	-0.038453239900000005	0.0115926346	-0.0292444	-0.034515699999999996	0.01787	0.000520195	0.000136484	-0.000465054
0.1217208	-0.0299479863	0.0810028293	0.0071048632	-0.0699153307	-0.0180388851	-0.025163078	-0.07519127440000001	0.0615201462	-0.0405456591	0.0147577975	-0.029248200000000002	0.023863299999999997	0.046842699999999994	-0.00010824600000000001	0.000136484	-0.000406189
0.12059506	0.0514647961	-0.0631724636	-0.0388005103	-0.0351391593	0.0168065376	0.0103640253	-0.0754597894	0.0625322567	-0.0426013192	0.0178991758	-0.0292444	-0.015925799999999997	0.00469104	0.000605899	0.000136484	-0.000465054
0.10178689	-0.0904485905	0.0692904405	-0.0515843024	-0.0124643047	0.0232208277	0.0612388996	-0.0757207024	0.0635191694	-0.044618356500000005	0.0210117067	-0.0292444	0.00572068	0.04912419999999999	-0.00010824600000000001	0.000136484	-0.000465054
0.08048066000000001	0.0405458062	-0.0127911899	-0.0548901197	0.0356269814	0.0559743437	0.084811123	-0.0759739873	0.0644804868	-0.046594942400000006	0.024090374	-0.0292444	-0.007603279999999999	0.013208600000000001	0.000516576	0.000136484	-0.000465054
0.10218103	-0.0877780586	0.0805672227	-0.0165682472	-0.0717484333	0.0406460298	0.0223855262	-0.0762196185	0.06541582139999999	-0.0485292848	0.0271302159	-0.0292444	0.016533599999999996	0.052835300000000016	-0.000251773	0.000136484	-0.000465054
0.110704	0.08029865809999999	-0.0236128125	-0.12658714599999998	-0.0117389563	0.0487246802	0.04497094150000002	-0.07645757110000001	0.0663247964	-0.05041963	0.0301263332	-0.0263382	-0.017167599999999998	0.016609400000000003	0.000505641	0.000136484	-0.000465054
0.0939798	-0.13796835400000002	-0.0179925513	-0.0340042326	-0.0482744555	-0.0106864431	0.0327753132	-0.0766878214	0.06720704549999999	-0.0522642642	0.0330738971	-0.029242400000000005	-0.037519300000000005	0.0330571	-0.00040140099999999996	0.00031496599999999997	-0.000465054
0.09039398	0.0742767191	0.077478869	-0.08888404359999999	-0.035928607	-0.0096544043	0.0144445516	-0.07691034599999999	0.0680622132	-0.0540615151	0.0359681572	-0.029220999999999997	0.0220097	0.028207799999999998	-1.4626400000000001e-05	0.00044807699999999996	-0.000465054
0.09339738	-0.0624295254	-0.0684183981	-0.0171765839	-0.0587888001	0.0022305845	-0.0080881069	-0.0771251226	0.06888995490000001	-0.0558097533	0.038804449	-0.0292209	-0.0499289	0.011570200000000001	-0.00010824600000000001	0.000450879	-0.000465054
0.10310905	0.0229237108	0.0807381797	-0.0282655156	-0.034125027999999995	0.0462215051	-0.0780775081	-0.0773321295	0.06968993700000001	-0.0575073938	0.0415782013	-0.0189418	0.0175231	0.0307714	-0.00010824600000000001	0.00032734400000000003	-0.000465054
0.09884580000000001	-0.0417244086	-0.0757252332	-0.06480324259999999	-0.0996310894	0.0485743973	-0.025223904	-0.07753134589999999	0.07046183730000001	-0.0591528974	0.0442849438	-0.0292334	-0.0424407	0.0228045	-0.000317334	0.00046356	-0.00039788800000000016
0.10943989999999996	-0.0153377408	0.1210471567	-0.0598505947	-0.0648768187	0.0094570517	0.0133890685	-0.0777227516	0.0712053446	-0.0607447724	0.0469203142	-0.0247939	0.0249373	0.0516611	-0.000388603	0.000566931	-0.000397212
0.16043766	0.0517090637	-0.0959440523	-0.0742043471	-0.034040040099999995	0.008084446300000001	0.08646767359999999	-0.0779063275	0.0719201593	-0.062281575599999986	0.0494800651	-0.0292803	-0.0515643	-0.00451702	3.42228e-05	0.0005783790000000001	-0.000366055
0.09804901000000002	-0.0550740752	0.052185762699999985	-0.0222639604	-0.041207954	-0.0416045697	0.0805717479	-0.078082055	0.0726059935	-0.0637619136	0.051960071	-0.0322394	-0.00742775	0.0328685	-0.000167245	0.000524363	-0.000381928
0.05604704000000001	0.0962925364	-0.0143030772	0.0053239199	-0.0435529025	0.0444840582	0.0610368245	-0.0782499164	0.0732625707	-0.0651844444	0.0543563352	-0.0292748	-0.007455589999999998	0.023587599999999997	0.00039676699999999996	0.00029602700000000003	-0.000465054
0.07515025999999997	-0.0644317628	-0.009627511	0.0866339768	-0.0232039175	0.0165580602	0.0663592128	-0.0784098948	0.07388962639999999	-0.0665478783	0.0566649955	-0.036528	-0.030225400000000006	0.023510200000000002	-0.000287555	0.000375555	-0.00032790699999999995
0.09470625	0.041567174	0.0411951321	0.0491185212	0.0619279551	0.0613021037	0.05092373360000002	-0.0785619741	0.0744869079	-0.0678509792	0.0588823313	-0.0292851	0.0212614	0.0235169	0.000173489	0.00029602700000000003	-0.000149082
0.11154179	-0.053834658499999986	-0.0424107322	0.017156277	0.1188747287	0.0420162081	-0.0680404787	-0.0787061389	0.0750541746	-0.0690925657	0.061004769	-0.0394522	-0.0320519	0.007627059999999998	-0.00034953199999999995	0.00029602700000000003	-0.00026949200000000003
0.116008365	0.0271914101	0.0737220206	-0.0112865445	0.019685668	-0.0440877795	-0.0680873077	-0.0788423748	0.07559119780000001	-0.0702715121	0.0630288878	-0.029277499999999998	0.0154159	0.013970400000000001	0.00012665299999999998	0.000659805	-6.90045e-05
0.12774349499999998	0.0262855419	-0.0808069162	-0.0371312983	0.0045594299	-0.0556712608	-0.0315795538	-0.0789706681	0.0760977612	-0.0713867496	0.06495142570000001	-0.0352141	-0.0405921	-0.00895142	0.000276328	0.00029602700000000003	-0.000413093
0.08516450999999997	0.0143431379	0.05636759	0.1005366366	-0.0334671172	-0.0958878541	-0.0680384086	-0.07909100570000001	0.0765736605	-0.0724372672	0.0667692842	-0.0292748	0.0116317	0.00686559	0.00010460100000000001	0.00029602700000000003	-0.000465054
0.09498654	0.0963030238	-0.0832369366	0.0515732001	-0.0511721458	0.0078960525	-0.1003843152	-0.0792033756	0.0770187042	-0.0734221124	0.0684795334	-0.03333	-0.0438871	-0.0181715	0.00012469600000000001	0.000483441	-0.000465054
0.085262815	-0.04396194230000002	0.007500258	0.0500653514	-0.0637485313	-0.1230006509	-0.0302023675	-0.0793077664	0.0774327128	-0.0743403923	0.0700794171	-0.034912	-0.00455466	0.00416491	-5.6821300000000004e-05	0.00035908800000000003	-0.000330685
0.038739454999999985	0.0693291067	0.00395061	-0.0140464096	-0.0566839246	0.0803873654	0.041997387699999986	-0.0794041677	0.0778155195	-0.07519127440000001	0.0715663568	-0.029274900000000006	-0.00458359	0.00879092	0.000371285	0.00029602700000000003	-0.00040846599999999996
0.07769653999999998	-0.1186838309	-0.0058183845	0.0156808396	0.0255860488	0.0686384025	0.0551727752	-0.0794925697	0.07816697	-0.0759739873	0.072937956	-0.0292748	-0.027103700000000005	0.031072199999999998	-0.000230027	0.000296028	-0.000465054
0.087213618	0.0369029558	0.043415827699999986	-0.006139646899999999	0.1472444638	0.1174789259	0.0557522971	-0.0795729635	0.0784869228	-0.0766878214	0.0741920043	-0.0292846	0.0184354	0.0150466	6.898360000000001e-06	0.000155036	-0.000330189
0.100534143	-0.0559515625	-0.060437825999999986	0.0169778605	0.1427529288	0.0034798484000000004	-0.0117842336	-0.079645341	0.0787752489	-0.0773321295	0.0753264804	-0.0358844	-0.0363995	-0.0117041	-2.18115e-05	0.00036209699999999997	-0.000341393
0.113670765	0.0195896288	0.07672375299999999	0.0258245681	0.0346777562	0.0596473091	-0.0867934446	-0.079709695	0.0790318321	-0.0779063275	0.0763395561	-0.029292500000000006	0.011595999999999999	0.030359800000000006	6.890479999999999e-05	0.000296028	-0.000157789
0.11539051	0.0482151418	-0.073034341	0.0855010499	0.0303654366	-0.015528246599999997	0.0061160986	-0.0797660189	0.079256569	-0.0784098948	0.0772295986	-0.029294499999999998	-0.04539	-0.0136149	0.00018942	0.000296028	-0.00032583
0.11252277	0.032480591600000004	0.026552738500000003	0.1706172677	-0.0448461518	-0.0381926005	0.0123837203	-0.0798143071	0.0794493692	-0.0788423748	0.07799517339999999	-0.0293055	0.00447057	0.022758	8.808979999999999e-05	7.05412e-05	-0.000127081
0.13710792	0.0470514823	-0.0699232463	0.0599825776	0.0808312798	0.0337088289	-0.08612908529999999	-0.0798545546	0.0796101548	-0.0792033756	0.0786350467	-0.029249599999999997	-0.0335589	-0.0264882	0.00034420800000000004	0.000471977	-0.000465054
0.057627669999999985	-0.1048733779	-0.0342891954	-0.017439311699999998	0.0011770343	-0.0446304502	-0.0841680251	-0.0798867576	0.0797388611	-0.0794925697	0.0791481873	-0.0267584	-0.025741900000000005	-0.00717841	-1.3533599999999999e-05	0.000427601	-0.000306978
0.10439892	0.0425240653	0.0773376769	-0.0453874733	-0.0100731741	-0.0295471082	-0.0054393377000000005	-0.0799109126	0.0798354362	-0.079709695	0.0795337681	-0.0292942	0.024854400000000002	0.00803743	0.000380643	0.000306524	-0.000101212
0.12732622999999998	0.007612674399999998	-0.0749900177	-0.0715500333	0.0405071973	-0.012271949	0.0570951704	-0.0799270173	0.0798998413	-0.0798545546	0.0797911678	-0.039677699999999996	-0.040967699999999996	-0.025173400000000002	0.000711292	0.000300024	-0.000122259
0.101638075	-0.0615745289	0.0323936855	0.020716714	0.011036999099999998	-0.0302879757	0.0599608689	-0.07993507009999999	0.0799320503	-0.0799270173	0.0799199714	-0.0397679	-0.007773419999999999	0.0151434	0.000244585	0.00027200099999999996	-5.625310000000001e-05
