0.0	0.033538609	-0.023464358	0.015594108	-0.020588727	0.031026904700000007	0.008075880799999999	0.07993507009999999	0.0799320503	0.0799270173	0.0799199714	-0.0168387	0.0242298	0.043561199999999994	0.00040963	0.000114095	-0.000225385
0.02826485	0.0039156767	-0.0181403789	0.0456999296	-0.0193019343	-0.0293111873	0.0142875231	0.0799270173	0.0798998413	0.0798545546	0.0797911678	-0.0189057	0.0259589	0.04977619999999999	0.00039275	0.000236905	0.0
0.11210671	-0.07028799320000001	-0.0249665285	0.0203397107	0.0481338361	0.0061989905	-0.03454539	0.0799109126	0.0798354362	0.079709695	0.0795337681	-0.0131293	-0.00115208	0.00992052	-0.000157618	-0.0	0.0
0.0738936	-0.0124476997	-0.029199992400000006	-0.0096722435	-0.054604474400000005	0.0600849515	0.047754229800000006	0.0798867576	0.0797388611	0.0794925697	0.0791481873	-0.010604299999999999	0.018241099999999996	0.038758999999999995	3.11848e-05	0.00027393599999999996	0.0
0.090234484	-0.07073494429999999	0.00177832	-0.0418690005	0.0369394435	-0.0592760668	0.048796820199999986	0.0798545546	0.0796101548	0.0792033756	0.0786350467	-0.00682061	-0.0007247539999999997	0.0126756	-0.000383889	-0.000139021	0.0
0.096220074	-0.037433837000000005	0.0252374242	-0.0322608189	0.0432537289	0.0864180856	-0.0519533682	0.0798143071	0.0794493692	0.0788423748	0.07799517339999999	-0.007608679999999999	0.0135247	0.046687900000000004	0.000420495	-0.0	0.0
0.12974542	-0.0645533363	0.1042502909	-0.0628502202	-0.0948696653	0.027348212200000003	0.01150766	0.0797660189	0.079256569	0.0784098948	0.0772295986	-0.00268244	-0.00823013	-0.023224599999999998	-0.00012196200000000001	-0.0	0.00012058
0.057438499999999997	-0.0386901388	0.0369351979	-0.076087901	0.0305365825	-0.122812598	-0.096862108	0.079709695	0.0790318321	0.0779063275	0.0763395561	-0.00712012	-0.00303841	-0.015177200000000004	0.00010551399999999999	0.000447178	0.0
0.19231079	0.0572856054	0.0708416903	-0.07950119559999999	0.0397183406	0.079690537	-0.06935480940000001	0.079645341	0.0787752489	0.0773321295	0.0753264804	-0.00075159	0.0382923	0.06482869999999999	0.00115273	0.000557868	0.000134207
0.164325676	-0.0102497731	0.0948925436	-0.035342962400000004	-0.0307247486	0.0120918482	0.0575437987	0.0795729635	0.0784869228	0.0766878214	0.0741920043	0.000991726	0.0015649000000000001	0.00743644	0.00015901899999999996	0.000316532	0.0
0.070637024	0.0501696729	0.0317011787	-0.0783694489	0.0493427217	-0.0709064039	-0.0585393436	0.0794925697	0.07816697	0.0759739873	0.072937956	0.00813995	0.0410931	0.013739500000000005	1.83349e-05	0.00045608199999999996	7.29167e-05
0.1135656909	-0.0337489725	0.0805133666	-0.0530045218	0.0198000226	0.1220416798	-0.0002561351	0.0794041677	0.0778155195	0.07519127440000001	0.0715663568	-9.31309e-05	0.00609878	0.0450142	0.000643472	0.0005392999999999999	0.0
0.1182285998	0.0410526505	0.1131897528	0.0235672147	-0.0836865762	-0.0324846102	-0.0057053748	0.0793077664	0.0774327128	0.0743403923	0.0700794171	-8.50011e-05	0.0137392	-0.012426600000000001	-0.000333442	0.000547605	7.756599999999998e-05
0.09335755889999996	0.0836479578	0.0201687299	-0.0564660481	-0.0056777973	-0.07741027240000001	-0.0304008668	0.0792033756	0.0770187042	0.0734221124	0.0684795334	-0.00386906	0.0427505	0.010048999999999999	0.000364606	0.000518007	0.00011165200000000001
0.07613794999999997	0.0234432885	0.0463506454	0.062212147	0.1452172392	0.0529724692	-0.0123372867	0.07909100570000001	0.0765736605	0.0724372672	0.0667692842	-0.00564791	0.004251100000000001	0.035837	0.00041140400000000003	0.000364525	0.000112806
0.04651493	0.0494178678	-0.0238057773	0.0402708647	-0.0491711077	0.0339847855	-0.0052212992	0.0789706681	0.0760977612	0.0713867496	0.06495142570000001	-0.00396348	0.0166134	0.027530000000000002	5.1226499999999995e-05	0.000284205	7.00795e-05
0.07269602	0.0281494521	-0.0098716003	0.0930315637	0.0370921774	-0.053088741	0.0280425634	0.0788423748	0.07559119780000001	0.0702715121	0.0630288878	-0.0100345	0.00795708	0.04216230000000002	0.000648355	8.468540000000001e-05	0.0
0.06926624	0.0368482852	-0.0654317359	0.0188069339	0.036521895	0.0321091637	-0.063011364	0.0787061389	0.0750541746	0.0690925657	0.061004769	-0.010046700000000002	0.018626	0.0377702	-1.6671800000000002e-05	0.000503519	0.0
0.054562955	0.0040117068	-0.0300673959	0.0398194497	-0.0469550755	0.0468344472	0.0325752423	0.0785619741	0.0744869079	0.0678509792	0.0588823313	-0.00639717	0.007940219999999998	0.0204191	2.7155900000000002e-05	0.000164182	-7.43662e-05
0.046481085	0.0193375059	-0.0493085902	0.0112358814	0.0393801712	-0.0595668035	0.0586596165	0.0784098948	0.07388962639999999	0.0665478783	0.0566649955	-0.00374078	0.0222536	0.0136132	0.000309283	0.00026179700000000003	0.0
0.07603136999999999	-0.0114679035	-0.0149208757	0.0529181879	0.032418979	0.1023747737	-0.007240674399999998	0.0782499164	0.0732625707	0.0651844444	0.0543563352	-0.00105815	-0.00169383	-0.00788361	0.000204671	-1.1812999999999994e-23	-0.000191681
0.089918305	0.0522034059	-0.025562869	-0.0549848811	-0.1191195087	-0.0331824852	-0.00783436	0.078082055	0.0726059935	0.0637619136	0.051960071	-0.0100227	0.029777099999999997	-0.00103035	-2.9670300000000013e-05	0.000426569	0.0
0.091301225	0.0002915404	0.027346679900000004	0.0002020288	0.0600496193	-0.0533396573	0.0689140377	0.0779063275	0.0719201593	0.062281575599999986	0.0494800651	-0.00784758	0.00337941	0.0254408	0.000301837	0.000226435	-0.00019350400000000002
0.07902541	0.0071513294999999985	-0.0036685785	-0.0060296377	0.0446019386	0.057673906	-0.026211509700000003	0.0777227516	0.0712053446	0.0607447724	0.0469203142	-0.0100323	0.0166513	0.0029365	-0.00029622599999999997	0.000196712	0.0
0.06074973999999999	0.0358945073	-0.0030195008000000003	-0.0046823032	-0.0684930344	-0.0013483157	0.0151767196	0.07753134589999999	0.07046183730000001	0.0591528974	0.0442849438	-0.00566906	0.0375697	-0.0056448	-0.000531434	0.00049924	0.0
0.11289657500000005	0.0720011878	-0.018967316	-0.017130019	-0.0717372597	-0.08660641849999999	0.047213465700000005	0.0773321295	0.06968993700000001	0.0575073938	0.0415782013	-0.0100533	0.014088299999999996	0.0448814	-0.000956432	0.000665502	9.883469999999999e-05
0.070211035	-0.0169273437	0.0727893181	0.0594215063	0.1011662775	0.0070431106	0.1010716356	0.0771251226	0.06888995490000001	0.0558097533	0.038804449	-0.00507378	0.0079693	0.0427706	-0.000234419	0.000439834	0.000291188
0.10496601	-0.0234523098	-0.0039525413	0.0300750574	0.0634157328	0.0298791013	-0.0012071077	0.07691034599999999	0.0680622132	0.0540615151	0.0359681572	0.00397243	0.010392100000000001	0.010390000000000002	-0.000930084	1.7843599999999995e-23	0.000204359
0.08657855999999997	-0.0235521536	-0.0212303371	0.0586245133	0.0212699415	0.0822599948	0.0126169301	0.0766878214	0.06720704549999999	0.0522642642	0.0330738971	0.00342947	0.0141638	0.047050699999999994	-0.000299407	0.000265742	0.00022000400000000002
0.0572003	-0.0013797815	0.0031316577	0.036142957	-0.0599306271	0.0008693373	0.0816173848	0.07645757110000001	0.0663247964	0.05041963	0.0301263332	-0.004942899999999999	0.00470307	0.0275512	-0.000567483	0.00028587700000000003	0.00011086100000000001
0.044392145	-0.060838092300000014	0.0173496746	0.0524311484	0.073893522	-0.0204794623	0.03500145	0.0762196185	0.06541582139999999	0.0485292848	0.0271302159	0.00344729	-0.0099283	0.0238576	-0.0007657569999999999	0.000373507	4.3225299999999994e-05
0.0549028	-0.0025549457	-0.0518867774	0.0142325909	-0.0037676852	0.0122573141	-0.0429116903	0.0759739873	0.0644804868	0.046594942400000006	0.024090374	0.00346309	0.015085299999999998	0.0169855	-0.00104956	0.00054973	4.3225299999999994e-05
0.08860694499999999	-0.032235132400000005	0.0387368525	0.0200205623	-0.0633988848	0.0070250422	0.0621046134	0.0757207024	0.0635191694	0.044618356500000005	0.0210117067	-0.00439454	-0.0023805	0.043274300000000016	-0.000509652	0.000560125	-0.00014636600000000001
0.08173436	0.0207667526	-0.0199872689	0.0536366166	0.0381489668	-0.1035689961	0.0401715235	0.0754597894	0.0625322567	0.0426013192	0.0178991758	-0.0107979	0.012122299999999999	0.0179974	-0.00105075	0.0005199730000000001	-0.000276142
0.12129605	0.0044947852	-0.0278035573	0.0735799636	0.0620839144	0.0344516527	-0.036438386	0.07519127440000001	0.0615201462	0.0405456591	0.0147577975	-0.012410899999999999	0.013110299999999998	0.06378049999999999	0.000186772	0.000309157	-0.000286043
0.11528669999999999	0.0219817709	-0.0512780655	0.0816847205	-0.07050378759999999	-0.0444758378	0.0403945311	0.0749151845	0.060483246	0.038453239900000005	0.0115926346	-0.0241085	0.0202085	0.0189214	-0.0007287199999999998	0.00034875	-0.000363594
0.05048539999999999	-0.0296077317	-0.0482690774	0.066863292	0.0245226266	-0.0843752711	0.016018285900000002	0.0746315476	0.0594219737	0.0363259585	0.0084087885	-0.024208599999999997	0.0157477	0.0371069	-0.00036261199999999995	0.00020213599999999998	-0.00040565199999999994
0.05805075	0.0046453627	-0.088669401	0.0389678124	0.0121240687	0.0568263374	-0.0409775367	0.0743403923	0.058336757	0.0341657437	0.0052113902	-0.020676499999999997	0.0202212	0.0156624	-0.0006904060000000001	0.00024359	-0.000608417
0.0832773	-0.0226323674	-0.0625737701	0.0291465362	-0.07351282519999999	0.0162581792	0.0066194357	0.0740417477	0.0572280333	0.0319745538	0.002005593	-0.033419199999999996	0.020247499999999998	0.0293063	-0.000240334	0.000650958	-0.000328569
0.08825705349999999	-0.0360748307	-0.055917845	0.0252214605	-0.0049840392	-0.0709873038	0.0155026759	0.0737356442	0.0560962492	0.0297543755	-0.0012034366	-0.0229415	0.020225299999999998	1.98465e-05	-0.000793583	0.00052506	-0.000618836
0.05420374050000002	-0.0911568331	-0.0639762761	0.0166406749	0.0625405148	-0.0296643741	-0.0303229562	0.0734221124	0.0549418609	0.0275072215	-0.0044105266	-0.015000399999999999	0.000329396	-0.00362854	-0.000634992	0.000376385	-0.000471735
0.07105130399999998	-0.0424904845	-0.0944132789	0.0133199068	-0.0632033416	0.02146759	-0.0453246201	0.07310118389999999	0.0537653335	0.0252351292	-0.007610508399999999	-0.0182543	0.0276618	-0.00360174	-0.000991805	0.000683362	-0.000616709
0.07052019999999999	-0.0887264893	-0.0728330488	0.0104533694	-0.0571954709	-0.0687500669	0.0513121257	0.0727728912	0.052567141100000006	0.0229401584	-0.0107982247	-0.0284705	0.00487284	0.011245	-0.0007972689999999998	0.0009180910000000001	-0.00064081
0.05425277999999999	-0.0335161898	-0.0907003796	0.0099663891	0.0200494552	-0.0564126857	-0.0689416724	0.0724372672	0.0513477665	0.0206243899	-0.0139685379	-0.0274368	0.020196099999999998	-0.00361677	-0.00122595	0.0009080939999999999	-0.000662813
0.07963006	-0.0767887784	-0.0553289481	-0.0285067078	-0.0289544154	0.08916804119999999	0.0073701838	0.0720943458	0.050107701	0.0182899231	-0.0171163386	-0.027285400000000005	-0.00106034	0.014368	-0.000625229	0.0007595189999999997	-0.00060736
0.07467104	-0.0605177817	-0.0343862687	-0.0027671915	-0.08100200490000001	-0.0666864554	0.0103093256	0.0717441615	0.0488474444	0.0159388744	-0.0202365536	-0.0278418	0.013569	-0.014128100000000001	-0.000992861	0.000946498	-0.000672533
0.11102766	-0.0756341856	-0.0110251466	-0.1110875407	-0.0243351138	-0.0199209423	0.0334000223	0.0713867496	0.0475675045	0.0135733754	-0.0233241543	-0.0258249	0.024163900000000002	0.021847400000000003	-9.93418e-05	0.00117734	-0.0005480869999999999
0.20621826	-0.12861911269999998	0.029225993	0.0101972322	-0.0248702976	0.028003952	-0.096573683	0.0710221462	0.046268397	0.0111955706	-0.0263741644	-0.0103284	-0.019425099999999997	-0.039205199999999996	-0.00119108	0.0005858290000000001	-0.0005097330000000001
0.1751504755	0.0894440122	-0.13704670630000002	-0.0362462312	-0.1279933727	-0.1053736664	-0.0842655226	0.0706503878	0.0449506455	0.0088076158	-0.0293816684	-0.00582069	0.05091180000000002	-0.029694599999999998	-0.000185889	-3.33431e-06	-0.000288182
0.1213345655	0.0914622504	-0.029362827200000007	-0.0371688415	-0.0281208395	-0.0268344064	0.0050465326000000005	0.0702715121	0.0436147809	0.006411676	-0.0323418192	-0.0235148	0.0450446	0.0196902	-6.61242e-05	0.000822253	-0.000310599
0.05400734850000001	0.062455052	-0.109578106	-0.0680320886	0.0577885871	-0.043650078200000005	-0.0470218947	0.0698855571	0.0422613414	0.0040099232	-0.0352498461	-0.0112661	0.0483188	0.008202219999999998	-6.61242e-05	0.000585999	-6.923630000000001e-06
0.055710608500000015	0.0389304553	-0.0470046737	-0.0383878566	0.0191653473	0.0941203993	-0.0173524697	0.06949256179999999	0.0408908726	0.001604535	-0.0381010623	-0.008854779999999998	0.029259500000000008	0.020638999999999998	-0.00017717400000000002	0.000688483	-0.000229454
0.02872109	0.0523051716	-0.0406694132	-0.0996558694	-0.052225146900000005	-0.0240005509	0.0234312599	0.0690925657	0.0395039266	-0.0008023078999999999	-0.0408908726	-0.009996540000000005	0.0241892	0.007738219999999999	-0.00021188	0.0008255710000000001	-0.000249825
0.08406678	-0.0396872149	0.057521697300000015	-0.1407388846	0.0697059266	0.0212998026	0.04420824	0.0686856091	0.0381010623	-0.0032084234000000003	-0.0436147809	-0.00263588	0.00134881	0.0317183	0.000124835	0.000585999	-0.000228399
0.10842847	0.0269488637	0.055492876100000005	-0.0630131508	0.0117690624	0.0397594858	-0.0846669238	0.068271733	0.0366828449	-0.0056116301	-0.046268397	-0.0025918000000000004	0.0134441	-0.0135161	-0.000653925	0.0007934199999999998	-0.00026331200000000003
0.10668676	0.1124066694	0.0309820701	-0.209498581	-0.0856790691	-0.0280254013	-0.005576222099999999	0.0678509792	0.0352498461	-0.0080097493	-0.0488474444	-0.00518159	0.0453806	0.0170164	-0.00020059999999999997	0.000958805	-4.94626e-05
0.08891383199999997	0.016220535600000002	0.1457194462	-0.0689180641	0.0349669671	-0.0057911738	0.0837102512	0.06742339	0.0338026431	-0.0104006067	-0.0513477665	-0.000822598	-0.00198615	0.0271687	-0.000340892	0.000585999	-7.70804e-05
0.06014106800000001	0.069157457	0.0947078121	-0.049096924900000005	0.0775024487	-0.0178920961	-0.0555139649	0.0669890084	0.0323418192	-0.0127820349	-0.0537653335	0.00055085	0.0137841	0.013530700000000001	-0.000706377	0.000585999	0.000144622
0.08989883499999997	0.0821095592	0.0965569719	-0.0154985457	-0.0332227251	0.0917181876	-0.0268700943	0.0665478783	0.030867963	-0.0151518747	-0.0560962492	-0.00012449	0.021862700000000002	0.0439036	1.63949e-05	0.000585999	0.00043729
0.07983312499999999	0.048449722300000005	0.042623687	0.0432133863	0.0040491396	-0.0206383306	0.05991033780000001	0.0661000441	0.0293816684	-0.0175079777	-0.058336757	-0.00176137	0.0152731	0.0247184	-0.000764248	0.000691385	0.00027489
0.04989001	0.0184433781	0.013596487	0.053632966	0.07079668160000001	0.0621383487	-0.0475904242	0.06564555080000001	0.0278835343	-0.0198482077	-0.060483246	0.00796631	0.00453832	0.0271985	-0.000396795	0.000585999	0.000341
0.033271510000000004	0.0413829066	0.006077499300000001	0.0259662304	-0.0686275569	0.0112305195	0.0159458897	0.0651844444	0.0263741644	-0.0221704431	-0.0625322567	0.00197108	0.0215868	0.027185300000000003	-0.000224424	0.000585999	0.000309079
0.03934487	-0.0206369759	0.0105055576	0.046372078	0.0638389893	0.0147288062	0.0066590941	0.0647167712	0.0248541669	-0.0244725786	-0.0644804868	0.00300282	0.00942442	0.027202499999999998	-0.000254953	0.000258314	0.000144622
0.04572549	-0.0122680545	-0.034237730200000004	0.024576786	0.0183918477	0.0512422609	-0.0499309616	0.0642425783	0.0233241543	-0.026752527	-0.0663247964	-0.00441589	0.0177602	0.020043900000000003	-0.0005747009999999999	0.000394814	0.000144622
0.01979566	0.0039468831	-0.0095540903	-0.0100986417	-0.0937940928	0.0285562824	0.0325373381	0.0637619136	0.0217847431	-0.0290082213	-0.0680622132	-0.010293600000000002	0.0215693	0.0214437	-0.000467819	0.0004621130000000001	0.000144622
0.05630029	-0.0207166306	0.0041631863	0.029049014	0.0457351969	-0.0604230546	-0.0161158881	0.0632748254	0.0202365536	-0.0312376164	-0.06968993700000001	-0.008634509999999998	-0.0111807	0.0176738	-0.0006896189999999999	0.000321487	0.000144622
0.05044688000000001	-0.00802973	-0.0025094864	0.0125724322	0.0315033955	0.0886062944	-0.0775604204	0.0627813628	0.0186802098	-0.0334386912	-0.0712053446	-0.00449901	-0.00307417	0.0386312	-0.000396795	0.000269362	0.000144622
0.016816249999999998	0.0111995219	0.0109253251	0.0134606187	-0.0681016515	-0.0218201263	0.0263081069	0.062281575599999986	0.0171163386	-0.035609450099999995	-0.0726059935	-0.00944139	-0.00043865	0.034171	-0.000396795	0.000364925	0.000144622
0.065145405	-0.0261439582	0.0105236668	0.0422306242	0.0486918957	-0.0300468279	0.0178676956	0.061775514	0.0155455703	-0.037747925	-0.07388962639999999	-0.011501	-0.0132639	0.0509304	8.044389999999997e-05	0.00017214099999999998	0.000144622
0.096173055	0.0027909508	-0.0113749809	0.026337582400000004	-0.0131939783	0.0619060279	-0.0314680606	0.0612632291	0.0139685379	-0.0398521774	-0.0750541746	-0.0115244	-0.00966724	0.024903099999999997	-0.000652617	0.0007695939999999999	0.000144622
0.0510423488	-0.0130096267	0.032709928199999995	0.0383101489	-0.0471936806	-0.003131156	0.0350967256	0.0607447724	0.0123858767	-0.0419202993	-0.0760977612	-0.011533799999999999	-0.00965188	0.0383596	-0.000297157	0.0005191940000000001	-7.397759999999999e-07
0.0538605188	0.0170614989	0.008570292	0.011693749	0.0448865853	-0.0483733325	-0.0098875591	0.0602201963	0.0107982247	-0.0439504158	-0.0770187042	-0.0115211	-0.0031848000000000002	0.029220199999999998	-0.0008396810000000001	0.00044225300000000004	0.000144622
0.053068399999999995	-0.0146488493	0.0251271757	-0.0487995712	0.0972547489	0.0165340927	-0.051686423200000005	0.0596895534	0.0092062214	-0.0459406864	-0.0778155195	-0.00776747	0.00629407	0.047927199999999996	-0.000468783	0.000493933	0.000144622
0.06771474100000001	0.012204732	0.035687298900000004	-0.0171672836	-0.085242217	0.042028207000000005	-0.0004785013	0.0591528974	0.007610508399999999	-0.0478893067	-0.0784869228	-0.011537799999999999	-0.00274874	0.0262153	-0.0007834589999999999	0.000705407	6.97798e-06
0.033942541	-0.0025224039	0.0407015794	-0.029832969	0.0249367363	-0.0675487063	0.016742690600000002	0.0586102822	0.0060117288	-0.0497945101	-0.0790318321	-0.011559200000000002	-0.00967343	0.03835209999999999	-0.00067295	0.000754447	0.000144622
0.05692943000000001	0.0552689682	0.0237640443	-0.0067347746	0.0747516167	-0.019862768	-0.0750337969	0.0580617626	0.0044105266	-0.0516545692	-0.0794493692	-0.011508	0.00617361	0.0266392	-0.0009536869999999999	0.000534237	5.9203199999999996e-05
0.061430399999999996	0.0462650366	0.005923213399999999	0.0032698558	-0.0191183247	0.055369481500000005	-4.38678e-05	0.0575073938	0.0028075473	-0.0534677978	-0.0797388611	-0.011532299999999999	-0.009665799999999999	0.0479526	-0.000572723	0.000515554	0.000144622
0.107168405	0.0495833301	0.0013472617999999998	0.0284759179	-0.0421501558	-0.0197988087	0.0581383859	0.0569472315	0.0012034366	-0.0552325519	-0.0798998413	-0.011554	0.0213912	0.0246271	2.07971e-05	0.0007152860000000001	-0.00011741
0.109267505	0.0044001516	0.005833620699999999	0.0417086814	0.0802230699	-0.0197785544	0.0012129638	0.05638133240000001	-0.000401159	-0.0569472315	-0.0799320503	-0.0114869	-0.014644799999999996	0.0378324	-0.0007014110000000001	0.000399913	-0.00027901099999999996
0.03423331	0.044942961	-0.0087862036	0.0367099037	-0.0022425673	0.068029452	-0.04759307	0.0558097533	-0.002005593	-0.0586102822	-0.0798354362	-0.011510200000000002	0.00618331	0.0378293	-0.000921956	0.00042240199999999994	-0.000254469
0.05118816	-0.0345752546	0.0507142375	0.0114345969	-0.0985195393	0.0247004938	0.0418508703	0.0552325519	-0.0036092188	-0.0602201963	-0.0796101548	-0.011527899999999999	0.0022711	0.0134977	-0.00112149	0.0006685630000000001	-0.000241631
0.09081683	-0.0439165996	0.0226097834	-0.0176815079	-0.0662224522	-0.1190514899	-0.0126752705	0.0546497862	-0.0052113902	-0.061775514	-0.079256569	-0.00798092	0.0147108	-0.017816	-0.00165995	0.00035900099999999996	-0.00021932400000000002
0.19755415	0.0183665022	0.0834251229	0.0080942636	0.0200655765	-0.0419850679	-0.0237373817	0.0540615151	-0.0068114617	-0.0632748254	-0.0787752489	-0.022924400000000004	-0.00727957	0.037053300000000004	-0.000426813	0.0009414139999999999	-0.000518794
0.07666161	-0.01228285	0.0035764893	-0.0029750067	0.052632975	-0.0259268582	-0.0764079522	0.0534677978	-0.0084087885	-0.0647167712	-0.07816697	-0.0115136	-0.00634651	0.0162452	-0.000596316	0.000588005	-0.00017151299999999998
0.05673647	-0.0061981666	0.0444607672	0.0290055804	0.0029822011	0.08080424530000001	-0.0260237599	0.052868694	-0.0100027269	-0.0661000441	-0.0774327128	-0.0115204	-0.00365434	0.054057299999999996	-0.00038580099999999996	0.000517951	-0.000127574
0.107729945	-0.0347665976	0.04800467	0.017612844	-0.08398055730000001	-0.0002386271	0.0443834567	0.0522642642	-0.0115926346	-0.06742339	-0.0765736605	-0.018725400000000003	-0.015541299999999997	0.0200397	-0.00137079	0.000540151	-4.23553e-05
0.08510723	-0.0267589601	0.0813775356	-0.0260771517	0.0405915746	-0.0554041982	-0.0001352664	0.0516545692	-0.0131778711	-0.0686856091	-0.07559119780000001	-0.0115173	-0.007279039999999999	0.0486586	-0.00066609	0.00047656099999999997	-9.44247e-05
0.07655300799999999	-0.0073128829	0.0745539447	-0.0025854168	0.0477374713	0.046611531	-0.0620514687	0.0510396705	-0.0147577975	-0.0698855571	-0.0744869079	-0.011562200000000005	-0.00853794	0.00043207699999999995	-0.00049571	0.000607588	0.000144622
0.07874096299999997	0.0016206574	0.055748363899999986	-0.0334200603	-0.0364874386	0.07056025769999999	-0.0265029643	0.05041963	-0.0163317771	-0.0710221462	-0.0732625707	-0.0115318	0.00894605	0.035469400000000005	-0.000911495	0.0007155880000000001	0.000144622
0.07974751	0.0088586047	0.0823559359	-0.0041795527	-0.0300492638	-0.0434718916	0.0752935537	0.0497945101	-0.0178991758	-0.0720943458	-0.0719201593	-0.00550114	-0.014210200000000001	0.0206602	-0.00136019	0.000449255	0.000144622
0.077673185	-0.0034654085	0.0826721941	0.0330766382	0.0873051497	-0.0103368031	-0.003027422	0.0491643739	-0.0194593619	-0.07310118389999999	-0.07046183730000001	-0.0065898	-0.00318549	0.0494022	-0.0008218369999999997	0.000417312	-2.1438299999999998e-05
0.089072883	0.0063037748	0.0505717793	0.0274145279	0.0541288753	0.0761866174	-2.26095e-05	0.0485292848	-0.0210117067	-0.0740417477	-0.06888995490000001	0.00010329299999999999	-0.0119338	0.025804200000000003	-0.00130501	6.58757e-05	0.000144622
0.06813944799999999	-0.0171685644	0.0361679426	0.0443350835	-0.0234045219	-0.0033007799	0.0618007698	0.0478893067	-0.0225555848	-0.0749151845	-0.06720704549999999	-0.00842985	-0.00309541	0.0405269	-0.00090669	0.000190888	-5.295e-05
0.07808587999999997	-0.008170523399999999	0.0285643844	0.0596007643	0.027743939	-0.031567585	0.0487139512	0.0472445043	-0.024090374	-0.0757207024	-0.06541582139999999	-0.011488000000000002	-0.011932799999999999	0.014358700000000004	-0.00170448	0.000190888	-5.5602799999999996e-05
0.07088631000000001	-0.0170296069	-0.0288156271	0.0768091954	0.0510686742	0.049718749000000007	-0.019381741	0.046594942400000006	-0.0256154559	-0.07645757110000001	-0.0635191694	-0.0114858	-0.0118763	0.042541	-0.00105901	0.00028448	-0.000169447
0.07122230600000001	0.0144546545	-0.002911667	0.0155224763	-0.06629972599999999	-0.0424835389	0.0581697787	0.0459406864	-0.0271302159	-0.0771251226	-0.0615201462	-0.0208662	-0.0008959439999999998	0.0143803	-0.00140258	0.00038727900000000003	-0.000177095
0.079167556	-0.026123336	-0.0348569156	0.0372835803	0.0627665324	-0.049317415700000006	0.0337031035	0.0452818024	-0.0286340436	-0.0777227516	-0.0594219737	-0.0265096	-0.017474799999999995	0.034022500000000004	-0.0009228210000000002	0.000190888	-0.000107183
0.050147365	-0.0237032932	-0.0244464448	0.0161507109	0.0179601204	0.1045925869	-0.006209443100000001	0.044618356500000005	-0.0301263332	-0.0782499164	-0.0572280333	-0.0243879	-0.00129155	0.0231285	-0.00129838	0.000190888	-6.37737e-05
0.03773767712	-0.0695897674	-0.0175171561	0.0103523207	-0.0252759068	-0.0278074055	0.0860879833	0.0439504158	-0.0316064831	-0.0787061389	-0.0549418609	-0.0214208	-0.011834899999999999	0.023125200000000002	-0.00108471	-3.82424e-08	-0.000143656
0.07945877211999999	-0.0428211562	-0.0363503194	0.014757297	0.0501716177	-0.0579033562	0.0197051464	0.0432780475	-0.0330738971	-0.07909100570000001	-0.052567141100000006	-0.0166405	0.00320676	0.015413399999999999	-0.00171365	0.000190888	-0.00036229
0.056967605	-0.078177243	-0.0405107063	0.0111746051	0.06150192440000001	0.0766820184	0.0249634562	0.0426013192	-0.0345279838	-0.0794041677	-0.050107701	-0.020388200000000002	-0.014557399999999996	0.023140599999999997	-0.0013372700000000006	8.37891e-05	-0.000291198
0.068952182	-0.0387094312	-0.0229800013	-0.0246186784	-0.0648013286	-0.0048102595000000005	0.0457555127	0.0419202993	-0.0359681572	-0.079645341	-0.0475675045	-0.0250838	0.0008908269999999999	0.00255084	-0.00167294	0.000271583	-0.00025029
0.06266983699999999	-0.0883552661	-0.0199379779	-0.0081186843	0.0558341675	-0.060633724000000014	0.025276288900000003	0.0412350562	-0.0373938371	-0.0798143071	-0.0449506455	-0.021768700000000002	-0.0118503	0.020906099999999997	-0.00134299	0.000190888	-0.00040481199999999995
0.05869201999999999	-0.0737513238	-0.0592452089	-0.0111550947	0.0154801198	0.06343948860000001	-0.020160861	0.0405456591	-0.038804449	-0.0799109126	-0.0422613414	-0.0254331	-0.00271546	0.00278242	-0.00156354	0.00043091300000000016	-0.000499619
0.03672661	-0.0678557073	-0.0240262418	-0.0154691443	-0.059573366	-0.0207607176	0.0293134139	0.0398521774	-0.0401994245	-0.07993507009999999	-0.0395039266	-0.0317316	-0.00279839	0.00351965	-0.000989367	0.000448899	-0.000499619
0.05391451000000001	-0.0552708125	-0.02091007	-0.0015124282	0.0322963064	-0.0392251555	0.0488839387	0.0391546809	-0.0415782013	-0.0798867576	-0.0366828449	-0.0317278	0.0010956	0.00493002	-0.00173058	0.000583196	-0.000596236
0.10247624	-0.0818574063	-0.0557417569	-0.0148786788	0.0572793699	0.013213813	-0.0309892692	0.038453239900000005	-0.0429402241	-0.0797660189	-0.0338026431	-0.0317043	-0.008330159999999998	0.023181200000000002	-0.0007239889999999998	0.000190888	-0.000499619
0.09730005600000002	-0.0552458674	-0.0131152244	-0.0226097327	-0.06754020990000001	0.052813458499999986	0.047401871100000006	0.037747925	-0.0442849438	-0.0795729635	-0.030867963	-0.0317591	0.0007975460000000001	0.00259505	-0.0014147700000000005	0.000850735	-0.000499619
0.06337087599999999	-0.0661373022	-0.05975378	-0.0501305023	-0.01323265	-0.0895225769	0.0394615348	0.037038807400000005	-0.0456118188	-0.0793077664	-0.0278835343	-0.031090800000000002	-0.00541473	0.014741200000000001	-0.00137983	0.000190888	-0.000691715
0.03996742	-0.0838970546	-0.0196169483	-0.04771941440000002	0.0625640561	0.044207498600000006	0.0053272468	0.0363259585	-0.0469203142	-0.0789706681	-0.0248541669	-0.030187900000000007	-0.012136200000000002	0.023241400000000002	-0.00093352	0.000190888	-0.000722262
0.16569520000000001	-0.1130401711	0.0044436443	0.0002797504	-0.080197589	-0.0037722947	-0.041666395	0.035609450099999995	-0.0482099028	-0.0785619741	-0.0217847431	-0.031354	-0.0318478	-0.0169301	-0.00147151	0.00113712	-0.00133096
0.06973539999999999	-0.0741293537	-0.0069100055	-0.0339094568	-0.0232158277	-0.0534442589	0.0520692022	0.0348893543	-0.0494800651	-0.078082055	-0.0186802098	-0.0361642	-0.00578936	-0.00984424	-0.00185432	0.000955992	-0.0012592800000000006
0.03961677	0.0189390738	-0.08355583400000001	-0.0988762686	0.0314850609	-0.1149917162	-0.1736516119	0.0341657437	-0.0507302891	-0.07753134589999999	-0.0155455703	-0.0399652	0.014282499999999997	-0.0164053	-0.00183847	0.000916785	-0.00113068
0.17537055	0.3559690308	-0.1350693952	0.0598678263	-0.1189456955	0.0044776633	-0.2711822511	0.0334386912	-0.051960071	-0.07691034599999999	-0.0123858767	-0.044471300000000005	0.07575789999999999	0.0300696	-0.000743732	0.00107996	-0.00113105
0.12408393	0.1674246324	-0.0067143251	0.1135750434	-0.0319528401	0.0727952493	0.07459631809999999	0.03270827	-0.0531689154	-0.0762196185	-0.0092062214	-0.0545124	0.0160465	0.00586157	-0.00104115	0.0012567800000000005	-0.0012592800000000006
0.06528154999999998	0.1507042839	-0.0701659154	-0.0259210055	-0.0768648337	-0.0589969826	-0.021200403	0.0319745538	-0.0543563352	-0.0754597894	-0.0060117288	-0.0445288	0.0278994	-0.00529198	-0.00164939	0.00129437	-0.0012592800000000006
0.10527968	0.1182960041	0.0191775622	0.0233972735	0.0025871867	-0.0291149747	0.0591060029	0.0312376164	-0.0555218517	-0.0746315476	-0.0028075473	-0.0445208	0.027765300000000003	0.030124099999999997	-0.0007266329999999999	0.00146021	-0.000953447
0.10564936	0.0746535333	-0.0598821276	0.0564376186	0.0579218877	-0.0483524896	-0.0382802652	0.0304975321	-0.0566649955	-0.0737356442	0.000401159	-0.027445999999999998	0.00847169	0.007920649999999998	-0.0012198100000000006	0.00103622	-0.00097783
0.05549220999999999	0.0490230866	-0.050871878200000005	0.0427259643	0.0361885401	0.08836126539999999	0.012033734	0.0297543755	-0.0577853059	-0.0727728912	0.0036092188	-0.0392021	0.0126891	0.030121199999999997	-0.00095539	0.00110235	-0.000993643
0.06952749	0.0863749641	-0.0514271305	0.028444034	-0.0641082879	-0.0551888824	0.0328255314	0.0290082213	-0.0588823313	-0.0717441615	0.0068114617	-0.039154699999999994	0.0216517	0.00695356	-0.00137127	0.00116783	-0.0012592800000000006
0.045624540000000005	0.0226735863	0.0080248687	0.0165936593	0.0701544615	-0.0120880457	0.0852444289	0.0282591448	-0.059955629800000014	-0.0706503878	0.0100027269	-0.028994	0.012656	0.0136077	-0.0011603	0.00135314	-0.0012592800000000006
0.08747790000000001	0.0239418688	-0.0262064179	0.0326578235	0.053483873	0.0717752822	-0.0296889718	0.0275072215	-0.061004769	-0.06949256179999999	0.0131778711	-0.028972300000000006	0.0107772	-0.0118361	-0.0017657	0.00112908	-0.0008860679999999998
0.08339355000000001	0.0218999875	-0.0005009593	-0.0118751014	-0.068485516	0.037400445	0.0817109496	0.026752527	-0.0620293259	-0.068271733	0.0163317771	-0.0358225	0.0182462	0.0180423	-0.00122723	0.00135314	-0.000907457
0.06476744999999999	0.0466124284	-0.0418929378	0.0458664243	0.0313667701	-0.06762292360000001	0.0461704377	0.0259951375	-0.0630288878	-0.0669890084	0.0194593619	-0.0289716	0.0193553	-0.0144781	-0.0017023	0.00135314	-0.0008967860000000002
0.10940265999999996	0.0307067431	-0.0749277009	0.0403434465	0.0378489862	0.0493749797	0.006856544	0.0252351292	-0.06400305190000001	-0.06564555080000001	0.0225555848	-0.0290157	0.0311856	0.00155791	-0.000518779	0.00162699	-0.00106926
0.10267076	0.013301201100000002	-0.0208614142	0.0157186111	-0.0857493081	0.028969571	0.0404732828	0.0244725786	-0.06495142570000001	-0.0642425783	0.0256154559	-0.028979599999999998	0.0220005	-0.0202591	-0.0016407	0.00135314	-0.00103238
0.06470282000000001	0.006429572	-0.0491895912	0.025877605	0.0435880088	-0.0865915867	0.0391894635	0.0237075627	-0.065873627	-0.0627813628	0.0286340436	-0.0413754	0.011416599999999999	-0.00315998	-0.00123863	0.0012707	-0.00102441
0.04909952	0.0253304826	-0.0919418478	0.0347993275	0.0292656629	0.0694211717	-0.0105566131	0.0229401584	-0.0667692842	-0.0612632291	0.0316064831	-0.0388487	0.022037	-0.0143641	-0.0014207200000000005	0.00109533	-0.000886904
0.04769991000000001	0.006805877199999999	-0.0489185488	-0.0371767007	-0.029178475	0.0198004663	0.0686550158	0.0221704431	-0.0676380363	-0.0596895534	0.0345279838	-0.037768699999999995	0.022060800000000002	0.00180766	-0.000906742	0.00105084	-0.000836885
0.06313988000000001	0.0077816316	-0.0420573121	-0.0353891763	0.0100693432	-0.008006443299999999	0.0613502353	0.0213984944	-0.0684795334	-0.0580617626	0.0373938371	-0.023900900000000003	0.027962	-0.00238177	-0.00153307	0.00116519	-0.000879836
0.06647661000000002	-0.0353595053	-0.029047035	-0.0340042135	0.0929379424	0.0502461512	0.0154785725	0.0206243899	-0.0692934363	-0.05638133240000001	0.0401994245	-0.0239331	0.00125745	0.007941089999999998	-0.00114399	0.00135314	-0.0008685260000000001
0.06290516000000003	-0.0095570481	-0.0614731354	-0.0205726586	-0.0250375829	0.1130924352	-0.0096570576	0.0198482077	-0.0700794171	-0.0546497862	0.0429402241	-0.023947	0.010200200000000001	-0.00670867	-0.00168938	0.00157456	-0.0008493609999999998
0.10371948	0.0123774341	-0.0100511427	-0.0740982609	-0.0274067554	-0.0521771967	0.0762855118	0.019070026	-0.07083715900000001	-0.052868694	0.0456118188	-0.0239171	0.00234014	0.0260791	-0.00120648	0.00113405	-0.0005119359999999999
0.08027025999999997	0.0326587781	-0.0203412652	-0.019566604	0.0582709487	-0.0293400283	0.0176494121	0.0182899231	-0.0715663568	-0.0510396705	0.0482099028	-0.0195303	0.022795199999999998	0.00348555	-0.00144158	0.0008842219999999998	-0.000683705
0.023721934	0.008201126	-0.04349364	-0.114564224	0.0180248782	0.0790319789	0.006981998499999999	0.0175079777	-0.07226671650000001	-0.0491643739	0.0507302891	-0.0239201	0.0186753	-0.00023293400000000002	-0.0013782200000000005	0.00104963	-0.0006848119999999999
0.017933115000000006	-0.0052395586	-0.0366279468	-0.0027468483	-0.0598818844	0.0101871419	0.045048908	0.016724268400000002	-0.072937956	-0.0472445043	0.0531689154	-0.0239315	0.0186853	0.000290381	-0.00125876	0.00122648	-0.000633354
0.06791707900000002	-0.0388088257	-0.0165868539	-0.0176943544	0.0437155522	-0.0029512502000000004	0.0787082815	0.0159388744	-0.07357980480000001	-0.0452818024	0.0555218517	-0.027451299999999998	-0.00382186	0.020735	-0.00108738	0.000998001	-0.000662405
0.07381396000000001	-0.0786612116	0.0077534118	-0.006846623299999999	0.0700874273	0.0961417698	0.0215587229	0.0151518747	-0.0741920043	-0.0432780475	0.0577853059	-0.0221024	-0.00462957	0.0119958	-0.00198848	0.0008842219999999998	-0.0008258889999999999
0.05118941	-0.0682567466	-0.0094647271	-0.0757094123	-0.08150167030000001	0.0050827573	-0.0726790236	0.0143633485	-0.0747743077	-0.0412350562	0.059955629800000014	-0.037072	-0.008332519999999998	0.00933724	-0.00155898	0.000716556	-0.0008258889999999999
0.103817516	-0.0259102794	-0.0075345314	-0.0648175037	-0.075889998	-0.0782589595	-0.0401635317	0.0135733754	-0.0753264804	-0.0391546809	0.0620293259	-0.0539754	0.0247395	-0.000991306	-0.00115624	0.000652606	-0.00042230800000000004
0.066207856	-0.0219098665	-0.0032913691	-0.1452859909	0.0099124682	-0.0170635812	-0.0181267628	0.0127820349	-0.07584830000000001	-0.037038807400000005	0.06400305190000001	-0.0315522	0.016408700000000002	0.010143899999999999	-0.000934328	0.00046465300000000004	-0.0003458
0.02043045	-0.02417968	0.006912983199999999	-0.14278003849999998	0.0286649086	0.0535219439	-0.0504495712	0.0119894067	-0.0763395561	-0.0348893543	0.065873627	-0.0359163	0.0141856	0.018824	-0.0009693239999999999	0.00046465300000000004	-0.000277533
0.03976461	-0.036986158	0.0683522025	-0.1292391789	-0.0735089685	0.0483671848	0.0336522206	0.0111955706	-0.0768000508	-0.03270827	0.0676380363	-0.0359192	0.00359479	0.0208483	-0.0005903109999999999	0.000568198	-0.000337907
0.09173282	-0.0505036762	0.0961706476	-0.1008401094	0.0548607339	-0.06915645940000001	-0.0153030285	0.0104006067	-0.0772295986	-0.0304975321	0.0692934363	-0.0359173	0.008448899999999999	-0.00258251	-0.00161966	0.000621151	-0.000524525
0.04129659	-0.0312588271	0.1015375702	-0.187864792	0.039255508	-0.105430924	-0.0345737127	0.0096045951	-0.0776280263	-0.0282591448	0.07083715900000001	-0.03591969999999998	0.013277299999999999	-0.0126874	-0.00157539	0.000385195	-0.000277533
0.095547845	-0.0019197085	0.179401124	-0.1311842026	0.0673709686	0.0009321517	-0.032203679	0.0088076158	-0.07799517339999999	-0.0259951375	0.07226671650000001	-0.035910199999999996	0.000266155	0.0188845	-0.0008984110000000002	0.0007273219999999998	-0.000277533
0.063287965	-0.0606889508	0.1735142494	-0.0418919567	-0.0078237123	0.06512833059999999	-0.0353064312	0.0080097493	-0.078330892	-0.0237075627	0.07357980480000001	-0.035919099999999995	-0.0117996	0.00462379	-0.00155703	0.000646889	-0.000277533
0.06655130000000001	-0.045938464000000005	0.1798475631	-0.0194830389	-0.0376814252	0.0622474355	-0.0539428511	0.0072110759	-0.0786350467	-0.0213984944	0.0747743077	-0.035904900000000003	-0.00174191	0.010727200000000001	-0.00120091	0.00112407	-0.000451752
0.04717853	-0.0697297894	0.1634803671	0.0496716459	-0.0201594959	0.057112100599999986	0.0119988278	0.006411676	-0.07890751509999999	-0.019070026	0.07584830000000001	-0.035966000000000005	-0.00960969	0.029039999999999996	-0.00109525	0.0009362810000000001	-0.00057704
0.10439468999999996	-0.0134610424	0.1409549808	0.0361209718	-0.1118962105	0.0029449202	-0.0478662468	0.0056116301	-0.0791481873	-0.016724268400000002	0.0768000508	-0.0400389	0.00118706	0.00632901	-0.00170405	0.00148966	-0.000751142
0.12543949999999998	0.1202160581	0.1225918714	0.0416941166	-0.0636781186	-0.1783581217	-0.2162149468	0.004811019000000001	-0.07935696639999999	-0.0143633485	0.0776280263	-0.0349464	0.00978255	-0.0361651	-0.00126814	0.00204982	-0.00114022
0.15084415	0.1641156441	-0.0007093318	0.125783893	0.0378336443	-0.0848556684	-0.1875736627	0.0040099232	-0.0795337681	-0.0119894067	0.078330892	-0.035543599999999995	0.021896400000000003	0.018700900000000003	-0.000463045	0.00160463	-0.000725163
0.021079899999999995	0.07413408469999999	0.024027294700000004	0.1043678691	-0.06629564730000001	0.0454297418	-0.0684486481	0.0032084234000000003	-0.0796785214	-0.0096045951	0.07890751509999999	-0.035587400000000005	0.0139593	0.0187386	-0.000467101	0.00134746	-0.000725163
0.0694132462	0.1074657661	-0.022325478	0.1112868096	-0.0356068336	-0.1127297331	-0.08673155169999999	0.0024066004	-0.0797911678	-0.0072110759	0.07935696639999999	-0.0468207	0.0255754	2.07038e-05	-0.00100772	0.00133116	-0.000725163
0.0630327962	0.0229234193	0.0077240987	0.0985345151	0.0569573135	0.0089303316	0.0293452411	0.001604535	-0.0798716619	-0.004811019000000001	0.0796785214	-0.049050699999999996	0.0139779	0.0187737	-0.0006291830000000001	0.00122289	-0.0008474019999999999
0.08659453	0.0302026979	-0.0119396787	0.1188832285	0.0289972787	0.0171112194	-0.1202051584	0.0008023078999999999	-0.0799199714	-0.0024066004	0.0798716619	-0.051675	0.0139738	-0.00807268	-0.00146138	0.00112	-0.00105471
0.06898793	0.007969471	0.0022363348000000003	0.0157336933	-0.1045082627	0.0584515059	0.0002904631	0.0	-0.0799360767	-0.0	0.0799360767	-0.0490753	0.0182073	0.0159362	-0.000790749	0.00113941	-0.000981834
0.08931014000000001	0.0072852397	0.0567086638	0.1163827132	-0.0372948458	-0.0904373598	-0.0188056537	-0.0008023078999999999	-0.0799199714	0.0024066004	0.0798716619	-0.053905600000000005	-0.011798800000000005	0.00449931	-0.00128566	0.00122061	-0.00126646
0.06661889000000001	0.0433700797	-0.0049790931	0.0013535059	0.0089970043	-0.0514156067	-0.0447967744	-0.001604535	-0.0798716619	0.004811019000000001	0.0796785214	-0.0516616	0.011234399999999999	0.032215	-0.00112482	0.00110893	-0.00126646
0.07546295999999998	-0.0023754111	0.0474754199	0.1211825423	0.0499550872	0.0839955825	-0.0721088199	-0.0024066004	-0.0797911678	0.0072110759	0.07935696639999999	-0.0516641	-0.020911199999999998	0.00348514	-0.00139934	0.00112611	-0.00126646
0.04813771699999999	0.0286100484	-0.0412641284	-0.0013563816	-0.1220350858	-0.05857538690000001	0.010951379	-0.0032084234000000003	-0.0796785214	0.0096045951	0.07890751509999999	-0.0516616	0.0155054	0.000830023	-0.00139934	0.00130738	-0.00126646
0.06418959699999999	-0.0261002842	0.0740443975	0.1213952293	0.074354931	-0.0509908989	0.0237921534	-0.0040099232	-0.0795337681	0.0119894067	0.078330892	-0.051661900000000004	-0.00685862	0.0148943	-0.00111733	0.00103417	-0.00126646
0.05530125	0.0358328175	-0.043338905	0.0271566556	-0.0147341084	0.0013393085000000002	-0.0543087432	-0.004811019000000001	-0.07935696639999999	0.0143633485	0.0776280263	-0.051661900000000004	0.00269709	-0.00228424	-0.00168867	0.00103417	-0.00126646
0.08024643	-0.0117297554	0.0566345318	0.0632077672	-0.0210891282	0.0480112239	0.0220578004	-0.0056116301	-0.0791481873	0.016724268400000002	0.0768000508	-0.05166669999999999	-0.0135204	0.023728400000000004	-0.00124632	0.00110235	-0.00101676
0.06952809	-0.0210162055	0.034380738	-0.0159734629	-0.0023886966	-0.0490281111	0.0589999573	-0.006411676	-0.07890751509999999	0.019070026	0.07584830000000001	-0.041996	-0.00142808	0.008892179999999998	-0.00176757	0.00110692	-0.0008840029999999999
0.05815784	-0.0490677259	0.0655983675	0.0349230905	0.1200789464	0.0014911191	0.0106574749	-0.0072110759	-0.0786350467	0.0213984944	0.0747743077	-0.038762300000000006	-0.0114979	0.0232774	-0.00132489	0.00103417	-0.0007900509999999997
0.05197202000000002	-0.0028618259000000004	0.0266734727	-0.0016967313	0.0325374794	0.0769978053	-0.0467560429	-0.0080097493	-0.078330892	0.0237075627	0.07357980480000001	-0.035403	-0.0096082	0.00526173	-0.00169626	0.00103417	-0.000992828
0.06180703	-0.08084670570000001	0.0615763389	0.0521576186	-0.0418353077	-0.0102180181	0.06965788269999999	-0.0088076158	-0.07799517339999999	0.0259951375	0.07226671650000001	-0.0493642	-0.00362109	0.014066	-0.00118639	0.000963773	-0.0010736500000000002
0.10307811	-0.0635000714	0.0149552455	0.0472316718	0.0170539728	-0.0693890488	0.027137574900000003	-0.0096045951	-0.0776280263	0.0282591448	0.07083715900000001	-0.043756699999999996	0.00185979	-0.00982838	-0.00189831	0.00145245	-0.00123496
0.09621247	-0.0746856198	0.030579712	0.1017723138	0.0508040583	0.0378049789	-0.03154088	-0.0104006067	-0.0772295986	0.0304975321	0.0692934363	-0.0472474	-0.017736499999999995	0.013855100000000002	-0.00132775	0.00103417	-0.00123496
0.06930478799999999	-0.0517043779	-0.0222283737	0.05837954820000001	-0.0821437774	0.0065465735	0.0104053011	-0.0111955706	-0.0768000508	0.03270827	0.0676380363	-0.0515134	-0.0106947	-0.00039538800000000004	-0.00191835	0.0013185	-0.00123496
0.032567717999999996	-0.0974771836	-0.018066698	0.0497973921	-0.0023802356	-0.0746057193	0.0737863799	-0.0119894067	-0.0763395561	0.0348893543	0.065873627	-0.0515054	-0.0106573	0.007849929999999998	-0.0015183	0.0012330100000000005	-0.00123496
0.061768310000000014	-0.08759328640000001	0.0107751395	0.0180111642	0.041748313700000005	0.0709005251	-0.0530606967	-0.0127820349	-0.07584830000000001	0.037038807400000005	0.06400305190000001	-0.0424273	-0.014996700000000003	-0.00980188	-0.00182761	0.00110417	-0.0014107900000000005
0.02308434	-0.1033336426	-0.0128259048	0.0333726019	-0.0483180278	0.0075166312	0.0396418399	-0.0135733754	-0.0753264804	0.0391546809	0.0620293259	-0.0444779	-0.0128888	-0.00981372	-0.00170163	0.0013430999999999998	-0.00142416
0.03903857	-0.0667927722	-0.0313903357	0.0298224754	0.0051293869	-0.0909622253	0.0271337344	-0.0143633485	-0.0747743077	0.0412350562	0.059955629800000014	-0.0476733	0.00416446	-0.00244231	-0.00177631	0.0012298500000000006	-0.0014646
0.06198785	-0.0947576973	-0.0078107670999999984	0.0474882149	0.0612185011	0.008550805	-0.0129633265	-0.0151518747	-0.0741920043	0.0432780475	0.0577853059	-0.044637199999999995	-0.012866399999999998	-0.0201877	-0.00166499	0.00103417	-0.00128809
0.04416916	-0.048905856	-0.04516899480000002	0.0183677106	-0.0469470634	0.0675615007	-0.010747648	-0.0159388744	-0.07357980480000001	0.0452818024	0.0555218517	-0.0442162	0.00342065	-0.00435359	-0.00177358	0.00103417	-0.00141204
0.07041436000000001	-0.1281514055	0.0056478365	0.0275399018	-0.0188450718	-0.0021201466	0.0893426556	-0.016724268400000002	-0.072937956	0.0472445043	0.0531689154	-0.050472199999999995	-0.0118178	-0.01761	-0.00139018	0.00118696	-0.00123496
0.07096828999999999	-0.0285139778	-0.1160022711	0.0080624251	0.0644838884	-0.1180654627	-0.1077356812	-0.0175079777	-0.07226671650000001	0.0491643739	0.0507302891	-0.0457266	0.00341659	-0.0188013	-0.00223333	0.00103417	-0.00123496
0.12513161	0.1647126024	-0.13669323390000002	0.0146123244	-0.0555115437	0.0834206148	-0.0761657636	-0.0182899231	-0.0715663568	0.0510396705	0.0482099028	-0.055060300000000006	0.0264447	0.0289495	-0.00133295	0.00103417	-0.00123496
0.10309285999999998	0.0481731917	-0.0510338322	-0.0136792402	-0.0790165844	0.064005285	0.0984265862	-0.019070026	-0.07083715900000001	0.052868694	0.0456118188	-0.043885	0.00524784	-0.015283700000000002	-0.0018627	0.00103417	-0.00123496
0.011690250000000008	-0.0374913552	-0.0728074403	0.0266402959	-0.0263755273	-0.037124122200000005	0.08620491359999999	-0.0198482077	-0.0700794171	0.0546497862	0.0429402241	-0.047451099999999996	0.00395829	-0.0179243	-0.00194658	0.00103417	-0.00123496
0.03156528199999998	-0.042263434800000006	-0.1025495191	-0.0157197446	0.0783526009	-0.0194516575	0.048264407	-0.0206243899	-0.0692934363	0.05638133240000001	0.0401994245	-0.0454468	0.000441108	-0.025903100000000002	-0.00214675	0.00103417	-0.00139609
0.06009556799999999	-0.0526242291	-0.0777050336	-0.035002075099999995	0.0587787012	0.0729498843	0.0177381044	-0.0213984944	-0.0684795334	0.0580617626	0.0373938371	-0.0489204	-0.00318569	-0.00349243	-0.00177652	0.00120238	-0.00132284
0.060921269999999986	-0.0122446358	-0.0634938386	-0.0571191684	-0.0677887665	0.0258393833	0.0433870887	-0.0221704431	-0.0676380363	0.0596895534	0.0345279838	-0.055727599999999995	-0.00321689	-0.025764299999999997	-0.00215646	0.00103417	-0.00141091
0.06268507999999998	-0.0015011973999999998	-0.0679784829	-0.1055635482	0.001085086	-0.0773467155	0.0597447967	-0.0229401584	-0.0667692842	0.0612632291	0.0316064831	-0.053234199999999995	0.00308179	-0.011498800000000002	-0.00160022	0.00123526	-0.00137569
0.06055315999999999	0.0291053632	-0.0366270052	-0.0922973722	0.1391845867	0.0082741549	-0.0143188421	-0.0237075627	-0.065873627	0.0627813628	0.0286340436	-0.0473141	-0.00317107	0.004182899999999999	-0.00185262	0.00103417	-0.00117521
0.05424280999999999	0.0542902408	-0.090590298	-0.131985562	-0.059084227300000014	0.0280383154	0.0151201607	-0.0244725786	-0.06495142570000001	0.0642425783	0.0256154559	-0.0339645	-0.00317463	-0.00563375	-0.00150945	0.00103417	-0.0014535
0.05397158999999999	0.0304254359	-0.0208849483	-0.0493126984	0.0397945739	-0.026698068	0.0950334374	-0.0252351292	-0.06400305190000001	0.06564555080000001	0.0225555848	-0.043857	0.00110939	0.00468932	-0.00118844	0.00103417	-0.0011850700000000005
0.05577929000000001	0.0146572338	-0.0770500403	-0.012056778	0.0432088345	0.026127247000000003	-0.0123396596	-0.0259951375	-0.0630288878	0.0669890084	0.0194593619	-0.0390833	-0.00314798	-0.0300634	-0.00142835	0.00103417	-0.0011850700000000005
0.05628878	0.0440736378	-0.0832567515	-0.0358683127	-0.0456030161	0.08774382630000001	0.0283977691	-0.026752527	-0.0620293259	0.068271733	0.0163317771	-0.042016500000000005	0.018066	-0.0180733	-0.00119293	0.00120178	-0.0011850700000000005
0.07392918000000001	0.017213956000000002	-0.047342385999999986	-0.0345027927	-0.035608525499999995	-0.029594482	0.06652653230000001	-0.0275072215	-0.061004769	0.06949256179999999	0.0131778711	-0.04789790000000002	-0.00296056	-0.008891579999999998	-0.00163787	0.00103417	-0.00104083
0.03677458	0.034468467999999995	-0.0933418486	-0.0247385388	0.067667495	-0.0365452078	0.0104476526	-0.0282591448	-0.059955629800000014	0.0706503878	0.0100027269	-0.0417523	0.0106673	-0.011921700000000002	-0.0018919	0.00103417	-0.00106622
0.06981775999999999	0.0028218571	-0.0490206438	-0.0541451254	0.0381138329	0.1380324032	0.0230214422	-0.0290082213	-0.0588823313	0.0717441615	0.0068114617	-0.0406388	0.00254088	0.00355899	-0.00121962	0.000863877	-0.00100685
0.054989820000000016	0.0018125698	-0.0254832107	-0.0170570972	-0.0472274195	0.0307630177	0.07353022969999999	-0.0297543755	-0.0577853059	0.0727728912	0.0036092188	-0.0403848	0.00430036	-0.0124892	-0.00176208	0.00103417	-0.00103266
0.035903580000000004	0.0481434363	-0.0631393509	-0.1561022751	0.0432724808	-0.040673392	0.0241026845	-0.0304975321	-0.0566649955	0.0737356442	0.000401159	-0.0459875	0.0113264	-0.00841706	-0.00184683	0.0008872760000000002	-0.0011850700000000005
0.08313961000000003	0.0524987972	-0.0100188939	-0.092913088	0.0717513959	0.0823022066	0.012007268	-0.0312376164	-0.0555218517	0.0746315476	-0.0028075473	-0.0439585	0.00125025	0.0167857	-0.00107709	0.00103417	-0.0011850700000000005
0.07822907000000001	0.0372952308	0.0260168553	-0.0690472783	-0.035367168500000004	0.016156355600000002	0.0927303751	-0.0319745538	-0.0543563352	0.0754597894	-0.0060117288	-0.0458125	-0.0222222	0.00425853	-0.00140708	0.0006839410000000001	-0.00105778
0.04840592900000002	0.107412157	-0.0139213318	-0.0655032818	0.06823937669999999	-0.0854283644	0.0303933062	-0.03270827	-0.0531689154	0.0762196185	-0.0092062214	-0.0445315	-0.00646211	-0.000823009	-0.00170483	0.000784567	-0.0011850700000000005
0.06717154900000001	0.1165657581	-0.0290473385	-0.1300973738	0.0829745752	0.033875168	0.0107038184	-0.0334386912	-0.051960071	0.07691034599999999	-0.0123858767	-0.0438796	-0.012440399999999999	0.0284214	-0.00125554	0.000770598	-0.00102239
0.039558149999999986	0.1036257248	-0.0105644867	-0.0205394717	-0.0340318836	0.0795828657	0.0583086697	-0.0341657437	-0.0507302891	0.07753134589999999	-0.0155455703	-0.039311	-0.0159703	0.015802899999999998	-0.00147523	0.000904631	-0.00104549
0.02812765000000001	0.0830973675	0.0108483944	-0.07013208110000001	-0.0049626726	-0.0049347876	0.1099036151	-0.0348893543	-0.0494800651	0.078082055	-0.0186802098	-0.0453675	-0.0112544	0.0185609	-0.00143999	0.00103417	-0.000918324
0.026544799999999997	0.079862952	0.0702710668	-0.0576741306	0.0858985201	0.0032813701	0.0665984556	-0.035609450099999995	-0.0482099028	0.0785619741	-0.0217847431	-0.0380931	-0.0222524	0.019021	-0.00142152	0.00103417	-0.0010561
0.026683460000000023	0.0628798208	0.0230168185	-0.0469503016	0.043615228	0.0687623735	-0.0165221346	-0.0363259585	-0.0469203142	0.0789706681	-0.0248541669	-0.0389325	-0.0222673	-0.00427916	-0.00145212	0.00103417	-0.00107608
0.07471718	0.07434471940000001	0.0504729431	0.036113282	-0.0220724583	0.0708661518	0.089395275	-0.037038807400000005	-0.0456118188	0.0793077664	-0.0278835343	-0.0438265	-0.00203223	0.0192636	-0.0009923430000000001	0.00103417	-0.00101495
0.06294757000000001	0.0868291103	0.0508665983	-0.0151659532	0.0346641982	-0.0174525685	0.07688848940000001	-0.037747925	-0.0442849438	0.0795729635	-0.030867963	-0.0396733	-0.0201901	0.0033950000000000004	-0.00132208	0.000949219	-0.00109562
0.06580670000000001	0.025307977	0.0228772127	0.0450426015	0.1031444315	0.0249634731	-0.0097144699	-0.038453239900000005	-0.0429402241	0.0797660189	-0.0338026431	-0.0449467	-0.0185636	0.0263682	-0.0008910889999999999	0.00119327	-0.00113925
0.08606372000000002	0.06604809269999999	0.0847938448	0.0185074045	-0.0297613082	0.0754286772	-0.0071505877000000015	-0.0391546809	-0.0415782013	0.0798867576	-0.0366828449	-0.047290399999999996	-0.0192884	-0.00318547	-0.00178188	0.00135414	-0.00112208
0.05390399	0.0659836775	0.06750581209999999	-0.005256839300000001	-0.07265387940000001	-0.0305240899	0.0324225947	-0.0398521774	-0.0401994245	0.07993507009999999	-0.0395039266	-0.0494176	-0.012560300000000005	0.00673372	-0.00152594	0.00103417	-0.00124876
0.04792888000000002	0.0549533966	0.0989449379	0.0494555209	0.0118260021	-0.0725078412	0.054814658899999986	-0.0405456591	-0.038804449	0.0799109126	-0.0422613414	-0.0520658	-0.018840400000000004	0.0191588	-0.0011071	0.00110927	-0.00121119
0.05571200000000001	0.0248740813	0.0336483899	0.0496227608	0.0653062834	-0.0175400527	-0.0301031382	-0.0412350562	-0.0373938371	0.0798143071	-0.0449506455	-0.0430235	-0.0188334	0.0053531	-0.00157608	0.00120832	-0.00112208
0.05100930000000002	-0.0030529042	0.0390183041	0.0711438711	-0.0693925786	0.031293305	0.0216892825	-0.0419202993	-0.0359681572	0.079645341	-0.0475675045	-0.0480025	-0.014116600000000003	0.0107921	-0.00109599	0.00127816	-0.00128964
0.0549774	-0.0397166269	0.0331335753	0.1573008605	0.05753028480000001	-0.0740062727	0.0373607024	-0.0426013192	-0.0345279838	0.0794041677	-0.050107701	-0.0478618	-0.0225358	-0.0109454	-0.00143983	0.00121869	-0.00119935
0.0434777	-0.0589780113	-0.0377728753	0.0337087565	0.0481721999	0.0119311177	-0.036934834	-0.0432780475	-0.0330738971	0.07909100570000001	-0.052567141100000006	-0.0485706	-0.027181200000000003	-0.010979899999999999	-0.00195882	0.00131483	-0.0013460000000000002
0.0905937	-0.0585268027	0.0259678708	0.0931204517	-0.07493044160000001	-0.0135807817	-0.0231952622	-0.0439504158	-0.0316064831	0.0787061389	-0.0549418609	-0.0421971	-0.0328375	0.018159	-0.00116658	0.00115281	-0.00131176
0.10134962	-0.0412313861	0.0152833655	0.042291655	-0.0075781183	-0.0799887347	-0.0097168931	-0.044618356500000005	-0.0301263332	0.0782499164	-0.0572280333	-0.049337099999999995	-0.042358099999999996	-0.00431402	-0.00219536	0.00125768	-0.00142243
0.07912602	-0.0743021671	-0.0024278122	0.048886963	0.0486412876	0.0259603426	-0.1042105376	-0.0452818024	-0.0286340436	0.0777227516	-0.0594219737	-0.0452536	-0.0380082	0.0126191	-0.00146355	0.00130071	-0.00112208
0.06585400000000001	-0.073055523	0.0259447392	0.016724203700000002	-0.1051146804	0.0664578428	-0.059315871	-0.0459406864	-0.0271302159	0.0771251226	-0.0615201462	-0.038848400000000005	-0.030735000000000002	-0.0116575	-0.00175906	0.00128142	-0.00136526
0.06082130000000002	-0.0192962578	0.026074894900000003	0.0183535479	-0.0569709271	-0.1279776369	-0.0382516042	-0.046594942400000006	-0.0256154559	0.07645757110000001	-0.0635191694	-0.049063699999999995	-0.0405176	-0.024331400000000003	-0.00218941	0.00134015	-0.00129135
0.07453558000000003	0.0318206011	0.0045798329	0.0208170077	0.0395107654	-0.048531555	-0.0346247442	-0.0472445043	-0.024090374	0.0757207024	-0.06541582139999999	-0.0489718	-0.026512900000000002	0.00512158	-0.00183157	0.00123208	-0.00144516
0.05550793000000001	0.0001095097	0.0039786934	0.039911963	-0.0212578558	0.06036540980000001	0.0069836773	-0.0478893067	-0.0225555848	0.0749151845	-0.06720704549999999	-0.0520592	-0.0404605	0.00515501	-0.00158377	0.00103417	-0.00112208
0.07568711	0.0226054965	0.014162484	0.0552040802	-0.0829087766	-0.0664442485	0.0361340355	-0.0485292848	-0.0210117067	0.0740417477	-0.06888995490000001	-0.05206860000000001	-0.0172451	-0.0163363	-0.00149779	0.00129668	-0.00139301
0.04391529999999999	-0.068519288	0.0309716732	0.0861710423	0.0288639638	-0.0385572053	-0.0369085024	-0.0491643739	-0.0194593619	0.07310118389999999	-0.07046183730000001	-0.0486323	-0.029183799999999996	-0.0287736	-0.00175042	0.0013627000000000001	-0.0013964200000000006
0.06264690000000002	-0.0432378979	-0.0776730761	0.047005082	-0.0032728953	0.0458148576	-0.1013086426	-0.0497945101	-0.0178991758	0.0720943458	-0.0719201593	-0.052064599999999996	-0.0232581	-0.027930200000000002	-0.00238894	0.00122665	-0.00112208
0.15693125	-0.0201260195	0.0262170381	0.0146805457	-0.0955197011	0.0225392522	-0.0616477696	-0.05041963	-0.0163317771	0.0710221462	-0.0732625707	-0.0357448	-0.0385905	0.0189736	-0.000985555	0.00139077	-0.00112208
0.14777855	-0.0917287983	0.0483189084	0.0270830132	-0.0696118362	-0.0218456744	-0.06426985610000001	-0.0510396705	-0.0147577975	0.0698855571	-0.0744869079	-0.0320041	-0.0433785	-0.0502065	-0.00225966	0.00126348	-0.00112208
0.028851400000000024	-0.1109586675	0.0125356501	0.057499605	-0.0578143887	-0.1358405905	-0.0795831145	-0.0516545692	-0.0131778711	0.0686856091	-0.07559119780000001	-0.0393861	-0.0421615	-0.0462981	-0.0021106	0.00125582	-0.00129224
0.04881100000000002	-0.067962654	-0.0751367352	-0.0240063184	0.0052127273	-0.0251357275	-0.1211820473	-0.0522642642	-0.0115926346	0.06742339	-0.0765736605	-0.0450805	-0.0266468	-0.036062699999999996	-0.00233822	0.00132802	-0.0012447300000000005
0.0454473	-0.0611784996	-0.0439416034	-0.034730774	-0.1185630457	0.04720985230000002	-0.0518435959	-0.052868694	-0.0100027269	0.0661000441	-0.0774327128	-0.0406629	-0.029982599999999998	-0.024630799999999998	-0.00200433	0.00147303	-0.00119839
0.0253162	-0.0808817552	-0.06581835559999999	-0.0282582093	-0.0194277641	-0.0746068677	-0.007404421899999999	-0.0534677978	-0.0084087885	0.0647167712	-0.07816697	-0.0453709	-0.0314258	-0.024620799999999998	-0.00193722	0.00123335	-0.00112208
0.021499600000000004	-0.0800730806	-0.0538345848	-0.0322444719	0.0262728107	0.0149273631	-0.0992747125	-0.0540615151	-0.0068114617	0.0632748254	-0.0787752489	-0.0362731	-0.030164599999999996	-0.027635900000000005	-0.00203773	0.00129535	-0.00112208
0.023503399999999983	-0.0770195194	-0.0304573338	-0.0682006697	-0.1193864307	0.0525550705	-0.0804703382	-0.0546497862	-0.0052113902	0.061775514	-0.079256569	-0.0437959	-0.0257763	-0.0326222	-0.00206945	0.00139575	-0.00112208
0.0514573	-0.0931392215	0.0348890959	-0.0263497144	-0.0251594047	-0.0695709094	-0.0323351064	-0.0552325519	-0.0036092188	0.0602201963	-0.0796101548	-0.042074400000000005	-0.0420155	-0.0246271	-0.00185807	0.0012196	-0.00124458
0.007666699999999997	-0.034671365600000004	0.0194506701	-0.07843974940000001	0.0283939268	-0.0015246543	-0.1354965543	-0.0558097533	-0.002005593	0.0586102822	-0.0798354362	-0.039370800000000004	-0.04294969999999999	-0.0246295	-0.0018765000000000001	0.0012607400000000006	-0.00126554
0.030272300000000002	-0.0495724805	0.0447137577	-0.0189597269	-0.0590694466	0.0035794301	-0.08263649719999999	-0.05638133240000001	-0.000401159	0.0569472315	-0.0799320503	-0.0421232	-0.04324190000000002	-0.030058699999999997	-0.00181056	0.00103417	-0.00112208
0.07527669	0.0283954454	0.0112517349	-0.06952181589999999	0.0189100395	-0.0821037621	-0.0200846072	-0.0569472315	0.0012034366	0.0552325519	-0.0798998413	-0.0411065	-0.025701099999999998	-0.00380201	-0.0012924700000000006	0.00112533	-0.00112208
0.05170824	-0.0263740299	0.0792105439	-0.0633791047	0.0604973775	-0.006895123	-0.1009373033	-0.0575073938	0.0028075473	0.0534677978	-0.0797388611	-0.041471100000000004	-0.051701699999999996	-0.00227757	-0.00159728	0.00113458	-0.0009597680000000001
0.07129688	0.0675057327	0.0579937921	-0.0853886538	-0.0141016385	0.0411037225	-0.058434024	-0.0580617626	0.0044105266	0.0516545692	-0.0794493692	-0.03653819999999999	-0.0462961	-0.0163435	-0.00227619	0.0013614	-0.0009918869999999999
0.08796224999999999	0.0615112263	0.1363261499	-0.06973729690000001	-0.0241654355	-0.006147531800000001	0.0332619401	-0.0586102822	0.0060117288	0.0497945101	-0.0790318321	-0.0365565	-0.0483986	0.0130124	-0.00136821	0.00131385	-0.0008177059999999999
0.11922234999999998	0.0457129137	0.1346602376	-0.07488163	0.0350316223	-0.0515486441	-0.0023068993	-0.0591528974	0.007610508399999999	0.0478893067	-0.0784869228	-0.036544099999999996	-0.0338578	-0.030423099999999998	-0.00223226	0.00103417	-0.0008986489999999998
0.09850472999999996	0.0629854111	0.0820085649	0.0272651507	0.08993084529999999	-0.0121084472	-0.0218049199	-0.0596895534	0.0092062214	0.0459406864	-0.0778155195	-0.027832299999999997	-0.0317905	0.00445183	-0.0014264900000000005	0.0011682900000000006	-0.000781525
0.03112998	0.0944887959	0.1116847139	0.0813560321	0.0039452292	0.0924858771	0.0268176176	-0.0602201963	0.0107982247	0.0439504158	-0.0770187042	-0.027436000000000002	-0.031812599999999996	-0.0057843	-0.00169415	0.0012063200000000005	-0.0008853439999999998
0.028459290999999994	0.0294383965	0.0463695199	0.0852920145	-0.0298639838	-0.003450699	0.0611731511	-0.0607447724	0.0123858767	0.0419202993	-0.0760977612	-0.0266933	-0.0318162	0.000470991	-0.00139252	0.00125866	-0.000960528
0.05722679100000001	0.0249992345	0.0308096662	0.0698471512	0.0247562386	-0.02951612	-0.0049853394	-0.0612632291	0.0139685379	0.0398521774	-0.0750541746	-0.0330538	-0.0243886	-0.0025430999999999995	-0.00168812	0.00103417	-0.0012489300000000005
0.057392200000000004	-0.0293813838	-0.0007588336	0.0815624846	0.005361423000000001	0.0111106789	-0.0650320479	-0.061775514	0.0155455703	0.037747925	-0.07388962639999999	-0.0365824	-0.040048400000000005	-0.013475399999999998	-0.00168812	0.00137109	-0.00104042
0.0191323	-0.0257299438	0.008516525300000001	0.0247227075	-0.1094966746	0.0363332546	-0.021993249	-0.062281575599999986	0.0171163386	0.035609450099999995	-0.0726059935	-0.0365782	-0.0318656	-0.0222727	-0.0016645	0.00135175	-0.00104042
0.0599467	-0.08075546110000001	0.0266727957	0.08976843970000001	-0.0515581811	-0.0609006391	-0.0726876613	-0.0627813628	0.0186802098	0.0334386912	-0.0712053446	-0.0380105	-0.0460219	-0.042152800000000004	-0.00185982	0.00113709	-0.00112
0.04727270000000002	-0.0258194519	-0.0449001906	0.03998353	0.0555824287	-0.0035170224	-0.0819584287	-0.0632748254	0.0202365536	0.0312376164	-0.06968993700000001	-0.0356277	-0.035394199999999994	-0.0316681	-0.00212572	0.0011953100000000006	-0.00127143
0.04920790000000001	-0.0536634151	-0.028861653900000006	0.0547746626	-0.0371663719	0.0721917475	-0.0073268202	-0.0637619136	0.0217847431	0.0290082213	-0.0680622132	-0.0401814	-0.0394529	-0.0371511	-0.00181562	0.00103417	-0.00104042
0.0899071	-0.07077763990000001	-0.0472833284	0.0216166927	-0.06341201519999999	-0.0257015015	-0.052389731399999986	-0.0642425783	0.0233241543	0.026752527	-0.0663247964	-0.043772399999999996	-0.012092700000000001	-0.067636	-0.00176924	0.00125199	-0.00134564
0.10961499999999996	-0.0257608107	-0.018642502	0.0106145499	-0.0316238301	-0.046023095	-0.0031855575	-0.0647167712	0.0248541669	0.0244725786	-0.0644804868	-0.0385281	-0.0345926	-0.034681699999999996	-0.00243578	0.00103417	-0.00125167
0.032657200000000004	0.013264493999999998	-0.0316880507	-0.0280453521	0.0537049996	-0.0499572613	0.0152740773	-0.0651844444	0.0263741644	0.0221704431	-0.0625322567	-0.035343400000000004	-0.0345721	-0.0295507	-0.00232739	0.00134709	-0.00118656
0.04903729999999999	-0.0141707087	-0.0268702924	0.0541667215	0.0677758879	0.0204436104	0.0002257471	-0.06564555080000001	0.0278835343	0.0198482077	-0.060483246	-0.0453043	-0.034540499999999995	-0.0207039	-0.00197538	0.00124128	-0.00104042
0.07622439999999997	0.0140785982	-0.0476008639	-0.0174988723	0.0141343427	0.0568519247	0.0412835742	-0.0661000441	0.0293816684	0.0175079777	-0.058336757	-0.045587300000000004	-0.026225	-0.051409300000000005	-0.00260032	0.00112781	-0.00104042
0.0529962	-0.0010113841	-0.0261519788	0.0028773004	-0.04406696	0.0255639515	0.0291046367	-0.0665478783	0.030867963	0.0151518747	-0.0560962492	-0.0454909	-0.024736	-0.0377915	-0.0019381000000000001	0.00103417	-0.00104042
0.048516500000000004	0.0210662067	-0.0580406333	-0.0220698847	0.0471038551	-0.0560134056	0.0783958327	-0.0669890084	0.0323418192	0.0127820349	-0.0537653335	-0.0432281	-0.0219017	-0.0233171	-0.00239531	0.00103417	-0.00116211
0.08775469999999999	-0.0125274472	-0.029300825	-0.0020565278	0.0686370332	0.0149305064	-0.008439748	-0.06742339	0.0338026431	0.0104006067	-0.0513477665	-0.0345756	-0.0325639	-0.0167696	-0.00193421	0.00174151	-0.00123152
0.05866370000000001	0.0311617006	-0.0126413295	-0.05190727480000002	-0.0157121009	0.0816004603	-0.0074261367	-0.0678509792	0.0352498461	0.0080097493	-0.0488474444	-0.037551999999999995	-0.016563999999999995	-0.0378065	-0.00229378	0.00173325	-0.0012367
0.06983570000000001	0.0058356005	0.0698164904	-0.016129713700000003	-0.06398311400000001	0.0084158926	0.0602225101	-0.068271733	0.0366828449	0.0056116301	-0.046268397	-0.0451125	-0.0324515	-0.0323913	-0.00191593	0.00148793	-0.00104042
0.0630388	0.0533096773	-0.002558925	-0.0154284103	0.0661759291	-0.0845830819	0.045057949900000005	-0.0686856091	0.0381010623	0.0032084234000000003	-0.0436147809	-0.0449064	-0.028371800000000006	-0.0378198	-0.00256601	0.00166822	-0.00127654
0.09208338	0.0820147613	-0.0083268858	-0.05658287820000001	0.0713891529	0.0331099199	0.0078907188	-0.0690925657	0.0395039266	0.0008023078999999999	-0.0408908726	-0.0360782	-0.0355472	-0.00911452	-0.00198262	0.00154024	-0.00104042
0.05652498	0.0717438351	-0.0402304371	0.0040641379	-0.0457986067	0.08681004199999999	0.13699923349999998	-0.06949256179999999	0.0408908726	-0.001604535	-0.0381010623	-0.036301599999999996	-0.026873599999999997	-0.018090000000000002	-0.0012095700000000005	0.00154024	-0.00104042
0.06807010000000001	0.0237473165	-0.0130076232	0.0452152196	0.0112740003	-0.0277367331	0.0908335867	-0.0698855571	0.0422613414	-0.0040099232	-0.0352498461	-0.049277999999999995	-0.0336972	-0.0376531	-0.00178371	0.00154024	-0.00104042
0.0413999	0.0497776199	-0.0690904174	-0.0114768819	0.0859782111	0.0029630284	0.0350338078	-0.0702715121	0.0436147809	-0.006411676	-0.0323418192	-0.046574800000000006	-0.0258851	-0.0479282	-0.0021958999999999998	0.00154024	-0.00104042
0.07340819999999999	0.026970592400000003	0.0001936312	-0.0015408572	0.0033977025	0.14390592970000002	0.0682451899	-0.0706503878	0.0449506455	-0.0088076158	-0.0293816684	-0.0400279	-0.027697700000000002	-0.024805	-0.00135739	0.00154024	-0.00104042
0.11667770000000001	0.0206224445	-0.004371037899999999	0.021109114900000003	-0.0369631696	-0.031798946	0.0736680197	-0.0710221462	0.046268397	-0.0111955706	-0.0263741644	-0.046667400000000005	-0.043776	-0.0566529	-0.00259963	0.00154024	-0.00104042
0.11937183	0.0407739819	-0.0179811698	-0.0218777822	0.0814043504	-0.0512874016	0.0633123974	-0.0713867496	0.0475675045	-0.0135733754	-0.0233241543	-0.045296800000000005	-0.021867400000000002	-0.00405427	-0.00191345	0.00135654	-0.00104042
0.07373673000000001	0.0413931929	-0.033915555	-0.0529349884	0.0949120862	0.07481229589999999	0.0650403591	-0.0717441615	0.0488474444	-0.0159388744	-0.0202365536	-0.0410888	-0.0337895	-0.0314399	-0.00246313	0.0013018000000000005	-0.00104042
0.0696688	0.036383407400000005	0.0010654726	-0.0101772401	-0.0308784336	0.0279580928	0.0570902737	-0.0720943458	0.050107701	-0.0182899231	-0.0171163386	-0.035417000000000004	-0.0387233	-0.0110127	-0.00192885	0.00154024	-0.00104042
0.04482855	0.0555869614	0.0325525391	-0.0212914384	0.0114258016	-0.0240573033	0.1221068541	-0.0724372672	0.0513477665	-0.0206243899	-0.0139685379	-0.044224400000000004	-0.030219599999999996	-0.00124425	-0.00201213	0.00126854	-0.00104042
0.05545447000000001	0.0163904012	0.011407975	-0.0077981537	0.1004889712	-0.0025056633	0.0424447802	-0.0727728912	0.052567141100000006	-0.0229401584	-0.0107982247	-0.0340047	-0.038891699999999994	-0.00415317	-0.00167006	0.000937535	-0.00104042
0.05430247000000001	0.0395647115	-0.0156856761	0.0326264992	0.0116026805	0.06989005400000001	0.0573930326	-0.07310118389999999	0.0537653335	-0.0252351292	-0.007610508399999999	-0.035177999999999994	-0.0322816	-0.00640699	-0.00216457	0.00113461	-0.00123414
0.043019110000000006	0.026530859	-0.0303628509	0.033114694900000005	-0.024739716600000003	0.0035610238	0.0930559785	-0.0734221124	0.0549418609	-0.0275072215	-0.0044105266	-0.0417661	-0.030216200000000002	-0.0215601	-0.00194386	0.0012410600000000006	-0.00117705
0.041241	0.0214230883	-0.0452957048	0.028776827	0.0524960361	-0.0181130338	0.0859582982	-0.0737356442	0.0560962492	-0.0297543755	-0.0012034366	-0.033191000000000005	-0.030273400000000002	-0.021156900000000003	-0.00242569	0.0012504	-0.00132999
0.0446041	-0.00291622	-0.0311706808	0.0283920071	0.0263575435	0.0666727649	0.0245249954	-0.0740417477	0.0572280333	-0.0319745538	0.002005593	-0.036312	-0.033489099999999994	-0.026377800000000003	-0.00182123	0.00125785	-0.00128097
0.0937465	-0.0007304515	-0.048371719900000006	0.0204114421	-0.053531218600000006	0.0315047145	0.0711840258	-0.0743403923	0.058336757	-0.0341657437	0.0052113902	-0.0451352	-0.0303288	-0.0422608	-0.0027126	0.0015042999999999999	-0.00146075
0.05303559999999999	-0.016084893200000002	-0.0931286925	0.0043263759	0.0309713712	-0.0476134541	0.035666568100000004	-0.0746315476	0.0594219737	-0.0363259585	0.0084087885	-0.045033699999999996	-0.0302582	-0.034764300000000005	-0.00218584	0.00113461	-0.00147164
0.035337999999999994	0.0059627195	-0.08778951189999999	0.028393697	0.0569186511	0.0384921846	0.0279802062	-0.0749151845	0.060483246	-0.038453239900000005	0.0115926346	-0.040671	-0.023928099999999997	-0.0322121	-0.0023822	0.00138011	-0.00147164
0.05137690000000001	-0.0423454725	-0.0392008922	-0.0225626435	-0.08620890960000001	0.0288326956	0.0064411431	-0.07519127440000001	0.0615201462	-0.0405456591	0.0147577975	-0.0462921	-0.0302501	-0.04525440000000002	-0.00206632	0.00130614	-0.00160962
0.0397381	-0.0375083162	-0.06380297830000001	-0.0054249776	0.0008568899000000001	-0.0528235466	0.0372027284	-0.0754597894	0.0625322567	-0.0426013192	0.0178991758	-0.047009300000000004	-0.0302722	-0.042221100000000004	-0.00247612	0.00113461	-0.00147164
0.041761900000000005	-0.0230404931	-0.0721225056	-0.0278783309	0.0549968734	-0.0206238943	-0.0073849126	-0.0757207024	0.0635191694	-0.044618356500000005	0.0210117067	-0.0431745	-0.038701199999999984	-0.042210000000000004	-0.00206632	0.00113461	-0.00165158
0.026730500000000008	-0.0355118227	-0.0737134741	-0.0173296204	-0.0219947727	0.0421450815	0.006100195	-0.0759739873	0.0644804868	-0.046594942400000006	0.024090374	-0.0489787	-0.0375754	-0.0360205	-0.00197404	0.00113461	-0.00147164
0.030721200000000008	-0.0455959828	-0.1017831992	-0.0521805693	0.0073984916	-0.049258484500000005	0.046445257	-0.0762196185	0.06541582139999999	-0.0485292848	0.0271302159	-0.050471300000000004	-0.038011500000000004	-0.042234	-0.00235643	0.00113461	-0.00154083
0.032792600000000005	-0.0505805397	-0.0914646736	-0.0504923353	0.0457387236	-0.0056713289000000005	-0.0533642983	-0.07645757110000001	0.0663247964	-0.05041963	0.0301263332	-0.0510925	-0.0399224	-0.052749000000000004	-0.00203071	0.00113461	-0.00147164
0.030457799999999983	-0.052064386	-0.0669717617	-0.0667030592	-0.1063899733	0.0484755431	-0.0628379765	-0.0766878214	0.06720704549999999	-0.0522642642	0.0330738971	-0.05355369999999999	-0.041835199999999996	-0.042223199999999995	-0.00197678	0.0012797000000000002	-0.00158378
0.0304401	-0.0337886853	-0.0543446076	-0.0965027059	-0.017433001899999998	-0.0751484082	-0.0282320632	-0.07691034599999999	0.0680622132	-0.0540615151	0.0359681572	-0.0479343	-0.0478395	-0.0347783	-0.00202697	0.0012146	-0.00147164
0.032438699999999994	-0.033299717	-0.0017697009	-0.0822985609	0.0742320238	-0.0279272232	-0.0336037458	-0.0771251226	0.06888995490000001	-0.0558097533	0.038804449	-0.05168240000000001	-0.0479259	-0.0247166	-0.00173611	0.00113461	-0.00147164
0.03747930000000002	0.0058550608	-0.0013065655	-0.1376322703	-0.007995697900000001	0.0751838139	-0.052235482	-0.0773321295	0.06968993700000001	-0.0575073938	0.0415782013	-0.0515359	-0.0457714	-0.0130488	-0.00180624	0.00136665	-0.0013036
0.04313093	-0.0079866109	0.07105953179999999	-0.0812896167	-0.0410126729	-0.0274174496	-0.0015676393	-0.07753134589999999	0.07046183730000001	-0.0591528974	0.0442849438	-0.044943000000000004	-0.049684	-0.00754787	-0.00137097	0.00135175	-0.00139592
0.07045053000000001	0.0367172317	0.0413309899	-0.08133735730000001	0.05688174820000001	-0.0678396702	0.0049732023	-0.0777227516	0.0712053446	-0.0607447724	0.0469203142	-0.041122399999999996	-0.058392599999999996	-0.0259777	-0.0020480999999999997	0.0012997	-0.00133527
0.09612118000000004	0.004956665900000001	0.1074253242	-0.0418365913	0.0297977515	0.0415847138	-0.074551064	-0.0779063275	0.0719201593	-0.062281575599999986	0.0494800651	-0.035242800000000005	-0.047687400000000005	0.00144068	-0.00134884	0.00146262	-0.00115509
0.061122780000000015	-0.0093228618	0.1182550778	-0.044968483600000005	-0.0932035778	0.0600280784	-0.0933670581	-0.078082055	0.0726059935	-0.0637619136	0.051960071	-0.0464811	-0.047739	-0.0236912	-0.00161114	0.00155292	-0.00129651
0.0402669	0.0297513127	0.1390371934	-0.009860539	-0.0429047281	-0.055109440700000005	-0.0297740605	-0.0782499164	0.0732625707	-0.0651844444	0.0543563352	-0.035180699999999995	-0.0477215	-0.0231447	-0.00162515	0.00113461	-0.00116078
0.04824436000000002	0.0689643483	0.1288400839	0.0188437002	-0.00450258	-0.0976766568	0.0438719554	-0.0784098948	0.07388962639999999	-0.0665478783	0.0566649955	-0.038950900000000004	-0.0523196	-0.00537914	-0.00169678	0.00147933	-0.0011866400000000005
0.04179378	0.0479813003	0.097905285	0.0468974301	0.0688976135	-0.0158433821	-0.0138017148	-0.0785619741	0.0744869079	-0.0678509792	0.0588823313	-0.0448849	-0.047677199999999996	-0.00408576	-0.00129243	0.00128695	-0.00118489
0.035941450000000014	0.0965526299	0.0384702793	0.0955454521	0.026551072	0.0391870635	0.0436817836	-0.0787061389	0.0750541746	-0.0690925657	0.061004769	-0.036726800000000004	-0.047749	-0.00516381	-0.00177433	0.00123912	-0.00118195
0.07469698999999999	0.049949600700000006	0.0510983449	0.0889358874	-0.0772776451	-0.0399056883	0.0691809214	-0.0788423748	0.07559119780000001	-0.0702715121	0.0630288878	-0.0359086	-0.032450799999999995	-0.015610399999999997	-0.0010272999999999999	0.00105682	-0.0012152999999999999
0.0787462	0.0239217201	-0.0102071053	0.1095640907	0.0375935496	-0.0429073924	0.0043865771000000005	-0.0789706681	0.0760977612	-0.0713867496	0.06495142570000001	-0.0421897	-0.039140100000000004	-0.015648699999999998	-0.00155067	0.001578	-0.0014855
0.10611855	0.0114181669	0.0093501	0.07883022190000001	0.0667881248	0.048466883200000005	-0.0062969686	-0.07909100570000001	0.0765736605	-0.0724372672	0.0667692842	-0.0180352	-0.0449522	-0.015560599999999999	-0.00138491	0.000517843	-0.00119014
0.08685995	0.015752246299999998	0.0146829885	0.0546488139	-0.0004668432	0.0568486661	-0.038846563	-0.0792033756	0.0770187042	-0.0734221124	0.0684795334	-0.035259500000000006	-0.0423978	-0.0403615	-0.0016141999999999999	0.00108981	-0.00123449
0.07743569999999997	0.0089391059	0.0214444895	0.05986498730000001	-0.0402351038	0.0269739916	-0.049054612	-0.0793077664	0.0774327128	-0.0743403923	0.0700794171	-0.046265600000000004	-0.0396359	-0.030919799999999997	-0.00105748	0.00147665	-0.00137545
0.08665710000000001	0.0390014447	-0.0097619024	0.0319200387	-0.0390897373	-0.0700860347	0.09668372	-0.0794041677	0.0778155195	-0.07519127440000001	0.0715663568	-0.0443366	-0.0339057	-0.0450172	-0.00164966	0.0010197000000000001	-0.00112657
0.06855339999999999	-0.0254067408	-0.0328680367	0.0144609227	0.0683073158	-0.0050631487	0.0241555746	-0.0794925697	0.07816697	-0.0759739873	0.072937956	-0.0416286	-0.0422335	-0.015089199999999999	-0.00123883	0.000980108	-0.0010252
0.0838688	-0.0229828806	-0.0138994601	0.0003580872	-0.0172351867	0.0882869649	-0.0108319268	-0.0795729635	0.0784869228	-0.0766878214	0.0741920043	-0.0388127	-0.0430715	-0.0419549	-0.0019433	0.00118812	-0.000870698
0.0339096	-0.0530120801	0.0199854968	-0.0033196743	-0.0704825355	-0.0315608875	-0.0289469176	-0.079645341	0.0787752489	-0.0773321295	0.0753264804	-0.042591000000000004	-0.0433059	-0.05470169999999999	-0.00187985	0.0013203	-0.00101807
0.07433874999999998	-0.016952828899999998	-0.0124147676	-0.0163596543	0.0296773451	-0.045910615300000006	-0.0463792448	-0.079709695	0.0790318321	-0.0779063275	0.0763395561	-0.0387762	-0.0399399	-0.052456899999999994	-0.00249544	0.000878987	-0.00125943
0.10431680000000003	-0.0408155722	-0.0426861158	-0.0019558645	-0.004437779	0.0671446948	-0.0859698297	-0.0797660189	0.079256569	-0.0784098948	0.0772295986	-0.046585900000000006	-0.0442209	-0.0257596	-0.0014036700000000005	0.000952343	-0.00111398
0.08870034999999997	-0.046201434400000005	0.0260881614	0.0263378729	-0.0971788475	-0.0029895278000000003	-0.031876607700000004	-0.0798143071	0.0794493692	-0.0788423748	0.07799517339999999	-0.045346	-0.0518362	-0.0544068	-0.00236266	0.000956582	-0.00117471
0.08785840000000003	-0.0144203553	0.0018197344	-0.0215397361	-0.0316306162	-0.0610003539	-0.0675497316	-0.0798545546	0.0796101548	-0.0792033756	0.0786350467	-0.0459207	-0.0417434	-0.034825300000000003	-0.00146815	0.00118693	-0.00114738
0.07283049999999999	-0.0379459501	0.0203148533	-0.005776145999999999	0.0188498109	0.0152168302	-0.0718192165	-0.0798867576	0.0797388611	-0.0794925697	0.0791481873	-0.0387985	-0.053963300000000006	-0.030101	-0.00205015	0.00107033	-0.000870698
0.07801755000000002	-0.0474165701	0.0047050774	0.0145249092	-0.0456446758	0.0450970419	-0.0562581063	-0.0799109126	0.0798354362	-0.079709695	0.0795337681	-0.043308099999999995	-0.038495	-0.0347352	-0.00128885	0.0009525530000000001	-0.00105973
0.11476605	-0.0303533547	0.006256384499999999	0.0064231073	-0.0382237658	-0.030253517200000007	-0.005521123100000001	-0.0799270173	0.0798998413	-0.0798545546	0.0797911678	-0.0366511	-0.0320818	-0.0814507	-0.00209107	0.00119227	-0.0011174000000000002
0.057311699999999986	-0.0101911477	-0.0181168736	0.012465231100000002	0.0404115549	-0.055720741	-0.0318184627	-0.07993507009999999	0.0799320503	-0.0799270173	0.0799199714	-0.0394491	-0.0321074	-0.0543496	-0.00170242	0.00105737	-0.00109321
