0.0	-0.0365224575	-0.053511815	-0.1113951502	0.1382729634	-0.0336263903	0.0388373852	0.07993507009999999	0.0799320503	0.0799270173	0.0799199714	-0.035493699999999996	0.0297305	0.0648677	-0.000327947	-0.0	-0.000663782
0.12116254999999998	-4.53437e-05	0.0375445917	-0.0313867788	0.0913741715	0.0608612796	0.0750430115	0.0799270173	0.0798998413	0.0798545546	0.0797911678	-0.0314705	0.0206179	0.0121372	-0.00108366	0.000100978	-0.0009130160000000001
0.15740439999999994	0.033026215299999995	-0.0600364801	-0.04343006	0.1254069601	0.056087259400000006	-0.0868232431	0.0799109126	0.0798354362	0.079709695	0.0795337681	-0.0355035	0.06461990000000001	0.0806845	-0.0007886549999999998	0.000373181	-0.000663782
0.19134635	-0.0736884684	0.0581783108	0.0349983707	0.13613958310000002	0.0465120359	0.1100162348	0.0798867576	0.0797388611	0.0794925697	0.0791481873	-0.032020799999999995	0.0224927	-0.0190459	-0.00115497	-3.9625e-05	-0.000804782
0.13712913999999998	0.0867353085	0.0181392091	-0.0326730463	0.1082177813	0.1168984709	-0.0208085605	0.0798545546	0.0796101548	0.0792033756	0.0786350467	-0.0354704	0.057776199999999986	0.00168262	-9.093959999999999e-05	0.000308695	-0.000663782
0.18094785	-0.0549491204	-0.0490680363	0.0400632402	0.0814899919	-0.0320140837	-0.0128271299	0.0798143071	0.0794493692	0.0788423748	0.07799517339999999	-0.015318100000000001	0.0219645	0.0781598	-0.00035774900000000003	-0.000171216	-0.000440369
0.1265145	0.023708503	0.0905125674	-0.0202770854	-0.0228478484	-0.0063280049	0.0685957557	0.0797660189	0.079256569	0.0784098948	0.0772295986	-0.010161	0.0126924	0.0112509	-0.000627801	0.000238847	-0.000663782
0.14925420000000006	0.023093154	-0.0675067441	0.0596644527	0.0456083847	0.1072192409	-0.0136176417	0.079709695	0.0790318321	0.0779063275	0.0763395561	-0.023006099999999998	0.0626905	0.084858	-0.0007500919999999997	0.000372634	-0.000663782
0.18599365	-0.0533066803	0.05730336530000001	-0.029337654700000007	0.0775758313	0.0072755430000000015	0.0953161975	0.079645341	0.0787752489	0.0773321295	0.0753264804	-0.0230456	0.014404399999999996	-0.00151517	-0.00107348	-5.9796599999999996e-05	-0.000933861
0.1312402915	0.0632390856	-0.0199813966	-0.0092825207	0.0446659212	0.1263624681	0.0692155255	0.0795729635	0.0784869228	0.0766878214	0.0741920043	-0.0230014	0.0578658	0.0133297	2.3107299999999997e-06	6.83161e-05	-0.000679968
0.08641458149999999	-0.0644627259	-0.0260617556	-0.0176867959	0.0871509652	-0.0101246743	-0.0044514524	0.0794925697	0.07816697	0.0759739873	0.072937956	-0.0229145	0.0248278	0.0229407	-0.000627801	0.000238847	-0.0007528989999999999
0.12595697	0.06889797639999999	0.0118215291	-0.0547536787	-0.0773469203	-0.0006474752	0.0827092139	0.0794041677	0.0778155195	0.07519127440000001	0.0715663568	0.00116757	0.0324149	0.07598249999999998	-0.000273863	0.000238847	-0.000281917
0.10315441	-0.0486773192	-0.0529669061	-0.0459716312	0.005065757299999999	0.0384907394	-0.0772692912	0.0793077664	0.0774327128	0.0743403923	0.0700794171	-0.00619186	0.0404843	0.0923807	-0.00140111	-6.045260000000001e-05	-0.000281918
0.15757765999999998	0.0288387886	0.0579006333	0.0180299155	0.0602111502	-0.070479069	0.0140919863	0.0792033756	0.0770187042	0.0734221124	0.0684795334	-0.00108368	0.029336200000000007	-0.00897506	-0.0006777539999999999	-0.000136409	-0.000281918
0.16582434999999998	-0.008435982199999999	-0.0688413943	-0.0298558302	-0.028024167000000003	0.0581186997	-0.0004559177	0.07909100570000001	0.0765736605	0.0724372672	0.0667692842	0.00625706	0.05719730000000001	0.10298399999999999	-0.000616408	0.00017551400000000001	-0.000281918
0.2344527	-0.0336989835	0.0674092838	-0.0081617979	0.06087942740000001	-0.0172922527	-0.0638985899	0.0789706681	0.0760977612	0.0713867496	0.06495142570000001	-0.00789354	0.0143067	0.018169099999999997	-0.00172225	-0.000401544	-0.00045095
0.17498250999999998	0.06280280519999999	-0.07549357870000001	-0.0077918786	0.0536209799	-0.0495289959	0.0207795515	0.0788423748	0.07559119780000001	0.0702715121	0.0630288878	-0.00585311	0.052013699999999996	0.0861638	-0.000862459	-8.55594e-05	-0.000281918
0.13444326	-0.08751964300000001	0.0158557752	-0.0360499812	-0.0029449992	0.0670826538	-0.0039727927	0.0787061389	0.0750541746	0.0690925657	0.061004769	-0.00786829	0.0341464	0.013407299999999999	-0.00138256	-0.000401544	-0.000281918
0.12215543	0.08707172449999999	-0.0140832894	-0.0124391048	0.0119453644	-0.0820080346	-0.0981810402	0.0785619741	0.0744869079	0.0678509792	0.0588823313	-0.00455385	0.035929199999999994	0.036558	-0.000137371	-6.16165e-05	1.11153e-05
0.0806762947	-0.0694151168	-0.0391898281	-0.0288827448	-0.0936779937	-0.0831222401	0.031757745	0.0784098948	0.07388962639999999	0.0665478783	0.0566649955	-0.00236592	0.0208524	0.07234860000000001	0.00031424700000000003	2.86188e-05	5.49306e-07
0.1367683543	0.0537377461	0.05505086	-0.0092768034	-0.0793383948	-0.0252653966	-0.07287460400000001	0.0782499164	0.0732625707	0.0651844444	0.0543563352	-0.00217702	0.000299231	-0.00139861	-0.000291008	-0.00019558599999999998	-1.55724e-05
0.16907423399999996	-0.0252809088	-0.064460577	0.0461189895	-0.045990615599999986	-0.0905570637	-0.0830880691	0.078082055	0.0726059935	0.0637619136	0.051960071	-0.0040908	0.0308297	0.0954859	3.3497899999999997e-05	0.000184687	-0.00010570299999999999
0.16234682900000005	-0.0006113543	0.0635183676	-0.034897682400000005	-0.1000331943	-0.0390993566	0.0398957207	0.0779063275	0.0719201593	0.062281575599999986	0.0494800651	0.00164427	-0.0110292	-0.000639399	-3.6719e-05	-7.77963e-05	-0.000145554
0.18357191399999997	0.0283809668	-0.0495870691	0.0221557225	-0.1349444332	0.0030630738	-0.0919649199	0.0777227516	0.0712053446	0.0607447724	0.0469203142	0.00361192	0.0229417	0.045801	0.00138599	0.000184687	0.000193113
0.16078649	-0.0326132352	0.0471884037	0.0208844435	-0.0741735009	-0.0964295604	-0.0104201095	0.07753134589999999	0.07046183730000001	0.0591528974	0.0442849438	0.00447454	-0.0259132	-0.00313929	0.000360045	-1.86636e-05	0.000179835
0.14216233	0.0559262939	-0.0023415894	0.0350778111	-0.1757761545	-0.0287722381	-0.0229160494	0.0773321295	0.06968993700000001	0.0575073938	0.0415782013	0.011965700000000001	0.022719200000000002	0.0375236	0.0010367000000000002	0.000184687	0.000207347
0.09563745999999998	-0.0671777969	-0.0021984988	0.1448823081	-0.0840374648	-0.0729963544	-0.0713033776	0.0771251226	0.06888995490000001	0.0558097533	0.038804449	0.00907598	0.00327755	0.00977866	0.000381109	0.000133629	0.000411921
0.122661735	0.042987561	0.0772171447	0.0625125328	-0.1145021458	-0.1045346338	0.0277526693	0.07691034599999999	0.0680622132	0.0540615151	0.0359681572	0.00315629	0.0144593	-0.0416956	0.00101092	0.000184687	1.1069300000000001e-05
0.167671615	0.0220004254	-0.0475528504	0.0708906627	-0.1560241611	0.0528422518	-0.0596034293	0.0766878214	0.06720704549999999	0.0522642642	0.0330738971	-0.000742675	0.029082	0.044558099999999996	-0.000188127	0.000243565	1.1069300000000001e-05
0.21184995500000006	-0.0491506763	0.0632738035	0.0503047718	0.0051328408	-0.0495079691	-0.0201387407	0.07645757110000001	0.0663247964	0.05041963	0.0301263332	-0.015269399999999999	0.000865355	-0.0557404	0.000491661	-0.000330184	0.00013369399999999998
0.174138762	0.0908153569	-0.0167345203	-0.0171528996	-0.0666029649	0.0072548561	0.0647621306	0.0762196185	0.06541582139999999	0.0485292848	0.0271302159	-0.000740333	0.027791900000000005	0.0330918	0.0001488	0.000184687	0.000152981
0.08802888100000003	-0.0848106719	-0.0187456648	0.003907969	-0.0355194005	0.030452722400000007	-0.0639590709	0.0759739873	0.0644804868	0.046594942400000006	0.024090374	-0.0007226019999999999	0.011451600000000001	0.037413800000000004	-0.0008945989999999998	-0.00010214100000000001	0.000136231
0.186922087	0.0567102982	0.0476084301	0.0350178652	0.0151786201	-0.0903106893	0.0203211351	0.0757207024	0.0635191694	0.044618356500000005	0.0210117067	-0.0007372539999999999	0.019536599999999998	-0.047101699999999996	0.00057955	0.000184687	1.1069300000000001e-05
0.19894589899999998	-0.0313415656	-0.0758133842	-0.08083340139999999	-0.0503288384	0.0388564751	0.0528587628	0.0754597894	0.0625322567	0.0426013192	0.0178991758	-0.000761168	0.0202246	0.0936919	-0.000276539	0.000184687	0.000303788
0.188346758	0.0103186247	0.0646647475	-0.0361434669	0.0138108742	-0.0040205983	-0.062104273	0.07519127440000001	0.0615201462	0.0405456591	0.0147577975	-0.000745925	0.00489974	-0.00309442	-0.00121016	-0.00011338	1.1069300000000001e-05
0.154347183	0.0222172883	-0.0777373036	0.0500867746	0.0288397579	-0.0378808703	-0.005973183199999999	0.0749151845	0.060483246	0.038453239900000005	0.0115926346	-0.000763998	0.0382223	0.0299457	3.13139e-05	0.00026948900000000003	0.000146055
0.15015220199999998	-0.05477566	0.0275138287	-0.0356872453	-0.027245429	0.0221151206	0.0242769657	0.0746315476	0.0594219737	0.0363259585	0.0084087885	-0.011528100000000001	0.00983163	-0.00947155	-0.000777283	-0.00021853200000000001	1.1069300000000001e-05
0.135780885	0.0393778591	-0.0504323824	0.0017061707	-0.0428764097	0.0537779026	-0.0591449826	0.0743403923	0.058336757	0.0341657437	0.0052113902	-0.00784752	0.0327058	0.0582387	-0.0006983289999999999	0.000191295	0.000352606
0.144691615	-0.05825411320000001	0.0352374425	0.059922463	0.0339066295	-0.0306744698	-0.0153512756	0.0740417477	0.0572280333	0.0319745538	0.002005593	-0.00973895	0.0172406	-0.017559400000000003	-1.29874e-05	1.16459e-05	0.00018685900000000002
0.05607527	0.0752842499	0.0001132728	0.0002556518	-0.0307441445	0.0042567663	0.0946813734	0.0737356442	0.0560962492	0.0297543755	-0.0012034366	-0.0146371	0.030541000000000002	0.00741409	0.000185293	6.0637e-06	0.000241061
0.059963695	-0.06414356	-0.0175130696	-0.0200639675	-0.0941282143	0.0347352199	-0.038514309100000005	0.0734221124	0.0549418609	0.0275072215	-0.0044105266	-0.013680700000000002	0.021554499999999997	0.020271900000000002	-0.000321158	-0.000160867	0.00031093900000000004
0.03704835	0.0603702043	0.0313310396	0.0211195829	-0.0141826797	-0.05669353150000001	-0.0248592331	0.07310118389999999	0.0537653335	0.0252351292	-0.007610508399999999	-0.0117536	0.032234	0.0230489	-0.0007189480000000001	-0.000156432	0.000342009
0.08238580000000001	-0.0462664144	-0.040082314	0.0409614604	-0.056087823	-0.0127867201	0.06549690820000001	0.0727728912	0.052567141100000006	0.0229401584	-0.0107982247	-0.011412100000000001	0.017281499999999998	0.050608	-0.0012016100000000005	-0.000329139	0.000206724
0.193378585	0.030041761200000006	0.0847163608	0.0013787872	-0.0294113661	0.033118458	-0.0379386535	0.0724372672	0.0513477665	0.0206243899	-0.0139685379	-0.0167475	0.026239299999999997	-0.06342719999999999	-0.00024174	-0.00018366	1.1069300000000001e-05
0.165248095	0.0161176732	-0.0814783685	0.0598401744	-0.0018527334	-0.0556645043	-0.006401476999999999	0.0720943458	0.050107701	0.0182899231	-0.0171163386	-0.0105325	0.0359545	0.0470607	-0.00036956300000000016	9.383719999999999e-05	0.00038234900000000004
0.14520565499999996	-0.048212094	0.0648224627	-0.0789155446	-0.0584804362	0.0181890807	0.076890874	0.0717441615	0.0488474444	0.0159388744	-0.0202365536	-0.008867619999999998	0.00974509	0.00902577	-0.0013065100000000005	-0.000259746	8.69505e-05
0.109134445	0.0654699178	-0.0384884029	-0.031575707	-0.0343998114	0.0710374531	-0.0319208329	0.0713867496	0.0475675045	0.0135733754	-0.0233241543	-0.0125485	0.042394	0.021840799999999997	-0.000562508	-0.000115541	0.000398536
0.10921120000000001	-0.08472089769999999	-0.0102300992	0.0219684093	0.0460419612	-0.0594289883	-0.0232356039	0.0710221462	0.046268397	0.0111955706	-0.0263741644	-0.0129231	0.0174128	0.0289748	-0.00173146	-0.000329139	0.00024665799999999997
0.1325605	0.0590461626	0.0191420372	-0.0226471955	0.0116036233	-0.025347103	0.0452958693	0.0706503878	0.0449506455	0.0088076158	-0.0293816684	-0.00992839	0.0238859	-0.0207394	-0.000692991	-6.30432e-05	0.00040966300000000016
0.12822723	-0.0457804703	-0.0382064114	-0.0648408978	-0.0086113244	0.0418559796	-0.067385845	0.0702715121	0.0436147809	0.006411676	-0.0323418192	-0.00595032	0.0305948	0.0492421	-0.00123706	0.000203432	0.000550294
0.17663399	0.0298336242	0.056760772	0.0631093904	0.07599569240000001	-0.0517824441	-0.0271229253	0.0698855571	0.0422613414	0.0040099232	-0.0352498461	-0.015252600000000003	0.00800809	-0.042564599999999994	-0.0008143810000000001	-0.000225148	0.000342787
0.15551097215	-0.0112480584	-0.0761302804	-0.0753005182	-0.0253839964	-0.0109043394	0.0386783075	0.06949256179999999	0.0408908726	0.001604535	-0.0381010623	-0.00790946	0.0245832	0.0651045	-0.00089521	-4.36557e-07	0.000515719
0.18539905215	-0.0190372179	0.0785557058	-0.0140735169	-0.02807247	-0.0005468056	-0.0585551184	0.0690925657	0.0395039266	-0.0008023078999999999	-0.0408908726	-0.017716	-0.0116766	-0.0299841	-0.000986354	-0.00037774300000000015	9.928719999999999e-05
0.1704954	0.0679391303	-0.065781792	0.0400366923	-0.0118789047	-0.081665751	0.0124663076	0.0686856091	0.0381010623	-0.0032084234000000003	-0.0436147809	-0.0177313	0.0226653	0.0203572	2.69492e-05	0.00010514299999999999	0.00031903599999999997
0.13310592	-0.08769505890000001	0.0218306701	-0.0178571796	-0.0219557307	0.0619465224	0.0187941012	0.068271733	0.0366828449	-0.0056116301	-0.046268397	-0.0246546	0.0113169	-0.00955236	-0.0013009400000000006	-0.000126363	0.00017993799999999998
0.08071934	0.0630668199	0.0141021469	0.0257118734	0.0691654295	-0.0225236582	-0.0246638737	0.0678509792	0.0352498461	-0.0080097493	-0.0488474444	-0.0281214	0.0112866	-0.0321515	-0.000511906	0.000105144	0.000108017
0.15719197999999998	-0.0457957475	-0.044522969800000006	-0.0623266489	-0.025890649	-0.0389800169	0.0892497974	0.06742339	0.0338026431	-0.0104006067	-0.0513477665	-0.0271813	0.0082644	0.0710572	-0.00119936	-7.52806e-05	0.00024055799999999998
0.13293397999999998	0.0360572184	0.0484629394	-0.0296075033	0.018732167	0.0842357241	-0.0253137447	0.0669890084	0.0323418192	-0.0127820349	-0.0537653335	-0.0343652	0.017999999999999995	-0.015034200000000001	-0.00150524	0.000105144	0.000128401
0.109108935	-0.0125363796	-0.0713438673	0.0093807334	0.074659244	-0.0238730543	-0.0558427156	0.0665478783	0.030867963	-0.0151518747	-0.0560962492	-0.0266777	0.0344847	0.0547134	-0.00150524	-5.62027e-05	0.000270837
0.134602895	-0.0275152024	0.075176483	-0.0499391307	0.0104533352	-0.0064097752	0.0724281325	0.0661000441	0.0293816684	-0.0175079777	-0.058336757	-0.03433119999999998	0.00542487	-0.016744299999999997	-0.00150524	-0.000192326	-0.00012167700000000001
0.14638163	0.0557199895	-0.0391569992	0.0061929161	-0.0054089433	0.1135729353	-0.0176971524	0.06564555080000001	0.0278835343	-0.0198482077	-0.060483246	-0.0303698	0.042604	0.0457997	-0.00193446	-0.000143661	0.00025438
0.182423435	-0.0806668646	0.0376317247	0.0856149012	0.0847941521	-0.008934799200000001	-0.0166438158	0.0651844444	0.0263741644	-0.0221704431	-0.0625322567	-0.028858299999999996	0.011154700000000002	-0.030992099999999998	-0.0008867110000000002	-0.00030601799999999997	1.1069300000000001e-05
0.131144035	0.08834234210000001	0.0152081166	-0.0346857196	-0.0178740963	0.022568773	0.0990551071	0.0647167712	0.0248541669	-0.0244725786	-0.0644804868	-0.0238671	0.0320586	0.0235515	-0.000832068	0.000475965	0.00018855
0.07387011500000001	-0.083931133	-0.0352110993	0.0189731211	-0.012465366	0.0803474769	-0.0122937807	0.0642425783	0.0233241543	-0.026752527	-0.0663247964	-0.0343199	0.017888900000000003	0.013489099999999999	-0.000600189	4.30857e-05	0.000307496
0.10043708	0.0404052113	0.0641287701	0.0220385398	0.0973294701	-0.0653881606	0.0139713351	0.0637619136	0.0217847431	-0.0290082213	-0.0680622132	-0.034248900000000006	-0.00414075	-0.042597699999999995	-0.0004845780000000001	1.01308e-05	1.1069300000000001e-05
0.217510145	0.0065966592	-0.0570022975	-0.0005527980000000001	0.0019116897	0.0826936171	0.0889548753	0.0632748254	0.0202365536	-0.0312376164	-0.06968993700000001	-0.024548	0.034799300000000005	0.0570914	-0.00144234	0.000207597	0.000239443
0.14975811500000002	-0.0208736007	0.0590870936	-0.007895024399999999	0.0772376948	0.0604680069	-0.0515910641	0.0627813628	0.0186802098	-0.0334386912	-0.0712053446	-0.0342517	0.00625698	-0.013785200000000001	-0.00185167	3.25908e-05	1.1069300000000001e-05
0.10587624	0.04237616190000002	-0.0454947698	0.0479032962	0.0688956762	-0.017939579599999998	0.0541702851	0.062281575599999986	0.0171163386	-0.035609450099999995	-0.0726059935	-0.027534500000000003	0.038611900000000005	0.029635400000000006	-0.00151392	4.7381499999999994e-05	0.000126199
0.12945326	-0.0761287828	0.0346691511	0.0332340783	0.0448671713	0.0850405826	-0.0049587967	0.061775514	0.0155455703	-0.037747925	-0.07388962639999999	-0.0342084	0.0207341	-0.0378296	-0.0011194000000000002	-0.00019169999999999997	1.1069300000000001e-05
0.094449085	0.06472199440000001	0.0324916158	0.0617393454	0.0896003063	-0.0133847265	-0.05234624190000002	0.0612632291	0.0139685379	-0.0398521774	-0.0750541746	-0.0299425	0.0386171	-0.00672399	-0.00170421	4.7381499999999994e-05	1.1069300000000001e-05
0.14491013000000005	-0.0420157863	-0.0518424752	-0.0227345267	-0.006046180799999999	-0.0144641027	0.0734281696	0.0607447724	0.0123858767	-0.0419202993	-0.0760977612	-0.029264299999999997	0.020942	0.0274231	-0.000317608	-8.984459999999999e-05	0.000335436
0.120453665	-0.006164270899999999	0.0794682562	0.0095394767	0.0452356159	0.0465441695	-0.032705396	0.0602201963	0.0107982247	-0.0439504158	-0.0770187042	-0.0278712	0.00669742	-0.0314658	-0.00100299	-5.70339e-05	0.00013508700000000002
0.13904862500000004	0.0558756087	-0.0479520058	0.0938396442	0.0413033114	-0.0464444709	0.0036834706	0.0596895534	0.0092062214	-0.0459406864	-0.0778155195	-0.0160431	0.013287100000000001	0.0314105	-0.000324575	0.000198255	0.000356474
0.12704179	-0.0812263332	0.0528988164	0.0810750645	-0.1344805006	0.0100011626	0.0384346082	0.0591528974	0.007610508399999999	-0.0478893067	-0.0784869228	-0.011373399999999999	-0.019590599999999996	-0.0130977	8.05038e-05	0.000143278	0.000796142
0.086210466	0.08918341800000001	0.0702965555	0.0687011107	-0.0390036941	-0.0488390663	-0.0920257332	0.0586102822	0.0060117288	-0.0497945101	-0.0790318321	-0.0227392	0.000749031	-0.0368875	0.00040912	4.7381499999999994e-05	0.00060635
0.189394719	-0.0295413409	-0.0392364286	0.1079519801	-0.0454379817	0.034178064300000005	0.097285972	0.0580617626	0.0044105266	-0.0516545692	-0.0794493692	-0.0261493	0.015494299999999999	0.0452445	-0.0012514000000000002	4.7381499999999994e-05	0.0004847230000000001
0.12010935499999995	-0.0050810197	0.08668355679999999	0.0141024838	0.017824303200000002	0.0821450985	-0.0373035251	0.0575073938	0.0028075473	-0.0534677978	-0.0797388611	-0.0290849	0.00345022	-0.036193699999999995	-0.00132815	-0.00020454799999999998	0.000339573
0.13531618	0.027533714700000003	-0.0455325655	0.0922512983	0.0349117935	-0.0007259719	0.0654066816	0.0569472315	0.0012034366	-0.0552325519	-0.0798998413	-0.024325599999999996	0.025860700000000004	0.0354217	-0.00113265	0.00018512799999999998	0.00048501699999999997
0.113509775	-0.0517247493	0.0645070906	-0.007888575600000001	-0.0121866576	0.10211029	0.0305964473	0.05638133240000001	-0.000401159	-0.0569472315	-0.0799320503	-0.025347400000000003	0.00558383	-0.0288947	-0.00132815	-3.18221e-05	0.000339573
0.117022	0.0748391901	-0.0149569664	0.048720962	0.0484451563	0.017419018300000002	-0.0222114753	0.0558097533	-0.002005593	-0.0586102822	-0.0798354362	-0.0316064	0.037137	0.0164427	-0.000729905	4.7381499999999994e-05	0.000339573
0.073337733	-0.0863594238	-0.010009456	0.043230835700000005	-0.0453513309	0.0140980175	0.0811874476	0.0552325519	-0.0036092188	-0.0602201963	-0.0796101548	-0.0314288	-0.00555788	0.000194197	-0.00101424	4.7381499999999994e-05	0.000339573
0.150412502	0.0687928226	0.0940724768	0.0433334848	-0.0694630046	-0.016568002	-0.1066882978	0.0546497862	-0.0052113902	-0.061775514	-0.079256569	-0.0263928	0.016209999999999995	-0.0408151	0.00032850800000000003	0.00035662	0.000339573
0.0757618	-0.0018698111	-0.0577869558	0.12947003710000002	-0.0429960877	-0.028063961600000003	0.0621540921	0.0540615151	-0.0068114617	-0.0632748254	-0.0787752489	-0.0233641	0.019969	0.0203763	0.000205268	0.000324206	0.000339573
0.203107055	-0.046288018	0.0983783116	-0.006902893	0.0200458051	0.1049441614	-0.0144595501	0.0534677978	-0.0084087885	-0.0647167712	-0.07816697	-0.0408448	0.00266942	-0.05788400000000001	-0.0010374300000000002	4.7381499999999994e-05	5.7766e-05
0.14193952	0.0860662296	-0.0233074365	0.0650482158	0.0687191908	0.005647976999999999	0.0271433709	0.052868694	-0.0100027269	-0.0661000441	-0.0774327128	-0.032598	0.0396156	0.0211825	-0.00103427	0.000397775	5.78133e-05
0.037655045000000005	-0.0817025906	0.0100526022	-0.0328922648	0.0088271888	0.0936937288	0.1078551801	0.0522642642	-0.0115926346	-0.06742339	-0.0765736605	-0.031710300000000004	0.0289835	0.00359817	-0.000957002	0.000308654	5.3184e-05
0.07571923499999997	0.073736698	0.0222728009	1.21839e-05	0.0884423235	0.07998862129999999	-0.0271951562	0.0516545692	-0.0131778711	-0.0686856091	-0.07559119780000001	-0.0446336	0.0396419	-0.0179507	-0.00131023	0.00044936300000000004	-6.46523e-05
0.116956085	-0.0613780718	-0.0998635392	-0.1524980331	0.08850624359999999	-0.0599282759	0.0696357985	0.0510396705	-0.0147577975	-0.0698855571	-0.0744869079	-0.044581300000000004	0.0293743	0.056257000000000015	-0.00178717	0.00035980800000000004	-0.000146727
0.1102205	0.0411021523	0.0226743842	-0.2055234408	0.07116867219999999	0.0273505516	-0.045463853	0.05041963	-0.0163317771	-0.0710221462	-0.0732625707	-0.0445811	0.029039699999999998	-0.019831	-0.00156382	0.000184511	-0.000424034
0.14981479999999994	0.0005311128	-0.1370499345	-0.1018918512	0.119625045	-0.0500937735	-0.06000428980000001	0.0497945101	-0.0178991758	-0.0720943458	-0.0719201593	-0.044563599999999995	0.0492894	0.07385030000000001	-0.00181205	0.000387569	-0.000157996
0.14822615	-0.0416021117	0.017308705900000002	-0.2022770854	0.0721083158	0.0048407797	0.0430468437	0.0491643739	-0.0194593619	-0.07310118389999999	-0.07046183730000001	-0.0445518	0.027131799999999998	-0.012683799999999999	-0.00231875	0.000297872	-0.000352052
0.14529979999999998	0.0643588226	-0.0823507272	-0.1225711815	0.0879915321	0.045395326900000005	-0.0545935978	0.0485292848	-0.0210117067	-0.0740417477	-0.06888995490000001	-0.047694400000000005	0.059625	0.0872348	-0.0022773000000000003	0.000397136	-0.00029785799999999997
0.21753785	-0.0850506567	-0.043883951100000006	-0.1067167045	0.1069931247	-0.0518916015	0.0720262209	0.0478893067	-0.0225555848	-0.0749151845	-0.06720704549999999	-0.04715	0.0249048	-0.0259096	-0.0009510310000000001	0.000342743	-0.000295943
0.07401455000000001	0.07371774099999999	0.0158353434	-0.1301951097	0.0506699326	0.0490908188	-0.0314539882	0.0472445043	-0.024090374	-0.0757207024	-0.06541582139999999	-0.0446369	0.0311569	0.0164651	-0.0012397999999999999	0.00020014700000000002	-0.000269815
0.117026005	-0.0498685695	-0.07210542959999999	0.0408592062	0.0208730681	-0.0760392322	-0.0173220413	0.046594942400000006	-0.0256154559	-0.07645757110000001	-0.0635191694	-0.0365023	0.017687900000000003	0.046832900000000004	-0.00040356	0.00044936300000000004	-5.4178900000000004e-05
0.143713845	-0.008857233	0.0629469913	-0.0362643883	-0.1013831183	-0.0216698181	-0.0119498025	0.0459406864	-0.0271302159	-0.0771251226	-0.0615201462	-0.0271445	-0.014294399999999999	-0.0142597	0.000251673	0.00044936300000000004	0.000116211
0.13192446000000002	0.041726948	-0.0655211549	0.0447438273	-0.047695256	-0.059615526	-0.1014988106	0.0452818024	-0.0286340436	-0.0777227516	-0.0594219737	-0.0374954	0.00794681	0.0580682	0.00014958699999999996	0.0007047819999999999	0.000298795
0.15128484	-0.08050636559999999	0.0508453318	0.0295066289	-0.0967399852	-0.0374118398	0.0380825932	0.044618356500000005	-0.0301263332	-0.0782499164	-0.0572280333	-0.0321561	-0.028698200000000007	-0.00325773	-0.000598035	0.000545338	0.000351221
0.13868512	0.0907477549	0.0050465822	0.0107830425	-0.0744719415	-0.0045309274	-0.0769055625	0.0439504158	-0.0316064831	-0.0787061389	-0.0549418609	-0.030206999999999998	0.0222519	-0.0174622	0.0006851919999999999	0.00044936199999999997	0.000298795
0.14958661	-0.0701782163	-0.0501224113	0.0332802977	-0.0542636237	-0.120028039	0.0065773309	0.0432780475	-0.0330738971	-0.07909100570000001	-0.052567141100000006	-0.0142252	-0.00631383	0.0373154	3.74344e-05	0.000708234	0.000397395
0.127755379	0.0576441109	0.044208513	-0.0378061064	-0.0898814395	-0.0478024652	-0.0265979799	0.0426013192	-0.0345279838	-0.0794041677	-0.050107701	-0.030206999999999998	-0.000785871	-0.0370084	-0.00024353	0.00044936199999999997	0.000298795
0.13959642100000005	-0.0269667838	-0.0735594004	-0.0318789111	-0.0442443384	-0.0600257074	-0.1172164539	0.0419202993	-0.0359681572	-0.079645341	-0.0475675045	-0.030215699999999998	0.036286599999999995	0.0598934	-0.000253651	0.00044936199999999997	0.000400943
0.17614278	0.0032895898	0.0584427147	-0.0294397089	-0.0789229367	-0.097288607	0.0362934792	0.0412350562	-0.0373938371	-0.0798143071	-0.0449506455	-0.0307753	0.00183462	-0.061875599999999996	-0.000150049	0.00044936199999999997	0.00011730100000000001
0.17790017999999996	0.007584031	-0.0695185997	-0.0449898174	-0.115266998	0.0225915347	-0.063459965	0.0405456591	-0.038804449	-0.0799109126	-0.0422613414	-0.0330505	0.040786	0.0435548	-0.000253651	0.0007891299999999998	0.000298795
0.181364788	-0.0156547674	0.0508570793	0.0341697317	0.0050175093	-0.1109439259	-0.0138926446	0.0398521774	-0.0401994245	-0.07993507009999999	-0.0395039266	-0.0274751	-0.000789788	-0.0291531	-0.000976175	0.00028154	0.000298795
0.18964893800000002	0.0233848142	-0.0735414904	-0.0485045804	-0.1206650814	-0.0434956368	0.0148841352	0.0391546809	-0.0415782013	-0.0798867576	-0.0366828449	-0.014052	0.0327676	0.07635739999999999	-0.0008334539999999999	0.000714056	0.00046671699999999996
0.18010183800000001	-0.0495726496	0.0560049582	-0.0107185566	-0.0661056422	-0.0135472249	-0.0837080358	0.038453239900000005	-0.0429402241	-0.0797660189	-0.0338026431	-0.014040799999999999	-0.000766038	-0.023882900000000002	-0.00142142	0.00044936199999999997	0.00039304300000000004
0.131839738	0.0684169567	-0.0638649042	0.0138453308	-0.038181406800000005	-0.08273868690000001	0.0237431812	0.037747925	-0.0442849438	-0.0795729635	-0.030867963	-0.0140423	0.0239757	0.0455949	-0.000987213	0.000643397	0.000517175
0.15542826	-0.0922001193	0.0130246237	-0.030029182400000007	-0.0434381114	0.0431391856	0.0185484329	0.037038807400000005	-0.0456118188	-0.0793077664	-0.0278835343	-0.0258932	0.00668349	-0.0331755	-0.000449333	0.00044936199999999997	0.000298795
0.09779941	0.0882872249	0.0028788774	-0.0157128529	0.0330636968	-0.043454306	-0.0786880843	0.0363259585	-0.0469203142	-0.0789706681	-0.0248541669	-0.0314665	0.040309	0.0016677	-0.0009244810000000001	0.00044936199999999997	0.000298795
0.09313055	-0.0860460092	-0.0591670559	-0.0503977197	0.015033223500000003	-0.0380820251	0.0657694478	0.035609450099999995	-0.0482099028	-0.0785619741	-0.0217847431	-0.0314691	0.013663299999999998	0.03688640000000002	-0.00149738	0.000501734	0.000298795
0.07822540000000001	0.0558780182	0.0595870005	-0.0475537597	0.0104855323	-0.0115532323	-0.0698010369	0.0348893543	-0.0494800651	-0.078082055	-0.0186802098	-0.031467300000000004	0.0197745	-0.028073200000000003	-0.00151275	0.00044936199999999997	0.00022348099999999998
0.13752905	-0.0086774403	-0.1014562766	0.0345807488	0.0211580133	-0.0554783229	0.035921887400000005	0.0341657437	-0.0507302891	-0.07753134589999999	-0.0155455703	-0.0222659	0.017145299999999995	0.0523014	-0.000751217	0.000518992	0.000298795
0.12691935	-0.0258228841	0.0759861519	-0.049183671500000005	-0.0976624142	0.010610045	-0.0533365876	0.0334386912	-0.051960071	-0.07691034599999999	-0.0123858767	-0.0161059	-0.0125745	-0.015354399999999999	-0.0007381449999999997	0.000182423	0.000416829
0.11839015000000006	0.0765718623	-0.0513111926	0.0507071636	0.0178052906	-0.0559051536	-0.056127265700000005	0.03270827	-0.0531689154	-0.0762196185	-0.0092062214	-0.0223672	0.01369	0.041735400000000006	-0.0008674019999999998	0.00044936199999999997	0.0005961240000000001
0.15388119	-0.0929149915	-0.014233545	-0.0319122834	0.0311687869	0.0033229264	0.0963945824	0.0319745538	-0.0543563352	-0.0754597894	-0.0060117288	-0.042712099999999996	-0.010338600000000002	0.00119196	-0.000261593	0.00072714	0.000100426
0.06696875	0.0693241834	0.0319502459	-0.0209332118	0.0450074305	0.0138048239	-0.0609509037	0.0312376164	-0.0555218517	-0.0746315476	-0.0028075473	-0.035040499999999995	0.00517294	-0.0265343	-0.000226435	0.00044936199999999997	0.000108677
0.17376256	-0.0419632741	-0.0894040869	-0.0556166779	0.0548006384	-0.0520050758	0.048311712400000005	0.0304975321	-0.0566649955	-0.0737356442	0.000401159	-0.0268003	0.0171624	0.0718549	-0.0011391900000000002	0.00044936199999999997	0.000298796
0.186500902	-0.007142540300000002	0.0665349746	-0.0471284497	0.0370388473	0.0333501474	0.0151600647	0.0297543755	-0.0577853059	-0.0727728912	0.0036092188	-0.0311617	0.000766498	-0.0463343	-0.000559159	0.000186251	0.00019085
0.14615710199999998	0.0429241504	-0.0653861957	0.0395956766	0.0781333059	0.0488771603	-0.06441630150000001	0.0290082213	-0.0588823313	-0.0717441615	0.0068114617	-0.034433899999999996	0.0381794	0.0225717	-0.00101148	0.000118461	0.000402059
0.135573267	-0.0622024184	0.0453101801	-0.0383446451	0.0753135777	-0.0045613523	0.0707620248	0.0282591448	-0.059955629800000014	-0.0706503878	0.0100027269	-0.030720099999999997	-0.000940467	-0.0577716	-0.0009602069999999999	0.000211851	0.000298796
0.16955441699999999	0.0732733172	-0.008771763	-0.0419813014	0.045930982	0.1132852631	-0.0243811933	0.0275072215	-0.061004769	-0.06949256179999999	0.0131778711	-0.030211599999999998	0.0318939	0.0214524	-0.00176564	0.00043641800000000016	0.000408547
0.10824305	-0.0854122344	0.0022787285	0.0584086004	0.1000524311	-0.010373134	-0.016473996	0.026752527	-0.0620293259	-0.068271733	0.0163317771	-0.035695599999999994	0.019637900000000003	-0.0312006	-0.00140855	0.000251243	0.00019381099999999998
0.139161935	0.0857231367	0.024073869	-0.046599100199999986	-0.0408307587	0.0021659902	0.0559636348	0.0259951375	-0.0630288878	-0.0669890084	0.0194593619	-0.0277921	0.0315173	-0.0165182	-1.41653e-05	0.000602741	0.000541861
0.069041725	-0.0661573427	-0.0490596116	0.0427871521	-0.0343694479	0.0524723872	-0.041824852	0.0252351292	-0.06400305190000001	-0.06564555080000001	0.0225555848	-0.028257099999999997	0.0226482	0.00394849	-0.000501072	0.00031398	0.00053271
0.11809249	0.0296183323	0.0813828032	-0.0068649973	0.0198084997	-0.0890912026	0.0282754617	0.0244725786	-0.06495142570000001	-0.0642425783	0.0256154559	-0.0297731	0.00464095	-0.07285010000000001	-0.00027472200000000003	0.000348224	0.000357891
0.18412920000000002	0.0140828115	-0.08152993389999999	0.039481248	-0.0145963248	0.0976174634	0.0609131697	0.0237075627	-0.065873627	-0.0627813628	0.0286340436	-0.0309454	0.0196105	0.0294024	-0.00131701	0.000513244	0.00046528
0.10611823	-0.0695766461	0.055184342	0.0137338805	0.0707234994	0.0134688308	-0.0662635771	0.0229401584	-0.0667692842	-0.0612632291	0.0316064831	-0.0349412	0.00313792	-0.029555500000000002	-0.00123417	0.00022872900000000005	0.000298796
0.07571603	0.0657544318	0.0032722949	0.0639069686	0.0358950525	0.0154941238	0.08568006759999999	0.0221704431	-0.0676380363	-0.0596895534	0.0345279838	-0.030687	0.0224775	-0.015556799999999999	-0.000687995	0.000384481	0.00035934
0.05412341000000001	-0.06864475860000001	-0.0050005779	-0.0101077971	0.0058581615	0.0965675214	-0.0400330987	0.0213984944	-0.0684795334	-0.0580617626	0.0373938371	-0.0305892	0.0196288	-0.00599389	-0.00149752	0.000389695	0.00037688099999999997
0.06064671000000001	0.0434495866	0.0617840997	0.0922113505	0.09635054960000004	-0.0309629574	0.0398822157	0.0206243899	-0.0692934363	-0.05638133240000001	0.0401994245	-0.0348965	0.010079200000000002	-0.0370209	-0.00126667	0.000383374	0.000298796
0.16202155	-0.017983896699999998	-0.0434873792	-0.0291835835	-0.0093229565	0.0776908752	0.0402692077	0.0198482077	-0.0700794171	-0.0546497862	0.0429402241	-0.0236044	0.0196208	0.0639352	-0.00204195	0.000412729	0.000298796
0.19264604	0.01150146	0.0715863902	0.0393594313	-0.004738823	-0.04681860980000002	-0.0271416429	0.019070026	-0.07083715900000001	-0.052868694	0.0456118188	-0.0349421	-0.017018000000000002	-0.0187134	-0.00114834	6.59202e-05	0.000298796
0.21679160000000008	0.023294171	-0.065275823	0.0294951952	-0.11080825789999996	-0.0312907708	0.0652892826	0.0182899231	-0.0715663568	-0.0510396705	0.0482099028	-0.023277900000000004	-0.00375419	0.0512342	0.000769175	0.000586725	0.000298796
0.20280046	-0.054688203600000006	0.0990149788	0.0559778614	-0.0980779431	0.0561821148	-0.0523136854	0.0175079777	-0.07226671650000001	-0.0491643739	0.0507302891	-0.030869	-0.0309548	-0.0372476	-0.00036345	0.000128811	0.000298796
0.14635682800000002	0.0942544771	-0.0184545117	0.0978622965	-0.0624859082	-0.0478658599	0.0245342912	0.016724268400000002	-0.072937956	-0.0472445043	0.0531689154	-0.0165892	-0.00038282199999999995	-0.007274649999999999	0.000513922	0.0006820810000000001	0.000298796
0.125596178	-0.0737743676	0.0084035534	0.022312001	-0.1331221103	0.0135998916	-0.0212910008	0.0159388744	-0.07357980480000001	-0.0452818024	0.0555218517	-0.0117914	-0.0218168	0.0152204	-0.000476368	0.00046087900000000003	0.000624691
0.05733916	0.07381348160000001	0.020556454	0.0543448717	-0.0764499936	-0.08920089269999999	-0.06392138929999999	0.0151518747	-0.0741920043	-0.0432780475	0.0577853059	-0.0212817	-0.00550219	0.0227335	-0.00014172700000000002	0.000320354	0.000619434
0.02839286	-0.056908995199999986	-0.0205542908	0.0201640176	-0.1367844676	-0.0401443051	0.0558719285	0.0143633485	-0.0747743077	-0.0412350562	0.059955629800000014	-0.011787200000000001	-0.00551005	0.022747	-0.00039721699999999995	0.000315695	0.000502043
0.15690308000000006	0.05945867990000001	0.0663367325	0.0122057825	-0.0857732701	0.0300911129	-0.0733228838	0.0135733754	-0.0753264804	-0.0391546809	0.0620293259	-0.0223483	0.00707917	-0.058115999999999994	1.3545999999999999e-05	-5.42172e-05	0.000779163
0.17974194	-0.0449836834	-0.0688305028	0.0652749371	-0.0260771158	-0.0754484965	-0.0139633128	0.0127820349	-0.07584830000000001	-0.037038807400000005	0.06400305190000001	-0.017210800000000002	0.0112412	0.047788300000000006	-0.000930909	0.00024108400000000002	0.000728157
0.17954614	0.0100571462	0.115693797	0.0070967181000000015	-0.0102415393	0.0258303593	0.0442126678	0.0119894067	-0.0763395561	-0.0348893543	0.065873627	-0.0298019	0.00441492	-0.0401578	-0.0016499000000000002	-5.42172e-05	0.000298796
0.11697756	0.0327930075	-0.065002182	0.1030962304	0.0339098833	0.0607585194	-0.0341078634	0.0111955706	-0.0768000508	-0.03270827	0.0676380363	-0.029857299999999996	0.0332939	-0.00835043	-0.000937735	0.000139286	0.000517844
0.1292172125	-0.0534706893	0.099600489	0.0085442374	0.0022860803	0.0280451457	0.0913319593	0.0104006067	-0.0772295986	-0.0304975321	0.0692934363	-0.0297849	-0.011567200000000001	-0.0694484	-0.000957623	6.86715e-06	0.00020643599999999997
0.14943095249999994	0.0729452651	-0.035292341	0.0525593197	-0.0348562256	0.1010166821	0.0028079088	0.0096045951	-0.0776280263	-0.0282591448	0.07083715900000001	-0.0297788	0.0236512	0.00260049	-0.00148788	7.023439999999999e-05	0.00045596300000000004
0.07768113	-0.0907412448	0.0253924694	0.0597033639	0.0530004654	-0.0293396983	0.0071971275	0.0088076158	-0.07799517339999999	-0.0259951375	0.07226671650000001	-0.0297633	-0.00447141	-0.0257621	-0.00162274	0.000158759	0.000255739
0.08553405999999998	0.0696225914	0.0276526767	0.0128698454	-0.0103767143	0.06585640179999999	0.0939785765	0.0080097493	-0.078330892	-0.0237075627	0.07357980480000001	-0.0298217	0.0161534	-0.0305111	-0.0007119610000000001	0.00038767699999999995	0.00031807900000000003
0.06181128499999999	-0.0610384552	-0.0099459354	0.0156373712	0.0323969311	0.06531570269999999	-0.071197037	0.0072110759	-0.0786350467	-0.0213984944	0.0747743077	-0.029845099999999996	0.0161707	-0.00519609	-0.00106314	6.89065e-05	0.000377241
0.06656928999999999	0.0435540048	0.0543334715	0.0526279376	0.0520007824	-0.018735344	0.0939313867	0.006411676	-0.07890751509999999	-0.019070026	0.07584830000000001	-0.029794099999999997	0.0056024	-0.05292190000000002	-0.00104487	4.3689899999999997e-05	0.00025624400000000004
0.13950316499999998	-0.0320070484	-0.0200191769	-0.0106716493	-0.0155639162	0.0832180939	-0.0246356764	0.0056116301	-0.0791481873	-0.016724268400000002	0.0768000508	-0.0298224	0.023848599999999998	0.0142963	-0.00190582	8.39662e-05	0.00043522699999999994
0.16556012	0.0260150978	0.08432009130000001	0.1065118882	0.07294949120000001	-0.0211210459	0.008820520699999999	0.004811019000000001	-0.07935696639999999	-0.0143633485	0.0776280263	-0.0371255	0.015927200000000002	-0.0635628	-0.0009222290000000002	-5.42172e-05	0.000107471
0.18438481	-0.0131904936	-0.037150647200000005	0.032269431800000005	-0.0050646689	0.055756106500000006	0.0634950895	0.0040099232	-0.0795337681	-0.0119894067	0.078330892	-0.0298122	0.0287541	0.019624000000000003	-0.00191641	0.000278361	0.00040186800000000016
0.12784396499999998	-0.0007376739999999999	0.1014016685	0.0616985754	0.0216015103	0.065129369	-0.0384668077	0.0032084234000000003	-0.0796785214	-0.0096045951	0.07890751509999999	-0.0297721	0.015889	-0.0512245	-0.00174792	-0.000127317	9.423069999999999e-05
0.129313715	0.0487220679	-0.0506051471	0.0992857573	0.0383656256	-0.00080616	0.071113646	0.0024066004	-0.0797911678	-0.0072110759	0.07935696639999999	-0.0261121	0.0158955	0.012258100000000001	-0.00124646	0.000342407	0.00036633900000000003
0.15945617700000006	-0.064447512	0.082761807	0.0369823197	-0.0025313917000000003	0.1066910765	0.0111331038	0.001604535	-0.0798716619	-0.004811019000000001	0.0796785214	-0.0297057	-0.00039507699999999997	-0.06296590000000002	-0.00025618799999999997	0.000212306	0.000199752
0.11809479499999995	0.08582462449999999	-0.0024395994	0.0857997393	0.0505746281	0.0157967023	0.0040215801	0.0008023078999999999	-0.0799199714	-0.0024066004	0.0798716619	-0.032842199999999995	0.00708235	0.00024926799999999997	-0.0009026160000000001	0.00019444099999999998	0.00042077300000000015
0.04754157800000002	-0.0939423746	0.0003780981	0.0783471904	0.006008375799999999	0.0229340428	0.1045181837	0.0	-0.0799360767	-0.0	0.0799360767	-0.0318873	-0.00691023	-0.00511278	-0.00108485	0.000403705	0.00026763
0.079249365	0.0543295255	0.0536552225	-0.0348701884	0.0199217558	0.0554609141	-0.0397161499	-0.0008023078999999999	-0.0799199714	0.0024066004	0.0798716619	-0.0352748	-0.00640909	-0.051974400000000004	-0.00090319	6.97009e-05	0.000321948
0.19632312	0.0026705358	-0.1038625721	-0.0324031522	-0.0246544745	-0.0954496467	-0.0473383101	-0.001604535	-0.0798716619	0.004811019000000001	0.0796785214	-0.022537400000000003	-0.000562525	0.0714054	-0.00125343	0.000555089	0.000573507
0.139808145	-0.0262005473	0.025948814700000003	-0.136520791	-0.0514764209	-0.0325212823	0.0002221901	-0.0024066004	-0.0797911678	0.0072110759	0.07935696639999999	-0.030214099999999997	-0.0179251	0.00094208	-0.00169675	0.00061038	0.000186007
0.12374747	0.0613578473	-0.0633756672	-0.0978303938	0.0178714081	0.0105326932	-0.073733883	-0.0032084234000000003	-0.0796785214	0.0096045951	0.07890751509999999	-0.0289885	0.014883700000000001	0.060111800000000014	-0.00182357	0.00106176	0.00021867400000000005
0.14637309499999998	-0.0784065493	-0.0212014942	-0.0382130407	0.0483393712	-0.0501174189	0.0502304691	-0.0040099232	-0.0795337681	0.0119894067	0.078330892	-0.029464099999999997	-0.0111287	-0.0200702	-0.00137866	0.000872465	5.88171e-05
0.06859109499999999	0.0700434499	0.0232485647	-0.0919404632	0.0411046832	0.0516290071	-0.03784208	-0.004811019000000001	-0.07935696639999999	0.0143633485	0.0776280263	-0.0388501	0.00895949	-0.0149362	-0.0018184999999999998	0.0008000860000000001	-0.000108622
0.099879748	-0.039577266	-0.0790857886	0.0047679287	0.0989144168	-0.0215940714	-0.0292795434	-0.0056116301	-0.0791481873	0.016724268400000002	0.0768000508	-0.0334786	-0.0005392880000000001	0.029643400000000007	-0.00143681	0.0005378469999999999	5.604640000000001e-05
0.103843327	0.0139274556	0.0660437494	-0.0785783619	0.0301240734	-0.0346474761	0.0654119208	-0.006411676	-0.07890751509999999	0.019070026	0.07584830000000001	-0.0375126	-0.0170605	-0.025658099999999996	-0.00166689	0.00024082400000000002	2.34171e-05
0.120612545	0.0161813007	-0.0625527551	-0.00016619790000000002	0.006212218	0.0800733902	-0.0581262018	-0.0072110759	-0.0786350467	0.0213984944	0.0747743077	-0.0359219	0.021164500000000003	0.0223786	-0.00163273	0.0007112860000000001	0.000173998
0.17334713999999998	-0.0354170132	0.0723350827	0.0224436518	0.08929158570000001	-0.0248052319	0.0369270719	-0.0080097493	-0.078330892	0.0237075627	0.07357980480000001	-0.0395407	-0.026472700000000002	-0.0533177	-0.0013147	0.000276943	-1.5258e-06
0.18814102	0.0578148458	-0.0495224994	0.0040994251	-0.0008698950999999999	0.0849449561	0.071337047	-0.0088076158	-0.07799517339999999	0.0259951375	0.07226671650000001	-0.036937	0.00915928	0.031759800000000005	-0.00214134	0.000601547	0.000143787
0.07202434999999999	-0.07854044610000001	0.0182824682	0.0069536568	0.0592362464	0.0416428781	-0.0477668522	-0.0096045951	-0.0776280263	0.0282591448	0.07083715900000001	-0.044368	-0.00451655	-0.00484099	-0.00214134	0.000475875	-1.6875599999999998e-05
0.04902242999999999	0.0784963447	-0.016402376200000002	-0.0251634641	-0.0056440068	-0.0050475501	0.1148889965	-0.0104006067	-0.0772295986	0.0304975321	0.0692934363	-0.050107599999999995	-0.00873161	0.0113652	-0.00178159	0.0005378480000000001	1.8633e-05
0.09323255	-0.0888270391	-0.017902350900000003	0.0210908575	-0.095720687	0.0363199346	-0.0385961157	-0.0111955706	-0.0768000508	0.03270827	0.0676380363	-0.0338251	-0.00279904	-0.00468408	-0.00113171	0.0005378480000000001	0.000468117
0.114689115	0.0705589413	0.0309938433	-0.037126151	0.06321881900000001	-0.0794350677	-0.0075291069	-0.0119894067	-0.0763395561	0.0348893543	0.065873627	-0.0425139	0.00811527	-0.022827200000000002	-0.00194574	0.000312825	-3.16877e-05
0.16353426499999998	-0.0456646312	-0.0902440426	-0.0991307796	-0.0392932355	0.0318827373	0.0609549914	-0.0127820349	-0.07584830000000001	0.037038807400000005	0.06400305190000001	-0.042511400000000005	0.0242412	0.06723739999999999	-0.00272175	0.0005378480000000001	0.00011410399999999999
0.153977255	0.0125923781	0.0549173942	-0.0667889602	0.045580022699999986	-0.0374309483	-0.08563752470000001	-0.0135733754	-0.0753264804	0.0391546809	0.0620293259	-0.042537900000000003	0.010577600000000001	-0.028351599999999998	-0.00235659	0.000166665	-4.3516099999999995e-05
0.145691305	0.0028743794	-0.1090102287	-0.0597011022	-0.0185049795	-0.0258328014	0.0557979635	-0.0143633485	-0.0747743077	0.0412350562	0.059955629800000014	-0.0378485	0.0299467	0.0534465	-0.00228729	0.000610243	0.0002403
0.1852699425	-0.0406677694	0.04310726980000002	-0.1370737565	0.010247909	0.0313516067	-0.0695795584	-0.0151518747	-0.0741920043	0.0432780475	0.0577853059	-0.0425065	0.00725238	-0.0517235	-0.00153579	0.0005378480000000001	9.24255e-06
0.1058236925	0.0784107324	-0.07178116679999999	-0.0221062872	0.0344956279	-0.0704670133	0.0091982647	-0.0159388744	-0.07357980480000001	0.0452818024	0.0555218517	-0.03797469999999999	0.020863	0.025620799999999996	-0.00153579	0.0005378480000000001	0.000215982
0.07623805500000001	-0.0894289054	-0.0112833691	-0.0528078285	-0.0960452004	-0.0309293242	-0.023537002	-0.016724268400000002	-0.072937956	0.0472445043	0.0531689154	-0.0363022	-0.00226406	0.00781658	-0.0020916999999999997	0.0005378480000000001	9.920649999999999e-05
0.13087726500000002	0.0670848921	0.0083612936	0.006074807	0.0009499612	-0.1013082229	-0.086048864	-0.0175079777	-0.07226671650000001	0.0491643739	0.0507302891	-0.0424905	0.0160374	-0.0214923	-0.0007579559999999997	0.0005378480000000001	-0.000108622
0.130844563	-0.0607394559	-0.046984285	-0.0471190984	-0.0417313362	-0.056658595	0.0363541264	-0.0182899231	-0.0715663568	0.0510396705	0.0482099028	-0.0377107	0.000320167	0.0189594	-0.00170566	0.0008316229999999998	4.7815600000000003e-05
0.09855630499999997	0.041890814	0.06401232309999999	-0.017193316599999998	0.0124453838	0.0038427772	-0.090008479	-0.019070026	-0.07083715900000001	0.052868694	0.0456118188	-0.0425032	-0.000860793	-0.0470702	-0.0015351	0.0005378480000000001	-1.89143e-05
0.107098918	-0.0225211053	-0.1063881337	-0.0547042992	0.0227994202	-0.0891761751	0.008198624100000001	-0.0198482077	-0.0700794171	0.0546497862	0.0429402241	-0.0425175	0.0155215	0.0285248	-0.00160017	0.00076791	-2.59288e-05
0.113672052	-0.0143094084	0.07198425559999999	-0.0744663316	0.001212959	0.0103056628	-0.0132747891	-0.0206243899	-0.0692934363	0.05638133240000001	0.0401994245	-0.0424905	-0.0007632919999999999	-0.0522602	-0.00161892	0.0005378480000000001	-0.000108622
0.116574452	0.0415145049	-0.0965964277	0.029270756	0.08847003	-0.0101158812	-0.0055299057	-0.0213984944	-0.0684795334	0.0580617626	0.0373938371	-0.05932340000000001	0.0202335	-0.00550399	-0.0013544	0.0009130989999999999	-0.000108622
0.091039022	-0.06689966	0.047623860199999986	-0.07286271309999999	-0.034242477	-0.0328360719	0.03768894	-0.0221704431	-0.0676380363	0.0596895534	0.0345279838	-0.0486218	-0.0007771119999999999	-0.046923900000000004	-0.00127587	0.000633491	-0.000108622
0.0729531355	0.0862879207	-0.0410759994	-0.0289916521	-0.061958755199999986	3.50924e-05	-0.0772536934	-0.0229401584	-0.0667692842	0.0612632291	0.0316064831	-0.0467375	0.0044853	-0.00515084	-0.000990443	0.000713126	6.98327e-06
0.0670211235	-0.0934516748	-0.0144935401	0.0405465003	0.0111669011	-0.09569574	-0.024011176600000003	-0.0237075627	-0.065873627	0.0627813628	0.0286340436	-0.0406608	-0.020342	-0.024249299999999998	-0.00120794	0.000705855	-0.000108622
0.06228454000000001	0.0696602413	0.0363666947	0.0022362679	-0.0036727361	0.033852546000000004	0.0408629036	-0.0244725786	-0.06495142570000001	0.0642425783	0.0256154559	-0.05129630000000001	-0.00222931	-0.038322300000000004	-0.0014292	0.0005378480000000001	-0.000108622
0.0949887	-0.0677792395	-0.0529295625	-0.0163846012	0.0516064333	-0.049541626500000005	-0.0975262216	-0.0252351292	-0.06400305190000001	0.06564555080000001	0.0225555848	-0.051284300000000005	-0.00221506	0.0159358	-0.00191651	0.000864625	-0.000108622
0.14217849	0.0376010378	0.0571501525	-0.015944487	-0.0037420713	-0.0506205304	0.082102475	-0.0259951375	-0.0630288878	0.0669890084	0.0194593619	-0.0481344	-0.0255645	-0.0449293	-0.0012368800000000005	0.0005378480000000001	-0.000198496
0.140207655	-0.0252596667	-0.0657248738	-0.0083184757	-0.0212801176	0.0835132125	-0.06340494440000001	-0.026752527	-0.0620293259	0.068271733	0.0163317771	-0.0422958	-0.0037039	0.0159945	-0.0016364699999999995	0.0008848509999999998	8.660409999999999e-05
0.115075955	-0.0008241627	0.0765556489	0.035373669100000005	0.0440941632	-0.089016046	-0.0183450874	-0.0275072215	-0.061004769	0.06949256179999999	0.0131778711	-0.05134299999999999	-0.0189954	-0.042466500000000004	-0.00153556	0.0005378480000000001	-0.00011100799999999999
0.11933119999999996	0.0297424461	-0.0762673522	0.0090473769	-0.0182108098	0.0307047427	0.055565384	-0.0282591448	-0.059955629800000014	0.0706503878	0.0100027269	-0.0400436	0.00157436	0.00697879	-0.00147163	0.0009117169999999999	0.000211528
0.10514081	-0.054979890199999985	0.0317806566	-0.051230233499999986	0.0134477403	-0.0167709774	-0.1223742235	-0.0290082213	-0.0588823313	0.0717441615	0.0068114617	-0.041652499999999995	-0.0151201	-0.0429268	-0.00163603	0.0005378480000000001	1.11598e-05
0.06858805400000001	0.0872191664	-0.0358121827	-0.0553906089	-0.0131120486	-0.06233565360000001	0.0613766197	-0.0297543755	-0.0577853059	0.0727728912	0.0036092188	-0.0488491	0.000540764	-0.0112901	-0.00147632	0.0005378480000000001	-0.00011100799999999999
0.08259943600000001	-0.0827089458	-0.0073132941	0.0147041032	-0.0341627103	0.07269729330000001	-0.0273627483	-0.0304975321	-0.0566649955	0.0737356442	0.000401159	-0.04453769999999999	0.0170021	-0.0117983	-0.00270269	0.0005378480000000001	-0.00011100799999999999
0.07161270000000003	0.0428731313	0.060406789	0.075991222	0.0543436491	-0.0393142299	-0.0163421005	-0.0312376164	-0.0555218517	0.0746315476	-0.0028075473	-0.0488491	0.016903900000000003	-0.046960400000000006	-0.00206187	0.0005378480000000001	-0.00011100799999999999
0.110883765	-0.0166292192	-0.0617359342	0.0143216797	-0.0908021121	0.007262396	0.0589494733	-0.0319745538	-0.0543563352	0.0754597894	-0.0060117288	-0.0391523	0.0170961	0.010808700000000001	-0.0014708	0.000713468	-1.3184700000000001e-05
0.18392879000000004	-0.0036386012	0.0704192361	0.0101858445	-0.0846417657	-0.029115921800000007	-0.0939956457	-0.03270827	-0.0531689154	0.0762196185	-0.0092062214	-0.0427772	-0.0223507	-0.0707716	-0.00038270199999999996	0.0006480580000000001	1.88431e-05
0.183278615	0.0743737751	-0.0590636797	0.04271929	-0.0106476827	-0.0790590453	0.0346206285	-0.0334386912	-0.051960071	0.07691034599999999	-0.0123858767	-0.0437775	-0.00185953	0.0220018	-0.00164636	0.0005378480000000001	2.525e-05
0.10485242999999997	-0.0857435395	0.0163751705	-0.0175356708	-0.0332853723	0.0537227912	-0.0624254684	-0.0341657437	-0.0507302891	0.07753134589999999	-0.0155455703	-0.043753600000000004	-0.00187776	-0.06568660000000001	-0.00144018	0.0005378480000000001	-0.00011100799999999999
0.03914489050000002	0.0739508597	0.0240319974	0.0123932588	0.0398064075	-0.0490496097	-0.0209563774	-0.0348893543	-0.0494800651	0.078082055	-0.0186802098	-0.0437702	0.00324381	-0.0370181	-0.00143705	0.0005378480000000001	-7.3735899999999985e-06
0.058654560500000015	-0.06115187900000001	-0.0619198188	-0.0131799215	-0.0195396448	0.0241079383	0.0481561633	-0.035609450099999995	-0.0482099028	0.0785619741	-0.0217847431	-0.0437594	-0.0018969000000000002	-0.00536707	-0.00121318	0.000647384	-0.00011100799999999999
0.11761988	0.029287857200000007	0.0532449561	-0.0429540247	0.0069764651	-0.037087053	-0.08567693900000001	-0.0363259585	-0.0469203142	0.0789706681	-0.0248541669	-0.043753600000000004	-0.019168099999999997	-0.0731039	-0.000670595	0.0005378480000000001	-0.00011100799999999999
0.17726549	0.0254069034	-0.0987336131	-0.0082973455	-0.0152141126	-0.0732524736	0.0589803992	-0.037038807400000005	-0.0456118188	0.0793077664	-0.0278835343	-0.0494671	-0.00211036	0.017450599999999997	-0.00152892	0.000746371	0.00010093899999999999
0.10846002	-0.0637538119	0.04560238230000002	-0.0332330938	-0.0043563952	0.0652495843	-0.0919030497	-0.037747925	-0.0442849438	0.0795729635	-0.030867963	-0.043753600000000004	-0.00809598	-0.053307299999999995	-0.0016285099999999995	0.0005378480000000001	-0.00011100799999999999
0.06608473999999999	0.0763462948	-0.0005887962	0.0515330875	0.034717674500000004	-0.05738817440000001	0.0233632784	-0.038453239900000005	-0.0429402241	0.0797660189	-0.0338026431	-0.059316499999999994	0.00382536	-0.0450723	-0.0010211999999999999	0.0005378480000000001	-0.00011100799999999999
0.08647772	-0.0639132509	-0.0342527243	-0.0736111222	-0.0411870147	0.005623773	0.0317159397	-0.0391546809	-0.0415782013	0.0798867576	-0.0366828449	-0.0438441	0.00685813	-0.019509799999999997	-0.00124805	0.0008888139999999998	0.00015937700000000002
0.10608172	0.0451738705	0.0462190674	0.0247508619	0.0246479027	-0.013068925	-0.048197227300000006	-0.0398521774	-0.0401994245	0.07993507009999999	-0.0395039266	-0.0598765	-0.00352645	-0.06971089999999999	-0.00131014	0.0005378480000000001	-1.68398e-05
0.15665126999999998	-0.0278014304	-0.073367324	-0.021632242000000003	-0.12613387380000002	-0.0686308601	0.044645124	-0.0405456591	-0.038804449	0.0799109126	-0.0422613414	-0.0421413	0.00634583	0.0136602	-0.000918935	0.0009121919999999999	0.000131065
0.20844489	0.0008242399	0.0968137473	0.0120844738	-0.0626792985	-0.0134864731	-0.07793735480000001	-0.0412350562	-0.0373938371	0.0798143071	-0.0449506455	-0.056699	-0.0190679	-0.096087	-0.00026525400000000003	0.0005378480000000001	-1.54352e-05
0.1545879	0.0447221179	-0.0544795661	0.0959405647	0.0263386318	-0.0356103738	0.0523005194	-0.0419202993	-0.0359681572	0.079645341	-0.0475675045	-0.042056	0.00677171	-0.0370741	-0.0008916399999999999	0.000917737	-0.00011100799999999999
0.08784208999999997	-0.0565471406	0.0724607358	-0.006975801899999999	-0.0423714963	0.0700622224	0.0257155161	-0.0426013192	-0.0345279838	0.0794041677	-0.050107701	-0.0420529	-0.018996400000000004	-0.0885532	-0.0008921860000000002	0.0008055249999999998	-1.19304e-05
0.127707165	0.0730033626	-0.040384792200000005	0.0352299617	0.0314843217	0.0091008036	0.0150039523	-0.0432780475	-0.0330738971	0.07909100570000001	-0.052567141100000006	-0.049471100000000004	0.0058775	-0.00510169	-0.00106538	0.0007684069999999999	1.70287e-05
0.118205795	-0.0894675174	0.0484454728	0.0510297621	-0.0104300653	0.06331340860000001	0.0798510048	-0.0439504158	-0.0316064831	0.0787061389	-0.0549418609	-0.0437861	-0.015463900000000001	-0.0566242	-0.00163635	0.000862538	-0.00011100799999999999
0.06356661999999999	0.0894031747	0.0192800886	-0.017726275	0.022428594500000003	0.0743039843	-0.022854014	-0.044618356500000005	-0.0301263332	0.0782499164	-0.0572280333	-0.0537768	0.00741907	-0.042515199999999996	-0.00143839	0.0007288189999999999	-0.00011100799999999999
0.04864797000000001	-0.0768404867	-0.0235496292	0.0400435727	0.02819138	-0.0308474246	0.051731515	-0.0452818024	-0.0286340436	0.0777227516	-0.0594219737	-0.046197800000000004	0.00806309	-0.0207389	-0.00179951	0.0007406719999999999	-0.00011100799999999999
0.07610548	0.052130843200000006	0.0636474235	-0.005785868299999999	0.0104813579	0.0530795547	-0.0140417883	-0.0459406864	-0.0271302159	0.0771251226	-0.0615201462	-0.0542903	0.00792486	-0.06494119999999999	-0.00184751	0.000397027	-0.000192812
0.12583031800000002	-0.0369903398	-0.0597269444	0.0901633949	0.0584841058	0.0188310023	-0.0343495647	-0.046594942400000006	-0.0256154559	0.07645757110000001	-0.0635191694	-0.042185400000000005	0.025890499999999997	-0.0004940519999999999	-0.00170901	0.00073729	-4.53224e-05
0.193926828	0.011497923500000002	0.0756680147	-0.0251746851	-0.0182589215	0.0051631284000000005	0.0823184247	-0.0472445043	-0.024090374	0.0757207024	-0.06541582139999999	-0.048964099999999997	-0.018792	-0.0828753	-0.000646023	0.00073729	-0.00018402299999999998
0.18010977	0.0162262315	-0.0623094412	0.0169261263	0.0073150672999999986	0.08781458369999999	-0.0432503673	-0.0478893067	-0.0225555848	0.0749151845	-0.06720704549999999	-0.0418787	0.00811621	0.00184743	-0.00163593	0.000737291	5.3937600000000003e-05
0.15320852	-0.0325395319	0.06027276400000001	-0.0030956589	0.0129190173	-0.0172676958	0.0685030269	-0.0485292848	-0.0210117067	0.0740417477	-0.06888995490000001	-0.0437284	-0.0188602	-0.07156030000000001	-0.000853302	0.0007820159999999999	-0.000138203
0.13313516	0.0579184482	-0.0183486429	0.0046005547	-0.0057823477	0.1176317519	0.0158101051	-0.0491643739	-0.0194593619	0.07310118389999999	-0.07046183730000001	-0.049170599999999995	-0.00266177	-0.00482216	-0.0016169	0.000810983	-3.56402e-05
0.10359646	-0.0753553461	0.0151743225	0.1034457596	0.068454086	-0.0517529611	-0.0198606068	-0.0497945101	-0.0178991758	0.0720943458	-0.0719201593	-0.0403856	-0.018800099999999997	-0.048105400000000006	-0.0019284000000000005	0.0006491730000000001	-0.000270128
0.11113068	0.0702165899	0.0416185162	-0.0092106334	-0.022414057400000003	0.0336106168	0.0357160617	-0.05041963	-0.0163317771	0.0710221462	-0.0732625707	-0.0500769	0.00705038	-0.0583793	-0.000789725	0.000690395	-0.000143725
0.135764545	-0.0430572556	-0.05713378700000001	0.0537573026	0.0451250882	0.002431638	-0.0356895708	-0.0510396705	-0.0147577975	0.0698855571	-0.0744869079	-0.042611	-0.00530407	0.00267378	-0.00163392	0.000881375	-8.10777e-05
0.104549225	0.0128001311	0.0894180472	-0.015017908799999997	-0.0199756133	-0.0351945013	0.0756411357	-0.0516545692	-0.0131778711	0.0686856091	-0.07559119780000001	-0.0472347	-0.018804599999999998	-0.053775800000000006	-0.00125367	0.0008586089999999997	-0.00027757
0.20466372	0.0223946755	-0.0996954898	0.0020649617	-0.0230594392	0.0667900332	-0.0478918761	-0.0522642642	-0.0115926346	0.06742339	-0.0765736605	-0.0399986	0.00587002	0.0325249	-0.00233797	0.00068045	0.000189017
0.23099587	-0.06299289549999999	0.052512431500000005	-0.0745738625	0.0152435918	-0.0569707653	0.0198291655	-0.052868694	-0.0100027269	0.0661000441	-0.0774327128	-0.0422641	-0.018894499999999998	-0.0740566	-0.0008291819999999999	0.0007340339999999999	-0.000196298
0.1607654595	0.0897806644	-0.0447965883	-0.0444253991	-0.0273808819	0.0814044096	0.0221435798	-0.0534677978	-0.0084087885	0.0647167712	-0.07816697	-0.05299349999999999	0.0103947	-0.00650945	-0.00167007	0.0007514589999999999	9.38319e-06
0.11703115950000002	-0.08680909810000001	0.023132499	0.0505567529	0.0650779095	-0.0064817804000000005	-0.0697189049	-0.0540615151	-0.0068114617	0.0632748254	-0.0787752489	-0.0455233	0.00856615	-0.026880099999999997	-0.00315334	0.0007073730000000001	-0.00021049599999999998
0.08429	0.083731625	0.016433711	0.0130777224	0.0014842879	0.035354995800000004	0.1058784241	-0.0546497862	-0.0052113902	0.061775514	-0.079256569	-0.05293	0.0105561	-0.0291921	-0.00178023	0.000654605	-0.000184747
0.05098119999999999	-0.08576260470000001	-0.0012602431	0.0195657321	-0.0094675358	0.074033082	-0.056004936	-0.0552325519	-0.0036092188	0.0602201963	-0.0796101548	-0.04757	0.017960900000000002	-0.0389038	-0.00219171	0.0007735399999999998	-0.00022442599999999998
0.10681406099999996	0.0690683201	0.048035312699999985	0.0513718955	0.0498263398	-0.0315042265	0.0238631009	-0.0558097533	-0.002005593	0.0586102822	-0.0798354362	-0.0529846	0.000582914	-0.0566352	-0.00122495	0.000571465	-6.74595e-05
0.19853515100000002	-0.06014224	-0.0184273956	-0.0059580188	-0.0479344914	0.045221422699999986	0.0579331984	-0.05638133240000001	-0.000401159	0.0569472315	-0.0799320503	-0.0487838	0.00981864	0.010998	-0.00309869	0.0009329360000000001	-0.000181557
0.12964927499999998	0.0537516318	0.0642611808	0.02451011	-0.0068014679	0.0617560385	-0.010832521	-0.0569472315	0.0012034366	0.0552325519	-0.0798998413	-0.0529385	0.008144139999999998	-0.0467184	-0.00223173	0.000571464	-8.791549999999998e-05
0.09872098499999996	-0.0413179907	-0.0260097286	0.0627327798	0.0178858236	-0.014631728	0.06858108269999999	-0.0575073938	0.0028075473	0.0534677978	-0.0797388611	-0.0529411	0.0250745	-0.0353002	-0.00141274	0.000962708	-0.00028507799999999997
0.06509663	0.0482463512	0.0615283381	-0.0070168724	-0.031407041000000004	0.0775243289	0.0409603947	-0.0580617626	0.0044105266	0.0516545692	-0.0794493692	-0.057011599999999996	0.00406212	-0.05147190000000002	-0.00148311	0.000571465	-0.00030030599999999997
0.10956633	-0.0581228085	-0.0391227105	0.0752710347	0.0532345901	0.0087188804	-0.0140759836	-0.0586102822	0.0060117288	0.0497945101	-0.0790318321	-0.04293230000000002	0.0258032	-0.020737400000000003	-0.00202962	0.000863225	-0.000278347
0.108116824	0.0461347759	0.0840638471	-0.0435056905	-0.003005258	0.0038041209	0.07823377769999999	-0.0591528974	0.007610508399999999	0.0478893067	-0.0784869228	-0.0529452	0.000976176	-0.0595817	-0.00175568	0.000478632	-0.00024822799999999997
0.19179292399999998	-0.0350909086	-0.0552124524	0.0227959823	-0.0155719887	0.072836094	-0.0736839731	-0.0596895534	0.0092062214	0.0459406864	-0.0778155195	-0.0473434	0.021161000000000003	0.0319516	-0.0029904	0.000571465	-8.6321e-05
0.30005200000000004	0.0290160855	0.0866182344	0.0093252852	0.0379949334	-0.0969450566	0.0447129426	-0.0602201963	0.0107982247	0.0439504158	-0.0770187042	-0.052957500000000005	-0.016502699999999995	-0.0981303	-0.000587106	0.000571465	-0.000216873
0.24196119300000002	-0.0203087647	-0.0661371172	-0.006826585400000001	-0.0522976397	0.0816787794	0.0101690809	-0.0607447724	0.0123858767	0.0419202993	-0.0760977612	-0.0472443	0.0004874980000000001	0.0240975	-0.0019906	0.0008530859999999998	3.86119e-05
0.186566528	0.010929399	0.0915215224	0.0645316408	0.0494936549	-0.0475191705	-0.0420286184	-0.0612632291	0.0139685379	0.0398521774	-0.0750541746	-0.052971000000000004	-0.0168899	-0.0768588	-0.00114553	0.000571465	-8.481969999999997e-05
0.11583241499999998	-0.0035570681	-0.06013227650000001	0.05414684610000002	0.0114463555	0.0159362207	0.0900349724	-0.061775514	0.0155455703	0.037747925	-0.07388962639999999	-0.0492799	0.00579705	-0.016485699999999995	-0.00147811	0.000797305	-0.000108025
0.11338109	-3.72885e-05	0.1009630416	0.0066091941	0.0003372254	0.0482928399	-0.0047133837	-0.062281575599999986	0.0171163386	0.035609450099999995	-0.0726059935	-0.053060300000000005	-0.016869099999999998	-0.0837691	-0.00136383	0.000571465	-5.512220000000001e-05
0.13900208	0.01208779	-0.0718805154	0.1296534402	0.0245831983	0.0231967178	-0.011060242	-0.0627813628	0.0186802098	0.0334386912	-0.0712053446	-0.0530489	0.00151342	-0.00607444	-0.00206164	0.000731925	-5.512220000000001e-05
0.272060135	-0.0066794289	0.1128251232	0.0173364924	-0.1234597986	-0.0425173359	0.0254758776	-0.0632748254	0.0202365536	0.0312376164	-0.06968993700000001	-0.041260000000000005	-0.0446986	-0.0858564	7.40729e-05	0.00108612	0.000140515
0.199316955	0.046865062	-0.0673648253	0.099706571	-0.0340066575	0.0720579257	-0.0469549467	-0.0637619136	0.0217847431	0.0290082213	-0.0680622132	-0.0462956	-0.00265304	-0.012706499999999999	-0.00140954	0.00112835	0.00019639
0.13168582000000004	-0.0482202358	0.0708130946	-0.0130188376	0.0198463219	-0.0428590878	0.0375732231	-0.0642425783	0.0233241543	0.026752527	-0.0663247964	-0.056161199999999994	-0.0243935	-0.0851437	-0.00137116	0.0008653909999999998	-5.512220000000001e-05
0.180763128	0.043080060199999985	-0.0773775891	0.0145277497	-0.0353437868	0.0901042593	0.00035903970000000004	-0.0647167712	0.0248541669	0.0244725786	-0.0644804868	-0.053891699999999994	0.0143904	0.00038282800000000004	-0.00232474	0.000995475	-5.512220000000001e-05
0.10899314800000001	-0.0654527184	0.0412589067	0.0043087652	0.0541989009	-0.0607467767	-0.0682961291	-0.0651844444	0.0263741644	0.0221704431	-0.0625322567	-0.0494216	-0.00690288	-0.0544102	-0.00209814	0.0007947349999999998	-0.000196517
0.100419485	0.0781712072	-0.0371799201	-0.016281258700000002	-0.018325134	0.0127409683	0.1020969247	-0.06564555080000001	0.0278835343	0.0198482077	-0.060483246	-0.0563308	0.0118581	-0.00977316	-0.00170721	0.000852173	-4.2639700000000004e-05
0.098861355	-0.0609438789	0.017615688799999998	-0.0541282831	-0.0475615118	0.0488446852	-0.0798228314	-0.0661000441	0.0293816684	0.0175079777	-0.058336757	-0.050367800000000004	0.012325399999999999	-0.03922659999999999	-0.00274439	0.000852173	-0.000265012
0.09186459	0.0539935931	-0.0184925963	0.047953282400000005	0.0279042858	-0.0018168313	-0.0014206298	-0.0665478783	0.030867963	0.0151518747	-0.0560962492	-0.0606442	0.0193041	-0.029103800000000006	-0.00181877	0.000852173	9.91018e-05
0.073008629	-0.0513819954	-0.0219679277	-0.0917934919	-0.0638438129	-0.0863476953	0.02443515	-0.0669890084	0.0323418192	0.0127820349	-0.0537653335	-0.046145900000000004	0.000574461	-0.04146230000000002	-0.00157277	0.000939808	-0.00011570700000000001
0.081407639	0.0475439926	0.0022453081	-0.0267153592	-0.0869414289	0.06295063299999999	-0.0115606701	-0.06742339	0.0338026431	0.0104006067	-0.0513477665	-0.042888800000000005	0.00580775	-0.025794599999999997	-0.00110324	0.000852173	0.000472119
0.10638883	-0.0549494487	-0.0300774659	0.0241623549	0.0603928218	-0.0754746785	-0.0561848339	-0.0678509792	0.0352498461	0.0080097493	-0.0488474444	-0.042825699999999994	0.00182837	-0.023832	-0.00240168	0.000852173	-0.000237116
0.093200525	0.0463554818	0.0008026601	-0.0184013877	-0.036169607400000005	-0.0138021953	0.1082355909	-0.068271733	0.0366828449	0.0056116301	-0.046268397	-0.0517849	0.00177942	-0.014637700000000003	-0.0013469	0.00101968	4.05585e-05
0.107606045	-0.058426444	-0.0057361658	0.0077270617	0.0116770133	0.0431150108	-0.0807385771	-0.0686856091	0.0381010623	0.0032084234000000003	-0.0436147809	-0.042859100000000004	-0.014605600000000003	-0.0693223	-0.00157881	0.000852173	-0.000112237
0.090170185	0.0521827303	-0.011122121100000002	-0.0042591868	0.0415170115	-0.05611421230000002	-0.0012131928	-0.0690925657	0.0395039266	0.0008023078999999999	-0.0408908726	-0.0552784	-0.016833299999999995	-0.00920238	-0.00176079	0.000852173	1.38483e-05
0.08831302	-0.062035246	-1.41595e-05	0.0189007518	0.025350816600000003	0.0038444004	0.0146143502	-0.06949256179999999	0.0408908726	-0.001604535	-0.0381010623	-0.047185500000000005	-0.0274668	-0.050603699999999995	-0.00131709	0.000932549	-2.57817e-05
0.085109705	0.068235532	-0.0263130802	-0.0663396386	-0.0005200144	-0.0060422463	-0.0924940062	-0.0698855571	0.0422613414	-0.0040099232	-0.0352498461	-0.0470464	-0.0104285	-0.00189303	-0.00146943	0.00108794	5.092e-05
0.08125059499999998	-0.08937194789999997	-0.0201313777	0.041542121800000005	0.0456026109	-0.0485935854	0.0281368581	-0.0702715121	0.0436147809	-0.006411676	-0.0323418192	-0.0490818	-0.0274793	-0.0543257	-0.00149241	0.0009977089999999998	-3.05035e-05
0.069678615	0.0876533593	0.0096033665	-0.1180502355	-0.0042638805	0.02209402	-0.0528826915	-0.0706503878	0.0449506455	-0.0088076158	-0.0293816684	-0.0502041	-0.00861741	-0.0239182	-0.0017157	0.000852172	-4.7415e-05
0.06304938	-0.0811914791	-0.0771129354	0.0589637432	0.0168174252	-0.10435698	-0.0716360245	-0.0710221462	0.046268397	-0.0111955706	-0.0263741644	-0.0492343	-0.0175605	-0.00664741	-0.00126329	0.0010365	-0.00012799100000000002
0.11120204999999997	0.049579999400000005	0.0805656443	-0.084877491	-0.074650103	-0.1156327103	-0.010289013	-0.0713867496	0.0475675045	-0.0135733754	-0.0233241543	-0.054628699999999995	-0.0385212	-0.0563606	-0.00064008	0.000991698	-9.332780000000001e-05
0.18514618	-0.0017975994	-0.0890705192	0.0412227633	0.0089074188	0.00043703370000000016	-0.1084892252	-0.0717441615	0.0488474444	-0.0159388744	-0.0202365536	-0.0461025	-0.00209731	0.007686379999999999	-0.00199499	0.0011154000000000001	-0.00013769799999999998
0.12151447	-0.0234172826	0.0598969164	-0.08192689660000001	0.0462984968	-0.0965206184	0.0278931112	-0.0720943458	0.050107701	-0.0182899231	-0.0171163386	-0.0469055	-0.0271038	-0.062428099999999986	-0.0021648	0.000852172	-0.00021647
0.14936601000000002	0.0489075984	-0.0676570158	-0.0324105235	-0.0070447796	0.0662886386	0.0263640765	-0.0724372672	0.0513477665	-0.0206243899	-0.0139685379	-0.0454248	0.00960521	0.01822	-0.00202805	0.00124874	-0.000139224
0.118547075	-0.0654309928	0.0186271043	-0.0274749097	0.0558759164	-0.06028243849999999	-0.0570251101	-0.0727728912	0.052567141100000006	-0.0229401584	-0.0107982247	-0.0386716	-0.00629162	-0.041349000000000004	-0.00166155	0.000936011	-9.189209999999999e-05
0.096420635	0.0748010281	-0.0240198525	-0.0723299537	-0.0258722337	0.0063181472	0.08830238380000001	-0.07310118389999999	0.0537653335	-0.0252351292	-0.007610508399999999	-0.0408374	0.00092617	0.012203299999999999	-0.00204845	0.00116833	-0.000142368
0.100863081	-0.076318455	-0.029244479700000006	-0.029647204	0.0186946894	0.0162722156	-0.0793155284	-0.0734221124	0.0549418609	-0.0275072215	-0.0044105266	-0.043708300000000005	0.000919239	-0.0425094	-0.00148905	0.00105351	-0.000333599
0.045924288999999986	0.0587937066	0.0250278985	-0.0444097375	0.06217355190000001	-0.0592013819	0.0335084954	-0.0737356442	0.0560962492	-0.0297543755	-0.0012034366	-0.0484963	-0.013374500000000001	-0.04595	-0.00128074	0.000985012	-0.000142368
0.19118485699999999	-0.0469072951	-0.0612203525	-0.06389368299999999	-0.0225189856	0.0540054945	0.0278510303	-0.0740417477	0.0572280333	-0.0319745538	0.002005593	-0.042023000000000005	0.000814657	0.0424785	-0.00261386	0.00129377	-0.000142368
0.198917907	0.0212686764	0.0612021801	-0.0122698346	0.0714043474	-0.0521435632	-0.051423408	-0.0743403923	0.058336757	-0.0341657437	0.0052113902	-0.0485553	-0.0134359	-0.053513599999999995	-0.00157152	0.0007407759999999997	-0.000189893
0.12536209000000004	-0.0078025585	-0.0761119559	-0.0316858604	-0.0034868465	-0.0231840251	0.077338394	-0.0746315476	0.0594219737	-0.0363259585	0.0084087885	-0.043934	0.00079029	0.015294499999999999	-0.0019557000000000003	0.00106997	-0.000149137
0.15085928	-0.0120776682	0.0704218383	-0.0340210282	-0.0006669105	0.0246388518	-0.0399917319	-0.0749151845	0.060483246	-0.038453239900000005	0.0115926346	-0.048566500000000005	-0.00866789	-0.0714567	-0.00130899	0.0007523309999999999	-0.000185136
0.09762780399999996	0.0339365396	-0.0799698211	0.047334343	0.0594635392	-0.0154852748	-0.0008491764999999999	-0.07519127440000001	0.0615201462	-0.0405456591	0.0147577975	-0.048538099999999994	0.000745164	-0.0190416	-0.00105626	0.00116597	-0.00013608
0.093915364	-0.0354619473	0.06595972559999999	-0.06537971690000001	-0.0098226364	0.0113345694	0.0341435681	-0.0754597894	0.0625322567	-0.0426013192	0.0178991758	-0.048551699999999996	-0.0243324	-0.0605373	-0.00127462	0.0008654939999999999	-0.000163814
0.17188316499999998	0.0478257777	-0.0804702244	-0.0056423489	0.0031527205	0.0349186099	-0.0631493501	-0.0757207024	0.0635191694	-0.044618356500000005	0.0210117067	-0.0488793	0.00556344	0.018527099999999998	-0.00218271	0.0010864300000000002	-4.09335e-05
0.185644215	-0.07359074269999999	-0.0043014028	-0.0861897275	0.033194358300000004	-0.08471492609999999	0.030634317400000007	-0.0759739873	0.0644804868	-0.046594942400000006	0.024090374	-0.038457599999999995	-0.0243868	-0.0658362	-0.0010651800000000002	0.00109773	-0.00013028300000000005
0.23651299	0.0667316516	-0.07124353900000001	-0.1496597557	-0.0424731251	0.0072059677	-0.0065009256000000005	-0.0762196185	0.06541582139999999	-0.0485292848	0.0271302159	-0.0536783	0.00792584	0.03340119999999998	-0.00254204	0.00113404	0.000151392
0.121909645	-0.084483435	-0.0387739356	-0.0932364622	0.05911391110000001	-0.0806675542	-0.1144233729	-0.07645757110000001	0.0663247964	-0.05041963	0.0301263332	-0.047767500000000004	-0.00186509	-0.010792200000000002	-0.00324186	0.000799115	-5.41533e-05
0.10372904	0.0839629563	-0.0503933829	-0.1671515097	0.0054207254000000005	-0.0971311999	0.0508186252	-0.0766878214	0.06720704549999999	-0.0522642642	0.0330738971	-0.05399630000000001	0.023808900000000004	0.012701299999999999	-0.0026413	0.00116521	-5.41533e-05
0.08555818499999998	-0.076147518	-0.0358680234	-0.07050956929999999	0.0033846118	0.0162472476	-0.0701676185	-0.07691034599999999	0.0680622132	-0.0540615151	0.0359681572	-0.0527389	0.017103999999999998	-0.0248857	-0.00299186	0.0009543240000000002	-0.000292885
0.059146509999999985	0.0669950346	-0.013413403	-0.0765630789	0.0501165297	-0.0789731166	-0.0472968505	-0.0771251226	0.06888995490000001	-0.0558097533	0.038804449	-0.058541199999999995	0.013813400000000005	-0.00591799	-0.00270258	0.000674437	-0.000240334
0.04343332	-0.0622551187	-0.050587777	-0.0628436455	0.0140316321	-0.0522020506	0.0444359762	-0.0773321295	0.06968993700000001	-0.0575073938	0.0415782013	-0.0540595	0.0127787	0.00118333	-0.00292542	0.00102211	-0.000286133
0.14057103	0.0579650757	0.0154842888	-0.1015131448	0.0074347521	0.0440743556	-0.0215920328	-0.07753134589999999	0.07046183730000001	-0.0591528974	0.0442849438	-0.058545400000000004	0.0218601	-0.0424617	-0.00138574	0.00102955	-0.00016607900000000002
0.14423228	-0.06872485910000001	-0.0468729255	0.0629518562	0.0670473414	-0.0241161764	-0.0418700288	-0.0777227516	0.0712053446	-0.0607447724	0.0469203142	-0.042226099999999996	0.0146701	0.00147613	-0.00273351	0.000872005	-0.000196467
0.19299838	0.0631594337	0.05774833	-0.0642095333	-0.0782121588	-0.0655562802	0.0388141577	-0.0779063275	0.0719201593	-0.062281575599999986	0.0494800651	-0.05845230000000001	-0.0203303	-0.035642	-0.0011248	0.00109679	-0.000456045
0.09648657	-0.0433813357	-0.0576634346	0.0271183388	-0.15378985039999998	0.0087254752	-0.0938394099	-0.078082055	0.0726059935	-0.0637619136	0.051960071	-0.046067199999999996	-0.0146529	0.00189897	-0.00104653	0.00148548	-0.000105343
0.17868792	0.0333344767	0.0939014027	0.0428506139	-0.0434244223	-0.1448140273	-0.0490478219	-0.0782499164	0.0732625707	-0.0651844444	0.0543563352	-0.0584933	-0.0410208	-0.06782000000000002	-0.000751102	0.000728111	-0.000456045
0.23564941	0.0133071625	-0.058593938	0.0923031616	-0.101587216	0.0016768063	0.0584721548	-0.0784098948	0.07388962639999999	-0.0665478783	0.0566649955	-0.0382505	0.00274221	0.0110435	-0.0017416	0.00129579	-0.00015862
0.13188591000000002	-0.0252338475	0.0855714819	-0.0158401296	-0.0163416568	0.0143880375	-0.06695322299999999	-0.0785619741	0.0744869079	-0.0678509792	0.0588823313	-0.0462437	-0.010485800000000002	-0.056248599999999996	-0.00195157	0.0008030610000000001	-0.000323373
0.10102358000000004	0.0390912317	-0.048711550599999986	0.0775773096	-0.0114205167	-0.0231657818	0.07005813059999999	-0.0787061389	0.0750541746	-0.0690925657	0.061004769	-0.0457962	-0.00657472	0.00464305	-0.00208881	0.00116521	-0.000107295
0.07670328000000001	-0.0572357718	0.0604013541	0.0011717114	-0.0142317489	0.08813479369999999	-0.0095241591	-0.0788423748	0.07559119780000001	-0.0702715121	0.0630288878	-0.046017699999999995	-0.0190312	-0.039476300000000006	-0.00208881	0.000917908	-0.000258112
0.048003555	0.0791110547	-0.0078790358	0.0881091558	0.0422467056	-0.0049299942	-0.0014916713	-0.0789706681	0.0760977612	-0.0713867496	0.06495142570000001	-0.049338599999999996	-0.0190617	-0.0163624	-0.00187516	0.000976144	-9.923290000000001e-05
0.043561955000000006	-0.0680432926	-0.004630393	0.0099429866	-0.0481685171	-0.0085721338	0.0789838658	-0.07909100570000001	0.0765736605	-0.0724372672	0.0667692842	-0.0463902	-0.0190407	-0.0212695	-0.00147049	0.00109229	-0.000292126
0.04983505000000001	0.0488500464	0.0576855683	0.0224211946	0.0194551001	0.0496495174	-0.0560757486	-0.0792033756	0.0770187042	-0.0734221124	0.0684795334	-0.045107	-0.0191027	-0.0551226	-0.00143027	0.000902632	-0.00022926900000000002
0.10836900000000001	-0.021619387200000003	-0.0475471332	0.0656168947	0.038549374	-0.0233614447	0.0263620559	-0.0793077664	0.0774327128	-0.0743403923	0.0700794171	-0.0433583	-0.014491	0.013316399999999999	-0.00178162	0.00122135	-0.000230593
0.17610625	-0.0060855888	0.0586009916	0.0132084549	-0.0198592417	0.0206718457	0.0202505475	-0.0794041677	0.0778155195	-0.07519127440000001	0.0715663568	-0.049040600000000004	-0.028568700000000002	-0.06475560000000001	-0.000713871	0.0007372929999999998	-0.00021691400000000002
0.17031217999999998	0.0353956985	-0.0630976989	0.0201339446	-0.0651189988	-0.0325919221	-0.0935488909	-0.0794925697	0.07816697	-0.0759739873	0.072937956	-0.0432077	-0.029045299999999996	0.037685699999999996	-0.00133842	0.00116521	-3.81524e-05
0.15003863	-0.0450859867	0.0760085367	0.0524496258	-0.050999984500000005	-0.0222247466	0.055692675	-0.0795729635	0.0784869228	-0.0766878214	0.0741920043	-0.0426723	-0.055654499999999996	-0.058387199999999986	-0.000985348	0.00116521	-0.00022150299999999998
0.10936096199999999	0.0760145941	-0.0279475559	0.011112708600000002	-0.0320517112	0.084673444	-0.0332614414	-0.079645341	0.0787752489	-0.0773321295	0.0753264804	-0.046284500000000006	0.000657112	-0.0276243	-0.00133042	0.00116521	-0.00019309
0.07287056200000001	-0.08511903539999999	0.0071460597	0.0961471253	0.0537373539	-0.0174993087	0.0483322727	-0.079709695	0.0790318321	-0.0779063275	0.0763395561	-0.0449216	-0.029632299999999997	-0.053598300000000015	-0.00154439	0.00116521	-0.000284005
0.04745675000000001	0.07144227639999999	0.0582101196	-0.017516343	-0.0043073874	0.08174729139999999	0.0527630334	-0.0797660189	0.079256569	-0.0784098948	0.0772295986	-0.051899400000000005	-0.017437999999999995	-0.05404590000000002	-0.00133107	0.000927522	-0.00017827199999999996
0.06042860000000001	-0.0426094327	-0.038372039100000005	0.0700967676	0.05698151730000001	0.0272331342	-0.0230505693	-0.0798143071	0.0794493692	-0.0788423748	0.07799517339999999	-0.0518566	-0.00793185	-0.0203326	-0.00135573	0.00116521	-0.000259251
0.14511343	0.0211466388	0.0931395648	0.0371909453	0.0209659483	-0.004378532	0.1165237118	-0.0798545546	0.0796101548	-0.0792033756	0.0786350467	-0.051951	-0.0424811	-0.0878981	-0.0008469149999999997	0.0009759219999999999	-9.926840000000004e-05
0.16448985	0.0066628755	-0.0316788132	0.0950008264	0.0104833618	0.1700239079	-0.0098552121	-0.0798867576	0.0797388611	-0.0794925697	0.0791481873	-0.0466436	-0.0047912	-0.0313089	-0.00193105	0.00116521	-7.462439999999997e-05
0.10504058	-0.0148712213	0.0848761239	0.0652316765	0.0858122487	-0.0056935913	0.043000061500000006	-0.0799109126	0.0798354362	-0.079709695	0.0795337681	-0.0575677	-0.025195699999999998	-0.0676513	-0.00186365	0.000718494	-0.00030789999999999995
0.15635610000000005	0.0432207131	-0.0145957062	0.0463428301	-0.033186935	0.0861942109	0.1046463673	-0.0799270173	0.0798998413	-0.0798545546	0.0797911678	-0.052864	0.0035339	0.0105193	-0.00243872	0.00101591	-0.000285342
0.144985014	-0.0559900842	0.0444506403	0.0323257977	0.008125226800000001	0.1073925538	-0.0292371408	-0.07993507009999999	0.0799320503	-0.0799270173	0.0799199714	-0.053101	0.000272286	-0.0644044	-0.00169626	0.000481629	-0.00023082900000000002
