0.0	0.0	0.0	0.0	0.0	0.0	0.0	0.0	0.0	0.0	0.0	1.0	0.0	0.0	0.0	0.0	-0.0	0.0
0.020889198759999998	-0.0089042171	0.0502960033	-0.0034409273	0.0234510329	-0.0482622062	-0.0696180811	0.0800630622	0.08006001809999999	0.0800549448	0.0800478422	0.0	-8.2644e-06	0.00925151	8.993599999999998e-07	0.0	-0.00015927	7.33005e-05
0.09208712876	0.0092686116	0.00011876	0.0748816172	-0.0257723335	0.0428583464	0.1364264675	0.0800549448	0.0800275504	0.0799819001	0.0799180043	0.0	0.0021374000000000002	-0.018534000000000002	-0.0288843	0.00011854	0.000381582	7.93236e-05
0.09220206272399999	0.0154565616	-0.0554707092	-0.0512754559	-0.0058257378	-0.0544940848	-0.1156080444	0.0800387107	0.0799626282	0.0798358776	0.0796585391	0.0	0.00244952	0.0103013	7.727240000000002e-07	0.0	-0.000158184	0.000104409
0.046446481424	-0.0453900579	-0.0019182205	-0.0182552502	0.0254982084	0.0489543721	-0.0048936834	0.0800143617	0.0798652777	0.0796170103	0.0792698675	0.0	-1.1338699999999999e-05	-0.011435700000000002	-0.0163075	0.0	-0.00023475200000000002	6.217e-05
0.048303436185	0.0114296051	0.0480973055	0.0372371703	-0.0262859933	-0.0239780643	0.0392465634	0.0799819001	0.0797355386	0.0793254979	0.0787526199	0.0	-5.53987e-06	7.68445e-07	-3.6410900000000003e-06	0.0	0.00016343100000000001	7.51332e-05
0.040867233315	0.0507667283	-0.0491652021	-0.008781497099999999	0.0179520607	-0.0507665128	-0.08229047540000001	0.07994132940000001	0.0795734633	0.0789616065	0.0781076352	0.0	0.00262474	0.0145622	-1.6091999999999996e-06	-0.000119125	-0.00010965700000000001	0.00015639
0.046020648100000006	-0.0485361918	-0.0167926477	-0.0303492257	-0.0230438971	0.0158044195	0.0715534245	0.0798926536	0.0793791176	0.0785256681	0.0773359596	0.0	-1.16123e-05	-0.013393299999999999	-0.012194000000000005	-0.000126799	-9.08799e-05	0.000118113
0.05984409750000001	0.0148385179	0.0716775842	-0.0219862757	0.0325244378	-0.0694066747	-0.0819550668	0.0798358776	0.0791525804	0.0780180805	0.0764388449	0.0	-1.62348e-05	0.021616099999999996	0.00567093	0.0	-8.086699999999997e-05	0.00012060400000000005
0.04865834072000001	0.038732327	-0.0238189423	0.042510711900000005	0.0023762451	-0.017629119	0.06980850450000001	0.0797710072	0.0788939435	0.0774393067	0.075417746	0.0	2.96092e-06	-0.00465745	-0.00450845	8.34091e-05	5.478520000000001e-05	0.000145267
0.04717262942	-0.0516289574	-0.0359069904	-0.0378072062	-0.0424983131	0.0400597305	0.0257967808	0.0796980489	0.0786033117	0.0767898749	0.0742743193	0.0	-1.53635e-05	-0.00877109	-0.019178099999999997	-0.000163601	-0.00012035799999999999	0.0
0.08029784103999997	-0.006904561899999999	0.0402558546	-0.0357556619	0.0258473877	-0.0426461238	-0.1022979599	0.0796170103	0.078280803	0.0760703776	0.0730104194	0.0	-0.00472742	0.024062599999999996	-6.0654599999999995e-06	0.0	-4.49338e-05	0.000232576
0.06009622954	0.0322969313	-0.0060188269	0.06993042440000001	-0.0022544311	0.0138123222	0.132254439	0.0795278994	0.0779265482	0.0752814714	0.0716280963	0.0	-0.00893331	0.00212075	-0.0134333	0.000160097	4.16896e-05	6.88713e-05
0.041293505	-0.0389907885	-0.0387973805	-0.0200941922	-0.0551719546	0.0210381779	-0.0146653918	0.0794307253	0.0775406908	0.074423876	0.0701295922	0.0	-0.00993379	0.00211977	-0.0220667	-0.000152549	-0.000209966	0.0
0.066260955	-0.0011995124000000002	0.0335832204	-0.0301006397	0.0528165924	-0.0286613561	-0.1078421749	0.0793254979	0.0771233875	0.0734983739	0.06851733759999999	0.0	-0.00649544	0.020365900000000003	0.0059496	-0.000151694	-8.042949999999999e-05	0.000200812
0.082261475	0.0220900569	0.0156682479	0.075612277	0.0096632619	0.051322168	0.13203535519999998	0.0792122279	0.0766748074	0.07250580969999999	0.0667939476	0.0	-0.0101179	-0.00742753	-0.024627700000000002	5.4818800000000004e-05	6.272939999999999e-05	0.000145118
0.0729497656	-0.0120862693	-0.0650488221	-0.0195573074	-0.0319116315	0.006442398	-0.0658085063	0.0790909266	0.0761951324	0.0714470889	0.06496221769999999	0.0	-0.00641445	0.00391259	4.253560000000001e-05	-0.00027796099999999996	-0.00023464700000000002	0.000110555
0.054516513950000005	-0.0116430895	0.0194562479	-0.0540694607	0.0123067696	-0.06518725410000001	-0.0247988758	0.0789616065	0.0756845571	0.0703231776	0.06302511870000001	0.0	-6.1904499999999985e-06	0.0222312	0.00604228	-0.00010761700000000001	-0.000114256	0.000295618
0.06879196915	0.007171202	0.0393116671	0.0455349676	0.0378020064	0.027034849500000003	0.0679880271	0.0788242807	0.0751432885	0.06913510120000001	0.0609857928	0.0	-0.00832019	-0.00942016	1.80504e-05	-7.155220000000001e-05	9.568809999999999e-05	8.557929999999998e-05
0.0399715944	0.0018629683	-0.0695257546	0.0195780898	-0.07272451099999999	0.0201782763	0.0130025806	0.0786789629	0.0745715462	0.0678839438	0.0588475477	0.0	-0.00810043	-0.00522042	2.05648e-05	-0.000302546	-0.00012914100000000002	0.00034074800000000004
0.0731767938	-0.0051535589	-0.0140115425	-0.0725664775	0.030829688	-0.1029660202	-0.0571309296	0.0785256681	0.07396956190000001	0.066570847	0.0566138517	0.0	-1.0188900000000003e-05	0.026785900000000005	0.0156853	-0.00010302899999999999	-5.37105e-06	0.000315725
0.09902253859999996	-0.0326147766	0.0445072892	0.031067283	0.0358260494	0.0557120375	-0.0223729593	0.0783644117	0.0733375799	0.06519700889999999	0.0542883278	0.0	-0.00992261	-0.0051472	-0.0105924	-0.00050766	4.17383e-05	0.000149479
0.05038750559999999	0.0480227527	-0.0117724612	0.0471132587	-0.0313018865	-0.0782825872	0.06930481	0.0781952101	0.07267585650000001	0.063763683	0.051874748	0.0	-2.63094e-05	0.00684074	0.00591502	-0.000489383	5.621020000000001e-05	0.000356647
0.05882841012	0.0079663798	-0.0513081642	-0.0556387278	0.0547822128	-0.0465586525	-0.0375320967	0.0780180805	0.0719846599	0.0622721771	0.0493770272	0.0	-0.013963499999999998	0.0121815	6.82548e-06	-0.000251356	-0.000106632	8.467089999999997e-05
0.058587645479999985	-0.065563683	0.0211492934	0.0191719017	-0.0376205216	0.0935159711	0.0156010279	0.07783304070000001	0.0712642705	0.0607238522	0.0467992167	0.0	-0.0134939	-0.013119299999999999	-0.013079599999999999	-0.000289672	4.17033e-05	0.000292636
0.05864565	0.065135323	0.0498058272	0.0177209611	0.0443249672	-0.08667113470000001	0.0339207332	0.07764010959999999	0.0705149804	0.059120121	0.0441454977	0.0	-0.013197299999999999	0.0195334	0.00609156	-0.000407965	4.20501e-05	0.0003045
0.06361808586	0.011172733999999998	-0.0809299015	0.0262596976	0.0158645845	0.0678321355	-0.0248026614	0.0774393067	0.06973709360000001	0.0574624467	0.0414201745	0.0	-0.0160816	-0.00382975	-6.07086e-06	-0.00037098	-0.000241925	0.0
0.054314834950000015	-0.0684223983	0.021544334100000003	-0.0281514376	-0.0468895514	0.011559088899999998	0.0197757624	0.0772306524	0.0689309254	0.0557523419	0.0386276677	0.0	-0.013369399999999998	-0.00214274	-9.095810000000001e-06	-0.0008944069999999998	-0.000152892	0.000385792
0.06836432080999999	0.0397913224	0.08069088	0.0087888155	0.0740732592	-0.0467775313	-0.0212035223	0.0770141678	0.0680968029	0.053991367	0.035772506600000004	0.0	-0.011728	0.015895699999999995	0.00897385	-0.000409281	9.58357e-05	0.000325615
0.06459849999999999	0.0023881846	-0.0763781388	0.075455775	-0.0363881256	0.1182345531	0.0836740371	0.0767898749	0.0672350642	0.0521811286	0.0328593224	0.0	-0.0100527	-0.00484651	-0.017374599999999997	-0.000310434	-7.62681e-05	0.000279915
0.081707105	-0.0158025197	-0.0005084014	-0.07996452429999999	-0.0114438377	-0.1054944464	-0.0253267625	0.0765577964	0.06634605889999999	0.0503232786	0.0298928403	0.0	-0.0115145	0.0157892	0.0102248	-0.000758158	3.64028e-05	0.000359724
0.02312534	-0.015622961299999997	0.0560576227	0.0246398022	0.07965726940000001	0.0235991153	-0.0449787983	0.0763179559	0.0654301475	0.048419512000000005	0.0268778718	0.0	-0.014898699999999999	0.013930000000000001	0.00361307	-0.000735831	0.000119962	0.000240206
0.014159010980000003	0.0250774959	-0.0243392282	0.0719885725	-0.0960266612	-0.0011732926	0.0709071675	0.0760703776	0.0644877014	0.046471566	0.023819307400000003	0.0	-0.014862899999999997	0.00580091	-2.72598e-06	-0.000739823	8.962149999999998e-05	0.00025344
0.04399903098	0.033754421	-0.0374091907	-0.0980592475	0.0498754833	-0.0979487744	-0.0721675776	0.0758150867	0.0635191028	0.0444812179	0.0207221079	0.0	-0.0173017	0.021852299999999998	0.0116381	-0.0006315569999999999	-4.73278e-05	0.000285585
0.06326132904000001	-0.0380576625	0.0208274638	0.0114448283	0.0419293228	0.07522191639999999	-0.0621928183	0.0755521091	0.0625247446	0.0424502837	0.0175912971	0.0	-0.0165865	-0.00720516	9.71596e-06	-0.000508805	-1.84591e-05	0.0
0.03784342669	0.0274748917	0.0171612212	0.0639043898	-0.0511082121	-0.0152655803	0.0938448346	0.0752814714	0.06150503	0.0403806166	0.0144319532	0.0	-0.0154719	-0.00570875	-5.19573e-06	-0.000719551	0.000154543	0.000320602
0.05146801573	0.0119027441	-0.0665379549	-0.0330931905	0.0202719005	0.0371667421	-0.0680772812	0.07500320099999999	0.0604603724	0.0382741049	0.0112492006	0.0	-0.0170938	0.00739714	0.00506118	-0.0006515609999999999	-0.000202345	0.00011200299999999999
0.041108353899999985	-0.0717183085	0.0272923908	-0.0054848517000000005	-0.0715499005	0.0489152058	0.0111396224	0.0747173262	0.0593911957	0.0361326708	0.0080482017	0.0	-0.0150845	-0.00370391	-5.2639e-06	-0.0007275969999999999	-3.81438e-05	0.00033039699999999996
0.062116263899999996	0.08517346710000001	0.0643680364	0.0017029532999999998	0.0531671811	-0.074847939	0.0103821344	0.074423876	0.0582979333	0.0339582681	0.0048341487	0.0	-0.013048400000000005	0.013771200000000004	0.0211299	-0.0008283449999999998	0.000174535	0.00021442599999999998
0.08266827955	-0.0088853436	-0.07485820950000001	0.0351729706	-0.0062018197	0.0923689856	0.0127312848	0.07412288	0.0571810287	0.0317528808	0.0016122546	0.0	-0.0133417	-0.0176028	-4.2795499999999995e-06	-0.000610724	-0.000129753	0.000138999
0.06622435955	-0.0471346526	0.0292967832	-0.0437993576	-0.0513465525	-0.0121354665	-0.0419882843	0.0738143689	0.0560409348	0.0295185212	-0.0016122546	0.0	-0.00916936	-0.00173146	0.0124485	-0.000900139	0.000145716	0.000248673
0.0474619	0.0473640876	0.0644616469	0.0134738406	0.0666041285	-0.0322786668	0.001461322	0.0734983739	0.0548781139	0.027257228	-0.0048341487	0.0	-0.0161155	0.0122589	0.0196288	-0.0007084410000000001	0.000251199	0.00015895200000000002
0.09228384489999998	-0.0153223007	-0.0697928726	0.037033267	-0.0247175617	0.0852567989	0.0037604521	0.0731749271	0.0536930376	0.0249710645	-0.0080482017	0.0	-0.010686200000000002	-0.028568200000000002	-3.0944899999999996e-05	-0.000825454	-0.00010283200000000001	0.00010264200000000001
0.07908562489999997	-0.0424625595	0.0191458582	-0.06270629929999999	-0.0606227718	-0.0249418839	-0.025358839	0.07284406110000001	0.0524861865	0.0226621166	-0.0112492006	0.0	-0.0098095	-0.00212022	0.0223205	-0.000952567	9.8483e-05	0.00036240400000000004
0.02466217	0.0321017109	0.0622658616	0.0104260538	0.0758092461	-0.0136791832	-0.0021048103	0.07250580969999999	0.0512580501	0.0203324911	-0.0144319532	0.0	-0.0120776	0.010132200000000001	0.026296299999999998	-0.000890072	0.000145642	0.00034874099999999996
0.09511413	-0.009651165	-0.0738215359	0.0465084966	-0.0224867503	0.1216901699	0.060881164	0.072160207	0.0500091264	0.0179843135	-0.0175912971	0.0	-0.0129619	-0.0242392	-0.00469203	-0.0008287	-0.000206895	0.000185248
0.09246344	-0.017757637	0.0185524504	-0.0718378607	-0.0313166003	-0.048765659	0.022408814	0.07180728809999999	0.0487399219	0.015619726499999997	-0.0207221079	0.0	-0.011787100000000002	0.00709436	0.020246700000000003	-0.00109293	0.000121847	0.000292603
0.01088858	0.0001829569	0.08065902929999999	0.0021884262	0.0472680861	0.0024647589	-0.0283490261	0.0714470889	0.0474509513	0.0132408876	-0.023819307400000003	0.0	-0.0113209	0.00807299	0.020186700000000002	-0.00105974	0.00016900599999999995	0.000185277
0.05915067949999999	0.0297380632	-0.0530593885	0.0561205337	-0.0400425198	0.0637802425	0.048867886500000006	0.0710796457	0.04614273730000002	0.0108499674	-0.0268778718	0.0	-0.00983414	-0.020903400000000003	-3.7474499999999995e-05	-0.0010207800000000002	8.17499e-05	0.00014222600000000002
0.0699079695	0.0008076346000000001	-0.0160233086	-0.0799769641	-0.0222811482	-0.0348278894	-0.008211666	0.07070499599999999	0.0448158105	0.0084491472	-0.0298928403	0.0	-0.011807600000000001	0.00476598	0.0273005	-0.0008287	0.000177756	0.000152683
0.0258274	-0.0108145556	0.0616978169	-0.0083919749	0.0375740619	0.0278594399	-0.079166062	0.0703231776	0.043470709100000005	0.0060406178	-0.0328593224	0.0	-0.00943864	0.00439604	0.0294947	-0.00107278	0.000201384	0.00030286099999999997
0.05608194	0.0277893031	-0.0052181802	0.06771212389999999	-0.023693802000000003	0.0287295499	0.1215662251	0.0699342292	0.0421079784	0.0036265767	-0.035772506600000004	0.0	-0.00965403	-0.0249944	0.00904464	-0.00107549	0.00022806	0.000211726
0.06025024000000001	-0.0080123076	-0.0526096563	-0.0644826376	-0.0378800894	-0.005313966	-0.0494036655	0.0695381904	0.0407281712	0.0012092267	-0.0386276677	0.0	-0.0088789	0.00597206	0.016387099999999998	-0.0011807600000000005	-6.658779999999999e-05	0.000235132
0.031462956000000014	-0.0209170349	0.0384269582	-0.0438181035	0.0252088581	0.0087203727	-0.0599169875	0.06913510120000001	0.039331847	-0.0012092267	-0.0414201745	0.0	-0.00509657	-0.0007504110000000001	0.0239038	-0.0011308	4.04973e-05	0.000346916
0.096281294	0.0038824168	0.0404194698	0.07104456469999999	0.005976228	0.1038080632	0.1217258725	0.0687250025	0.037919572	-0.0036265767	-0.0441454977	0.0	-0.0140708	-0.0216308	-0.00458536	-0.0008287	0.000206159	5.5927399999999996e-05
0.069462198	0.020135138	-0.0568954691	-0.034278744300000004	-0.0539493214	-0.0015790353	-0.0753012402	0.068307936	0.0364919191	-0.0060406178	-0.0467992167	0.0	-0.012454	-0.00041326199999999996	0.018884900000000003	-0.0010423	3.35506e-05	0.00013287100000000004
0.026791772000000002	-0.0364794048	0.0254911735	-0.05285813650000002	0.0214902648	-0.015721757	0.0200364203	0.0678839438	0.035049467200000003	-0.0084491472	-0.0493770272	0.0	-0.0127705	0.00717594	0.01642	-0.0008287	0.000100691	0.000180554
0.09379187000000004	-0.0215848081	0.0380837695	0.0760624476	0.0045137625	0.08929019939999999	0.0706824168	0.067453069	0.0335928013	-0.0108499674	-0.051874748	0.0	-0.0141891	-0.016631799999999995	0.00357667	-0.00135956	0.0005037209999999999	0.0
0.068691165	0.0613803045	-0.0686613429	0.0041906009	-0.0251947521	-0.015618003500000003	-0.06039581	0.0670153553	0.032122512	-0.0132408876	-0.0542883278	0.0	-0.0133267	0.00969027	0.016375	-0.00124638	0.00011886799999999999	7.613430000000001e-05
0.025331765	-0.0412858403	-0.010336336	-0.0540986208	0.0354775451	0.014714618	0.0379323575	0.066570847	0.0306391958	-0.015619726499999997	-0.0566138517	0.0	-0.0121779	0.00505304	0.0198235	-0.00107957	0.00022223	0.00012790700000000002
0.0518886	-0.0373539559	0.0614125543	0.0513391377	-0.0099037686	0.0870352233	-0.0052413293	0.0661195892	0.029143454	-0.0179843135	-0.0588475477	0.0	-0.0160472	-0.0126168	0.007474289999999998	-0.00125209	0.000281808	-5.29396e-23
0.050630870000000015	0.0848743963	-0.0511876729	0.0039064236	-0.0058051962	-0.042690155	-0.047145932300000006	0.06566162769999999	0.0276358934	-0.0203324911	-0.0609857928	0.0	-0.0149018	0.00975201	0.016371199999999995	-0.0012513	0.000161344	0.000243141
0.048398879999999984	-0.0517039221	-0.049131217000000005	-0.0314382873	0.0053513042	0.0202344432	0.0611877181	0.06519700889999999	0.0261171252	-0.0226621166	-0.06302511870000001	0.0	-0.016197	-0.00665334	0.00929382	-0.00114692	0.00028624200000000003	0.0
0.05380365999999999	-0.0259796875	0.0797061028	0.0060047444	-0.0270791016	0.025588934	-0.0810959839	0.06472577980000001	0.0245877654	-0.0249710645	-0.06496221769999999	0.0	-0.0162375	0.00419689	0.016348999999999995	-0.00145142	0.00023303	0.00035944300000000003
0.037150229999999985	0.0796053597	-0.0105465244	0.0256252011	0.0262790402	-0.0319559184	0.0453067955	0.0642479884	0.0230484343	-0.027257228	-0.0667939476	0.0	-0.0140106	0.00744782	0.024844400000000003	-0.00123455	0.00028308	0.00016282299999999998
0.07111585599999999	-0.0690818901	-0.0632031364	-0.001138886	-0.021887117	0.092170206	0.02963345	0.063763683	0.0214997561	-0.0295185212	-0.06851733759999999	0.0	-0.022223	-0.0137476	0.000625174	-0.00123455	1.3248699999999999e-05	8.287809999999998e-05
0.059909856	-0.0144447825	0.061124908	-0.0702441383	-0.0250223862	-0.0407178024	-0.1061259199	0.06327291269999999	0.0199423588	-0.0317528808	-0.0701295922	0.0	-0.0191922	0.00598142	0.0239572	-0.00123455	0.000173023	0.00019946400000000005
0.01480344	0.0452290259	0.04854944940000002	0.05392740360000002	0.0392131922	-0.0044301034000000005	0.0774032918	0.0627757273	0.018376874	-0.0339582681	-0.0716280963	0.0	-0.016200100000000002	0.00554958	0.0241831	-0.00123455	0.00035424199999999995	0.000157611
0.039028395	0.003818438	-0.0829820183	0.0192298627	-0.060710418	0.05687235030000001	-0.0605412566	0.0622721771	0.0168039367	-0.0361326708	-0.0730104194	0.0	-0.016229300000000002	-0.00476883	0.0163551	-0.0013828200000000005	0.000150608	9.24593e-05
0.039945855	-0.0320910331	0.009980225	-0.0726245844	0.0048708762	-0.0362583122	-0.0005578581	0.0617623133	0.0152241846	-0.0382741049	-0.0742743193	0.0	-0.0162172	0.00816704	0.0280376	-0.00123455	0.000233925	0.00016718
0.046012205	-0.0372407347	0.0549621496	0.047282779	0.0266756751	0.0642092996	-0.0014283968	0.0612461876	0.013638258500000002	-0.0403806166	-0.075417746	0.0	-0.0161911	-0.00353861	0.016337	-0.00151865	0.000321214	8.69719e-05
0.038557125	0.1005739876	-0.0321090395	-0.0047929986	-0.0711563598	-0.0650237211	-0.055840982699999986	0.0607238522	0.0120468016	-0.0424502837	-0.0764388449	0.0	-0.0162416	0.00987251	0.022290900000000002	-0.00143922	0.00025456700000000003	0.000323727
0.029936709999999995	0.0161689566	-0.0223230596	-0.0974707479	0.0324880351	-0.0462029702	0.0265798244	0.060195360199999985	0.0104504591	-0.0444812179	-0.0773359596	0.0	-0.016184399999999998	0.00790042	0.0251195	-0.00123455	0.00032711700000000003	9.93706e-05
0.04978319	-0.04412783730000002	0.0717969509	0.0031696011	-0.0314155512	0.0400202743	-0.0652238858	0.059660765	0.0088498785	-0.046471566	-0.0781076352	0.0	-0.0162113	-0.0005440999999999999	0.0163189	-0.00150994	0.0004674080000000001	0.000333913
0.03553218	0.1027227236	0.0152719773	0.0141508728	-0.0111912608	-0.0793775298	0.0336669844	0.059120121	0.007245709	-0.048419512000000005	-0.0787526199	0.0	-0.012378100000000001	0.00867798	0.0262277	-0.00144389	0.000416727	0.000468544
0.035615350000000004	0.0079439023	-0.0621546428	-0.0415839708	0.044958212	0.0197705175	-0.0405912471	0.0585734829	0.0056386009	-0.0503232786	-0.0792698675	0.0	-0.016205400000000002	-0.00199367	0.0163256	-0.00147465	0.000416727	0.000275018
0.028792158999999994	-0.0700660512	0.0290042426	-0.0111022924	-0.0688573389	0.0209824059	-0.0079780551	0.05802090610000001	0.0040292062	-0.0521811286	-0.0796585391	0.0	-0.0186348	0.000433389	0.0162899	-0.00168459	0.000352675	0.00047902599999999996
0.040779731	0.0860148515	0.0779986047	-0.0123387606	0.0351148375	-0.091764648	-0.022704791600000003	0.0574624467	0.0024181775	-0.053991367	-0.0799180043	0.0	-0.0162227	0.00861112	0.026500299999999997	-0.0014525	0.000416727	0.00037557800000000016
0.02528267	0.0363202006	-0.0811022586	0.0258473822	0.0322147395	0.0282806552	-0.0105352948	0.0568981613	0.0008061682000000001	-0.0557523419	-0.0800478422	0.0	-0.0162023	0.00562885	0.0163077	-0.00153811	0.000416727	0.00021944
0.014978400000000003	-0.0331257786	0.0001779072	-0.06325620259999999	-0.1151085012	-0.0584042041	0.0140182272	0.0563281071	-0.0008061682000000001	-0.0574624467	-0.0800478422	0.0	-0.0139401	0.00369235	0.0163238	-0.00150443	0.000416727	0.00040103199999999995
0.04311942	0.034415651400000004	0.0920721601	-0.0386757999	0.06783613	-0.051477418600000005	-0.1179087108	0.0557523419	-0.0024181775	-0.059120121	-0.0799180043	0.0	-0.016263399999999997	0.00718297	0.0318666	-0.00123455	0.000358955	0.000508634
0.104858475	0.045587735199999986	-0.0201671349	0.1049528802	0.0107565485	0.0163404923	0.1250162098	0.0551709241	-0.0040292062	-0.0607238522	-0.0796585391	0.0	-0.00742088	-0.000974945	0.00146071	-0.00199384	0.0005270030000000001	0.000730339
0.098584165	-0.0054413862	-0.078251499	-0.05528999	0.0419353461	-0.0490286983	0.0368129156	0.0545839126	-0.0056386009	-0.0622721771	-0.0792698675	0.0	-0.00722189	-0.00588238	0.010712000000000001	-0.00193156	-0.00047101900000000004	0.000106112
0.05589233	-0.0917984348	0.0306941671	0.0230463418	0.06039341440000001	0.0516737243	0.009577755	0.053991367	-0.007245709	-0.063763683	-0.0787526199	0.0	-0.0112245	-0.0226525	0.0162561	-0.00172391	-0.000323521	0.000342474
0.05792587000000001	0.008693911300000001	0.0282965952	0.0898599152	-0.0529147593	-0.0028863427000000003	0.0673672344	0.0533933472	-0.0088498785	-0.06519700889999999	-0.0781076352	0.0	-0.00531527	-0.0207755	0.00335532	-0.00204513	9.703720000000004e-05	0.000339475
0.04782097	0.0423729759	-0.0678746889	-0.0543492358	0.0162558879	-0.0160176714	-0.0923342519	0.052789914	-0.0104504591	-0.066570847	-0.0773359596	0.0	-0.00623674	-0.00445184	0.016235099999999995	-0.00191508	-0.00011833	0.000347979
0.02391389000000001	-0.0710822401	-0.0012575865	-0.0082672343	0.0566180503	0.0228957482	0.0790330737	0.0521811286	-0.0120468016	-0.0678839438	-0.0764388449	0.0	-0.00625992	-0.0202151	0.0162394	-0.00188628	-0.00017397799999999998	0.000425994
0.05366058	-0.0279088835	0.0612162388	0.0731978298	-0.0407632949	0.0182416964	0.0315758673	0.0515670526	-0.013638258500000002	-0.06913510120000001	-0.075417746	0.0	-0.00619133	-0.0210015	-0.00452163	-0.00168152	9.76042e-05	0.000261445
0.06372902500000001	0.091719083	-0.0761141179	-0.0244663844	-0.0061060629000000005	-0.0576827078	-0.0499042564	0.0509477483	-0.0152241846	-0.0703231776	-0.0742743193	0.0	-0.00624619	-0.00384159	0.016259	-0.00179513	-9.073229999999999e-05	0.000474171
0.036029405	-0.0344664306	-0.0321581118	-0.0451492028	0.0665839663	-0.0306140267	0.06354136839999999	0.0503232786	-0.0168039367	-0.0714470889	-0.0730104194	0.0	-0.00621401	-0.017454	0.0163068	-0.00155724	-8.0098e-05	0.000275955
0.026030665	-0.050070324400000005	0.0634192358	0.0378065204	-0.0298355519	-0.0070346348	-0.046974419	0.0496937066	-0.018376874	-0.07250580969999999	-0.0716280963	0.0	-0.00624988	-0.015429399999999998	0.0162695	-0.00177585	-3.67261e-05	0.000492631
0.02794944500000001	0.0953852095	0.0104515482	0.0251105689	0.0204681174	-0.0855291368	0.0797124539	0.0490590963	-0.0199423588	-0.0734983739	-0.0701295922	0.0	-0.0062337	-0.00987579	0.0139298	-0.0016428599999999995	0.00016237	0.000561344
0.06766479	-0.0183870166	-0.0959508568	0.0064967123	0.0480009559	0.0542698939	0.0105941125	0.048419512000000005	-0.0214997561	-0.074423876	-0.06851733759999999	0.0	-0.0131619	-0.021773400000000002	0.00685987	-0.00185357	-0.000291591	0.000390634
0.034673725	-0.07406877889999999	0.0259620963	-0.0247009031	-0.0663033932	-0.010842833	0.0122414983	0.0477750185	-0.0230484343	-0.0752814714	-0.0667939476	0.0	-0.011621200000000005	-0.015868799999999995	0.00739185	-0.00194857	2.9960900000000013e-05	0.0005080109999999999
0.042252325	0.0233880927	0.0775405988	0.0265829413	0.0871912957	-0.0251921272	0.0307512696	0.0471256812	-0.0245877654	-0.0760703776	-0.06496221769999999	0.0	-0.00622749	-0.00384104	0.016284	-0.00175844	0.000107051	0.00045645699999999996
0.06327595500000001	0.0005759831	-0.0977656222	0.085767366	-0.0580458147	0.0401871316	0.0063817586	0.046471566	-0.0261171252	-0.0767898749	-0.06302511870000001	0.0	-0.0117971	-0.02076	0.00589151	-0.00211975	-8.781389999999999e-05	0.000404734
0.065123035	-0.0061628764	-0.0016218478	-0.1115891795	0.0303397821	-0.08558817380000001	0.0055412513	0.0458127391	-0.0276358934	-0.0774393067	-0.0609857928	0.0	-0.00938847	-0.00385904	0.0162835	-0.00162305	-0.00010667100000000001	0.000597606
0.046074260999999984	-0.0648312575	0.0557503821	0.0827841479	0.0709355252	0.0660803036	0.016303062099999998	0.0451492673	-0.029143454	-0.0780180805	-0.0588475477	0.0	-0.0129502	-0.0140382	-0.000292121	-0.00164782	0.000109739	0.000523631
0.049721351	0.0496211933	-0.052408665	0.0521578067	-0.0887219208	-0.037759808	-0.0155710357	0.0444812179	-0.0306391958	-0.0785256681	-0.0566138517	0.0	-0.00628138	-0.00381658	0.00772394	-0.00188604	-0.00010516200000000001	0.000566807
0.04314671	-0.0365770361	-0.032346039900000005	-0.062676051	0.0556111291	-0.0170980565	0.0423312215	0.0438086586	-0.032122512	-0.0789616065	-0.0542883278	0.0	-0.00623728	-0.00387413	0.020857499999999998	-0.00149592	-4.6266e-05	0.000417593
0.05218957	-0.0842578799	0.0548120095	0.0551125171	-0.0563397104	0.0365454138	-0.0580183472	0.043131657699999985	-0.0335928013	-0.0793254979	-0.051874748	0.0	-0.0110556	-0.0159639	0.00149044	-0.00167575	-6.29924e-05	0.000539325
0.041981605	0.1061340683	0.0050585324	0.013618145	0.018878914	-0.0842729485	0.0394500266	0.0424502837	-0.035049467200000003	-0.0796170103	-0.0493770272	0.0	-0.00626009	-0.0014343400000000005	0.011266700000000001	-0.00156915	6.151609999999999e-05	0.000512828
0.048583695	-0.0670704065	-0.0982669128	0.0133492904	0.0561503203	0.0404464998	-0.0105876517	0.0417646058	-0.0364919191	-0.0798358776	-0.0467992167	0.0	-0.00626924	-0.0203748	0.00301134	-0.0017254000000000002	-8.60444e-05	0.000389064
0.02765103	-0.0761541806	0.032122840699999995	-0.0112524708	-0.1018017944	-0.0152627928	-0.0224712804	0.0410746934	-0.037919572	-0.0799819001	-0.0441454977	0.0	-0.00627128	-0.00383045	-0.0011533400000000005	-0.00174177	-2.58492e-05	0.00045129800000000004
0.040665949999999985	0.0552266818	0.0683500805	0.016822467600000002	0.050070879000000006	-0.0475754487	0.0274226825	0.0403806166	-0.039331847	-0.0800549448	-0.0414201745	0.0	-0.00621294	-0.00385646	0.016339199999999998	-0.00157865	0.000148316	0.000326802
0.05967525	0.0131583732	-0.0933616923	0.0602010756	0.0228287015	0.033129456	-0.0017265631	0.0396824456	-0.0407281712	-0.0800549448	-0.0386276677	0.0	-0.013941499999999999	-0.0167423	0.00548284	-0.00185032	6.04592e-05	0.000531365
0.04527726000000002	-0.0554087257	-0.0127270558	-0.05917238599999999	-0.0861372207	-0.0524270772	0.0257130346	0.0389802513	-0.0421079784	-0.0799819001	-0.035772506600000004	0.0	-0.00620713	-0.00380317	0.00792701	-0.00191214	0.000305559	0.000395093
0.037974530000000006	0.0116516544	0.0838636434	-0.0434591966	0.0631859215	-0.0324776717	-0.1229106442	0.0382741049	-0.043470709100000005	-0.0798358776	-0.0328593224	0.0	-0.0138596	-0.00383669	0.016291	-0.00179813	0.00021562	0.000629635
0.04410009	0.0107855883	-0.0169651479	0.1259279714	0.031907729	0.0047597492	0.1069079002	0.037564078	-0.0448158105	-0.0796170103	-0.0298928403	0.0	-0.00630051	-0.021223	0.00922021	-0.00163703	0.00021562	0.0005490569999999999
0.044609324000000006	-0.0094820858	-0.0554941955	-0.0503420878	-0.06190197190000001	-0.0256233223	-0.05659103030000001	0.0368502425	-0.04614273730000002	-0.0793254979	-0.0268778718	0.0	-0.00629484	-0.0112673	0.0162372	-0.00194194	5.184719999999999e-06	0.000511783
0.048094532999999995	-0.027872141	0.0465467947	-0.0801780522	0.0544493572	-0.0306780571	-0.0250619008	0.0361326708	-0.0474509513	-0.0789616065	-0.023819307400000003	0.0	-0.00638299	-0.000962603	0.0162931	-0.00161398	-0.000211798	0.0007197560000000001
0.07398272699999997	-0.0384780422	0.027656004900000003	0.1016823004	0.0288471614	0.0262160607	0.0298339277	0.0354114357	-0.0487399219	-0.0785256681	-0.0207221079	0.0	-0.00623129	-0.0038053000000000006	0.00498237	-0.00196556	0.00034012	0.00042970199999999996
0.04285533	0.0668605996	-0.0564087175	-0.0103934684	-0.0423557743	-0.0263986064	-0.0600428454	0.0346866103	-0.0500091264	-0.0780180805	-0.0175912971	0.0	-0.00633781	-0.00381203	0.016234499999999995	-0.00193143	-5.6041999999999996e-05	0.000629209
0.026000678	-0.0537532612	-0.0449560388	-0.0480531277	0.0599610718	-0.0138540461	0.0579646578	0.0339582681	-0.0512580501	-0.0774393067	-0.0144319532	0.0	-0.00630126	-0.00387869	0.016310299999999996	-0.00157842	4.06436e-06	0.0005258919999999999
0.043310252999999986	-0.0646970717	0.0619459565	0.0192060551	-0.051557795700000006	0.0195596211	-0.0899366149	0.0332264829	-0.0524861865	-0.0767898749	-0.0112492006	0.0	-0.00637746	-0.0150233	0.00322114	-0.00168327	-1.87123e-05	0.0007782709999999998
0.046025335399999985	0.1089693568	0.0119435691	0.0194923941	0.0177593016	-0.0473646472	0.0507885791	0.032491329	-0.0536930376	-0.0760703776	-0.0080482017	0.0	-0.00408557	-3.94796e-05	0.016331499999999995	-0.00154903	0.00011569	0.0008224139999999999
0.05567666539999999	-0.034191736	-0.0706404537	-0.0333610038	0.0659007726	0.0131636831	-0.0166687934	0.0317528808	-0.0548781139	-0.0752814714	-0.0048341487	0.0	-0.0063624	-0.0209544	0.00431238	-0.00155606	-7.13329e-05	0.000607151
0.033722437	-0.0636161655	0.06702374929999999	0.0116378518	-0.0887768043	0.0308503781	-0.0653862806	0.0310112133	-0.0560409348	-0.074423876	-0.0016122546	0.0	-0.013203399999999999	-0.0183207	-0.000462712	-0.00169035	0.000176004	0.000614977
0.05608175200000001	0.1107179265	0.0014683957	0.0322806285	0.0154459057	-0.0601413926	0.0331980359	0.030266401600000006	-0.0571810287	-0.0734983739	0.0016122546	0.0	-0.00635518	-0.00390108	0.0163923	-0.00141819	0.000186772	0.000691227
0.06882544499999999	-0.0468848952	-0.0756281531	-0.008869034	0.025592612200000003	0.0446901966	0.0130500607	0.0295185212	-0.0582979333	-0.07250580969999999	0.0048341487	0.0	-0.0117491	-0.0224548	0.00506231	-0.00170215	-9.021030000000004e-05	0.000581213
0.052609395	-0.0283079776	0.0728751055	-0.0278470552	-0.0486522745	-0.0039800648	-0.0907301596	0.0287676481	-0.0593911957	-0.0714470889	0.0080482017	0.0	-0.00632191	-0.0038731	0.016328599999999995	-0.0015821	0.000110835	0.0006068019999999999
0.02644312	0.056050164900000005	0.0487210433	0.0343223275	0.0565562846	-0.0234189138	0.0381803462	0.0280138582	-0.0604603724	-0.0703231776	0.0112492006	0.0	-0.010000299999999998	-0.00389988	0.0163839	-0.00144445	0.000341251	0.000521215
0.07053960000000001	-0.0100938501	-0.0861693601	0.0297001775	-0.07887121309999999	0.030596704300000006	-0.0502246433	0.027257228	-0.06150503	-0.06913510120000001	0.0144319532	0.0	-0.0063592	-0.0187147	0.00543578	-0.00174059	-6.029220000000001e-05	0.000646243
0.04297394	0.0098542513	0.016823492	-0.117740016	0.0008314103999999999	-0.0665960865	0.0184717297	0.0264978343	-0.0625247446	-0.0678839438	0.0175912971	0.0	-0.00634785	-0.00388199	0.016345600000000002	-0.00152355	6.5329e-05	0.000647983
0.05487362	-0.0389615249	0.0628790118	0.054604099999999996	0.08393425439999999	0.0231937932	-0.024896507	0.0257357541	-0.0635191028	-0.066570847	0.0207221079	0.0	-0.0116775	-0.020178799999999997	0.00225654	-0.00159943	0.000258842	0.000534214
0.03411464	0.0481426941	-0.06076702990000001	0.0809384572	-0.1116573376	-0.0209436415	-0.0063972896	0.0249710645	-0.0644877014	-0.06519700889999999	0.023819307400000003	0.0	-0.00634113	-0.0122837	0.00163462	-0.00181768	0.000191383	0.00065373
0.04946914	0.0210752435	-0.0146627079	-0.1228720047	0.038344219	-0.0380381044	0.0390603877	0.0242038432	-0.0654301475	-0.063763683	0.0268778718	0.0	-0.00633624	-0.00388143	0.0163757	-0.00148375	0.000104282	0.0005483430000000001
0.04753617	-0.0723177284	0.0696966086	0.0497626353	0.0491412972	0.0402986864	-0.0658402688	0.0234341678	-0.06634605889999999	-0.0622721771	0.0298928403	0.0	-0.00970022	-0.0137892	-0.0016073699999999995	-0.00153323	0.000294195	0.000634577
0.041065010000000006	0.07298893299999999	-0.006834063299999999	0.0569434676	-0.124832778	-0.035448452000000005	0.0239900573	0.0226621166	-0.0672350642	-0.0607238522	0.0328593224	0.0	-0.0095433	-0.00382889	0.00443681	-0.00185807	0.00038870699999999996	0.000713297
0.04407532000000002	0.0082758624	-0.0225179882	-0.1018684191	0.0789826145	-0.0149053224	-0.0032551449	0.0218877677	-0.0680968029	-0.059120121	0.035772506600000004	0.0	-0.00634576	-0.00390023	0.0107896	-0.0015117799999999995	0.000111133	0.000648088
0.04480304000000001	-0.0989611292	0.0398751207	0.0562649011	0.0304581629	0.0777288699	-0.0476350705	0.0211111996	-0.0689309254	-0.0574624467	0.0386276677	0.0	-0.0122257	-0.0106794	-0.00764118	-0.00154209	0.000300388	0.00059339
0.040614960000000006	0.092622854	0.0018715522	0.0416049701	-0.0853572724	-0.06079369110000001	0.0261562042	0.0203324911	-0.06973709360000001	-0.0557523419	0.0414201745	0.0	-0.00635349	-0.00386479	0.00103116	-0.00169504	0.000344277	0.000781667
0.03638624	0.0001088563	-0.0439701938	-0.0858477863	0.0538970184	-0.0116660308	0.0153139614	0.0195517211	-0.0705149804	-0.053991367	0.0441454977	0.0	-0.010623	-0.0174572	0.00122722	-0.00160392	9.18458e-05	0.0007586529999999998
0.05367943	-0.090853156	0.0356487528	0.0376849489	-0.0085523214	0.0678938034	-0.0547774333	0.0187689688	-0.0712642705	-0.0521811286	0.0467992167	0.0	-0.020566900000000003	-0.0173537	-0.0220334	-0.00177929	0.00029445400000000004	0.000729203
0.06571505	0.1018529758	0.0501476613	0.0115069227	-0.0388249002	-0.0259695312	0.0626979877	0.0179843135	-0.0719846599	-0.0503232786	0.0493770272	0.0	-0.00850481	-0.00701944	0.0028154	-0.00164254	0.00040032	0.0008559849999999998
0.05378851000000001	-0.0109282575	-0.08175563940000001	-0.0309551116	0.0687356656	0.0599239635	-0.008830812	0.0171978349	-0.07267585650000001	-0.048419512000000005	0.051874748	0.0	-0.017491200000000002	-0.020053599999999998	-0.00441771	-0.00161141	0.00012134799999999999	0.00067539
0.02590035	-0.0587385779	0.0548589204	-0.034706754	-0.0814491333	0.0387488964	-0.0234208411	0.0164096126	-0.0733375799	-0.046471566	0.0542883278	0.0	-0.0173795	-0.013769000000000005	-0.00883571	-0.0016622	0.000252244	0.000795425
0.02514399	0.1105821208	0.0494827466	-0.003859676	0.0207831555	-0.0202425024	0.0672833874	0.015619726499999997	-0.07396956190000001	-0.0444812179	0.0566138517	0.0	-0.0174354	-0.00868559	-0.00198583	-0.00151188	0.000295512	0.000864933
0.03750923	-0.0331690924	-0.0910477497	-0.0011214182	0.055874645300000005	0.0721366445	-0.0515850777	0.0148282569	-0.0745715462	-0.0424502837	0.0588475477	0.0	-0.016423300000000002	-0.0200629	-0.0146529	-0.00152024	0.000210375	0.000709375
0.042507350000000006	-0.053813874000000005	0.0490142225	-0.0353855111	-0.0941451304	0.03690794	-0.0102934336	0.0140352838	-0.0751432885	-0.0403806166	0.0609857928	0.0	-0.023647	-0.00390735	-0.0146335	-0.00152651	0.00047398	0.000597076
0.02330430000000001	0.08676974900000001	0.0546745217	0.0247167946	0.0418878909	0.0274884452	0.0189863759	0.0132408876	-0.0756845571	-0.0382741049	0.06302511870000001	0.0	-0.017909900000000003	-0.00395133	-0.00953373	-0.00138026	0.000431468	0.000656783
0.037268889999999985	-0.0138656668	-0.0970741791	0.043293787	0.0039011715	0.08729153529999999	-0.0449793464	0.0124451491	-0.0761951324	-0.0361326708	0.06496221769999999	0.0	-0.016720599999999995	-0.016794	-0.014587799999999996	-0.0014786999999999995	0.000177347	0.0006456869999999999
0.029347199999999997	-0.0101986799	0.0396354196	-0.0955160609	-0.0675069115	-0.0145888786	0.0821421354	0.0116481487	-0.0766748074	-0.0339582681	0.0667939476	0.0	-0.016964199999999995	-0.010440000000000001	-0.00639485	-0.0016407	0.000273188	0.0006789789999999999
0.013882639999999993	0.0165915254	0.0863062747	0.0235938522	0.08770297460000001	0.0622874154	0.0082928914	0.0108499674	-0.0771233875	-0.0317528808	0.06851733759999999	0.0	-0.0170903	-0.0109769	-0.00952484	-0.00152325	0.000314455	0.000722055
0.017681259999999997	0.0202582148	-0.0643743718	0.0786993005	-0.0890025583	0.0407851345	-0.0020462469	0.0100506859	-0.0775406908	-0.0295185212	0.0701295922	0.0	-0.016503200000000003	-0.017824699999999995	-0.0141321	-0.00154691	0.00023515099999999999	0.000712237
0.030225560000000005	0.035101847900000004	-0.0291207364	-0.1407720603	0.01752975	-0.0328713561	0.0530034777	0.0092503855	-0.0779265482	-0.027257228	0.0716280963	0.0	-0.0176449	-0.00389958	-0.00585201	-0.00153476	0.000161724	0.0006602410000000001
0.03617368	-0.0669839327	0.0554936047	0.0185834856	0.0805494226	0.0917452328	-0.05238254690000002	0.0084491472	-0.078280803	-0.0249710645	0.0730104194	0.0	-0.01962	-0.017027	-0.00896972	-0.0014257600000000005	0.000318966	0.000567414
0.03442223	0.0554379091	0.0150247792	0.0680331285	-0.1237994962	-0.0047279753	0.0666179054	0.0076470523	-0.0786033117	-0.0226621166	0.0742743193	0.0	-0.0189993	-0.0115725	-0.018711900000000004	-0.00163174	0.000475536	0.000557867
0.05338417499999999	0.046084410599999986	-0.0572422932	-0.1077188152	0.0319929299	0.0463199532	-0.0061905062	0.006844182	-0.0788939435	-0.0203324911	0.075417746	0.0	-0.0176172	-0.0119455	-0.0132439	-0.00142895	-5.28945e-05	0.000749868
0.031055860000000005	-0.08893687859999999	0.0150535587	0.002464562	0.0240136295	0.0527783097	0.029856149	0.0060406178	-0.0791525804	-0.0179843135	0.0764388449	0.0	-0.0184296	-0.018238499999999998	-0.0197033	-0.00162742	8.549969999999997e-05	0.000736911
0.042364865	0.0650976496	0.0539564844	0.027567498	-0.0779447118	0.0118641368	0.0308555948	0.0052364412	-0.0793791176	-0.015619726499999997	0.0773359596	0.0	-0.014290400000000003	-0.014065200000000005	-0.012881600000000005	-0.00136738	0.00035306300000000003	0.0007539209999999997
0.03174092999999999	0.0736452368	-0.06924871490000001	-0.0470468126	0.0399691112	0.0467679545	-0.0629199045	0.0044317336	-0.0795734633	-0.0132408876	0.0781076352	0.0	-0.0155752	-0.0176929	-0.00011892	-0.0014730000000000001	0.000192615	0.0007386739999999999
0.033216529999999994	-0.1019661066	-0.0043708462	-0.0083291992	-0.0365001888	0.0312595644	0.0521582703	0.0036265767	-0.0797355386	-0.0108499674	0.0787526199	0.0	-0.014591499999999999	-0.0225272	-0.015326499999999996	-0.00138025	0.000328379	0.0007539789999999999
0.04504112	0.0849027809	0.0875392694	-0.0080965213	0.0284484374	-0.0287974506	0.0339050176	0.0028210522	-0.0798652777	-0.0084491472	0.0792698675	0.0	-0.0146399	-0.0039744	-0.00488478	-0.00129845	0.00053575	0.000723186
0.03202512999999998	0.0120617737	-0.0924025233	0.0372604521	0.0499690428	0.0744336867	-0.0446585383	0.0020152416	-0.0799626282	-0.0060406178	0.0796585391	0.0	-0.0162482	-0.0120145	-0.00582926	-0.00135178	0.000228717	0.000654904
0.02802586	-0.052851621	0.040120769300000005	-0.062357187	-0.0899613501	-0.0159444301	0.0081554317	0.0012092267	-0.0800275504	-0.0036265767	0.0799180043	0.0	-0.0164999	-0.00397728	-0.0153131	-0.00135294	0.000214674	0.000844763
0.02208894	0.0630745408	0.0584936272	0.0276805662	0.0681165542	0.0060172763	0.0104842201	0.0004030892	-0.08006001809999999	-0.0012092267	0.0800478422	0.0	-0.018861900000000004	-0.00401812	-0.011129300000000002	-0.0012095500000000006	0.00017947299999999998	0.0007133080000000001
0.025131279999999995	-0.0223943989	-0.0967832565	0.0633785936	-0.0546030308	0.0460662555	-0.0733716819	-0.0004030892	-0.08006001809999999	0.0012092267	0.0800478422	0.0	-0.017747799999999998	-0.00393984	-0.015909299999999998	-0.00138957	0.000226055	0.000556732
0.03657052	0.003030621	0.0180377658	-0.1176544532	-0.0224736679	-0.0505051609	0.0730990292	-0.0012092267	-0.0800275504	0.0036265767	0.0799180043	0.0	-0.011009399999999999	-0.00397307	-0.00748901	-0.00129158	0.000122822	0.000783081
0.03742745	-0.0253216502	0.0678313044	0.0355343541	0.1112021685	0.033412129	-0.0296081372	-0.0020152416	-0.0799626282	0.0060406178	0.0796585391	0.0	-0.0173098	-0.00393481	-0.00130612	-0.00149674	0.000359741	0.000727042
0.02372259	0.0423191388	-0.0405211858	0.0614820791	-0.1031291514	-0.0380747396	0.0309482329	-0.0028210522	-0.0798652777	0.0084491472	0.0792698675	0.0	-0.0135173	-0.00392965	-0.014744899999999997	-0.00145425	0.000413679	0.0007603369999999999
0.04390983	0.0304672668	-0.0417092017	-0.1151440466	0.031704712	-0.0155381553	0.017523453999999997	-0.0036265767	-0.0797355386	0.0108499674	0.0787526199	0.0	-0.0158641	-0.00396463	-0.0108718	-0.00128093	0.000101767	0.00049247
0.03974782	-0.0898611503	0.024874271200000003	0.0159308091	0.032510705200000004	0.0454107741	-0.0012072924	-0.0044317336	-0.0795734633	0.0132408876	0.0781076352	0.0	-0.0126133	-0.00393878	-0.00960098	-0.0015052	0.000236153	0.0008378210000000001
0.03626736	0.0576556038	0.06167805780000001	0.0439820627	-0.0445612644	-0.0220597981	0.0120156195	-0.0052364412	-0.0793791176	0.015619726499999997	0.0773359596	0.0	-0.0093771	-0.00395583	-0.008435369999999998	-0.00133888	0.0005644080000000001	0.0006954260000000001
0.037456784	0.0520572416	-0.0844932984	0.0002695332	0.025052841800000003	0.0202565489	-0.0832196446	-0.0060406178	-0.0791525804	0.0179843135	0.0764388449	0.0	-0.00981447	-0.0017594000000000004	0.0009014139999999999	-0.0013995800000000005	0.000144693	0.000724735
0.02709132400000001	-0.0742553841	-0.020856849	-0.0315346154	-0.028293049700000007	-0.0453381246	0.07375515740000001	-0.006844182	-0.0788939435	0.0203324911	0.075417746	0.0	-0.0104666	-0.00393338	-0.00917825	-0.00131961	0.000273316	0.000649617
0.017198541999999997	0.0125950412	0.0977067673	-0.0276637627	-0.0204317034	-0.0140020922	-0.054673769	-0.0076470523	-0.0786033117	0.0226621166	0.0742743193	0.0	-0.0101647	0.00048014199999999997	-0.00941777	-0.0014137	0.000283915	0.0007898
0.033010452	0.0694708679	-0.0032293721999999995	0.04680838440000002	0.0449273434	-0.009300923	0.0498396572	-0.0084491472	-0.078280803	0.0249710645	0.0730104194	0.0	-0.008983859999999998	-0.00399002	-0.00501697	-0.00115068	0.00045646	0.0007661919999999997
0.05212869999999999	-0.0462635483	-0.0884578092	0.0227296504	-0.028505162	-0.0134835698	-0.0489379699	-0.0092503855	-0.0779265482	0.027257228	0.0716280963	0.0	-0.010804799999999998	-0.0124836	-0.010245400000000002	-0.0015014000000000002	0.000108176	0.000733481
0.03889796	-0.0146580795	0.0290225216	-0.1068466785	-0.002263022	-0.0427498854	0.035979273900000004	-0.0100506859	-0.0775406908	0.0295185212	0.0701295922	0.0	-0.0106132	-0.0015344000000000002	-0.00718769	-0.00121678	0.000304865	0.0007208009999999998
0.02887218	-0.034096045400000004	0.0473122574	0.0663284056	0.132333544	0.0056222853	0.0192196631	-0.0108499674	-0.0771233875	0.0317528808	0.06851733759999999	0.0	-0.010341800000000002	-0.0226857	-0.00750612	-0.00130553	0.000354922	0.0007246149999999999
0.029000329999999994	0.0206953384	-0.0588942225	0.0699220938	-0.1114778083	-0.0139521955	-0.0418860123	-0.0116481487	-0.0766748074	0.0339582681	0.0667939476	0.0	-0.0107291	-0.018660299999999998	-0.0145534	-0.00149067	0.000304865	0.000840225
0.05361109	-0.0037299213	-0.0227994979	-0.1222106043	0.07126156980000001	-0.0342194288	0.0887146231	-0.0124451491	-0.0761951324	0.0361326708	0.06496221769999999	0.0	-0.010394200000000001	-0.00183928	-0.00635073	-0.00110563	0.000304865	0.000660215
0.044014139999999986	-0.1130979543	0.0440689613	0.0913662366	0.0210476704	0.0372691149	-0.0625443939	-0.0132408876	-0.0756845571	0.0382741049	0.06302511870000001	0.0	-0.0147487	-0.0186358	-0.0188033	-0.00124845	0.000304865	0.0007256059999999997
0.03590045	0.1050657022	-0.0323476635	0.0235153106	-0.0678450902	-0.0501348619	0.0082558501	-0.0140352838	-0.0751432885	0.0403806166	0.0609857928	0.0	-0.014774500000000001	-0.00399505	-0.0116072	-0.00115066	0.00036043	0.0008530069999999999
0.032199500000000006	-0.0535830317	-0.0468760992	-0.05004941	0.0745159232	-0.0101226161	0.0843015583	-0.0148282569	-0.0745715462	0.0424502837	0.0588475477	0.0	-0.011339100000000001	-0.014225799999999999	-0.0147519	-0.00104273	0.000304865	0.000708729
0.04154435	-0.052288655700000006	0.0736763275	0.0507049185	-0.0811501451	-0.0046564324	-0.074923583	-0.015619726499999997	-0.07396956190000001	0.0444812179	0.0566138517	0.0	-0.0146954	-0.0185661	-0.030890300000000002	-0.00118259	0.000469845	0.000659382
0.04921895	0.1121007667	-0.0543634568	-0.0052469363	-0.0028906931	0.0308043642	-0.0437363682	-0.0164096126	-0.0733375799	0.046471566	0.0542883278	0.0	-0.0108131	-0.00404795	-0.018046799999999998	-0.000978355	0.000413809	0.0007586109999999999
0.0408299	-0.1011034174	-0.0280640046	-0.0260452525	-0.0028437594	-0.0172976123	0.111225316	-0.0171978349	-0.07267585650000001	0.048419512000000005	0.051874748	0.0	-0.0106802	-0.020861400000000002	-0.0259423	-0.00118259	0.000304865	0.0007520289999999997
0.03249218000000001	0.0498542915	0.0980443391	0.0027679752000000003	-0.0241410835	-0.004883372800000001	-0.0354852743	-0.0179843135	-0.0719846599	0.0503232786	0.0493770272	0.0	-0.0148063	-0.00402502	-0.0233248	-0.00108812	0.000304865	0.000835803
0.036353185	0.023028546	-0.0849635666	0.0026647186	0.038529936	0.06289109150000001	-0.0568611479	-0.0187689688	-0.0712642705	0.0521811286	0.0467992167	0.0	-0.010955500000000002	-0.0131812	-0.0233565	-0.00112757	-9.53391e-05	0.0008624389999999999
0.038163955000000006	-0.1022950724	0.0439261652	0.0276105426	-0.0713999791	0.0018075179	-0.0156598153	-0.0195517211	-0.0705149804	0.053991367	0.0441454977	0.0	-0.0174553	-0.0146982	-0.038649300000000004	-0.00118259	0.000110211	0.000898956
0.04731027	0.1147819002	0.0347739225	0.0057477096	-0.0049312251000000005	-0.0357355285	0.051135659400000005	-0.0203324911	-0.06973709360000001	0.0557523419	0.0414201745	0.0	-0.0148616	-0.00811973	-0.02324	-0.000857656	0.00022118	0.0009176290000000002
0.04309012	-0.0574850952	-0.0613390968	-0.0219053013	0.0741346779	0.0074289640000000014	0.0583907042	-0.0211111996	-0.0689309254	0.0574624467	0.0386276677	0.0	-0.014742700000000003	-0.0226232	-0.02331	-0.00105614	0.000296032	0.00062301
0.02372860000000001	-0.0566015082	0.0826169329	0.0377815435	-0.0715448258	-0.012029998500000002	-0.0831698206	-0.0218877677	-0.0680968029	0.059120121	0.035772506600000004	0.0	-0.014794799999999999	-0.0157936	-0.0233577	-0.00118259	0.000324384	0.000804192
0.014375950000000004	0.1043751103	-0.0685444358	0.0188920953	0.0195843149	-0.0126793712	0.007182340400000002	-0.0226621166	-0.0672350642	0.0607238522	0.0328593224	0.0	-0.014803799999999999	-0.013074500000000001	-0.0200394	-0.00118259	0.000202957	0.000759028
0.01953800000000001	-0.1072795872	-0.0435956065	0.0157975305	0.0244733992	-0.0354384698	0.0733858862	-0.0234341678	-0.06634605889999999	0.0622721771	0.0298928403	0.0	-0.011733799999999999	-0.0127418	-0.023318099999999998	-0.00107306	0.00024162	0.000650089
0.025819591	0.0134644913	0.0830012797	-0.0046573126000000005	0.0084416952	-0.0467713282	-0.0781912969	-0.0242038432	-0.0654301475	0.063763683	0.0268778718	0.0	-0.0109048	-0.000622209	-0.0210151	-0.00110068	0.00036476300000000004	0.0007106860000000001
0.03148374100000001	0.0373482873	-0.0374217508	0.07823257900000001	0.0338630211	-0.026787995	0.0401597165	-0.0249710645	-0.0644877014	0.06519700889999999	0.023819307400000003	0.0	-0.0147609	-0.0131561	-0.0233492	-0.00118259	0.000501871	0.000746861
0.026814299999999992	-0.0527593832	-0.0364143669	-0.024705049	-0.0669267867	-0.06857257900000001	0.0139126263	-0.0257357541	-0.0635191028	0.066570847	0.0207221079	0.0	-0.0147213	-0.00638875	-0.0234003	-0.0013145600000000006	0.00034314800000000004	0.000638429
0.039295121	-0.0071159282	0.0563371099	-0.011859128500000002	0.0482287738	0.0123578784	-0.0818151759	-0.0264978343	-0.0625247446	0.0678839438	0.0175912971	0.0	-0.014769899999999999	-0.0006761289999999999	-0.020623500000000003	-0.000835635	0.00025299299999999997	0.0006844910000000001
0.057605820999999995	0.0307332744	-0.0227288113	0.084365334	-0.0286191676	-0.0670314127	0.0439787677	-0.027257228	-0.06150503	0.06913510120000001	0.0144319532	0.0	-0.0148131	-0.0173866	-0.023087700000000003	-0.00118259	0.0004488680000000001	0.00090942
0.03767007000000002	-0.0104349917	-0.0678140092	-0.0542969993	0.0973246479	-0.0396268379	0.031472421	-0.0280138582	-0.0604603724	0.0703231776	0.0112492006	0.0	-0.00970455	-0.0182976	-0.0163926	-0.00118259	1.23396e-05	0.0008468399999999999
0.05299197	-0.1175698508	0.0411207881	0.0595919283	-0.0320364877	-0.0203772746	-0.0548688799	-0.0287676481	-0.0593911957	0.0714470889	0.0080482017	0.0	-0.0147108	-0.0128218	-0.030765699999999997	-0.00125982	0.00040161699999999995	0.0007506110000000001
0.042799439	0.1144036913	-0.0084634321	0.0136809369	0.0131644489	-0.0727329858	0.014675009	-0.0295185212	-0.0582979333	0.07250580969999999	0.0048341487	0.0	-0.014725700000000001	-0.000619001	-0.00727236	-0.00118259	0.00037962	0.000793152
0.034744449	-0.0742230479	-0.0478011564	-0.0140589466	0.1043267617	-0.0306959829	0.0858951468	-0.030266401600000006	-0.0571810287	0.0734983739	0.0016122546	0.0	-0.00956278	-0.0101834	-0.00729295	-0.00118259	1.1293199999999999e-05	0.0008247559999999997
0.05336085000000002	0.0219009782	0.0878000368	0.0118354984	0.0018951476	-0.0317496742	-0.0199347253	-0.0310112133	-0.0560409348	0.074423876	-0.0016122546	0.0	-0.014754399999999999	0.00173844	-0.0179224	-0.00104327	0.000343625	0.000865463
0.047253704	-0.0007444028999999999	-0.1032957883	0.0142907172	0.0740488337	0.0295996153	-0.0853041617	-0.0317528808	-0.0548781139	0.0752814714	-0.0048341487	0.0	-0.0116786	-0.000619659	-0.0112684	-0.00118259	-9.53391e-05	0.000740431
0.031621572	-0.082333365	0.0536564022	0.0046329097	-0.0977586939	-0.0278128005	-0.0368102003	-0.032491329	-0.0536930376	0.0760703776	-0.0080482017	0.0	-0.0147392	-0.000624276	-0.0130505	-0.00118259	0.00033396699999999996	0.00084661
0.021806246000000005	0.0893781713	0.0236983959	0.0347751395	0.0514945089	-0.0213712539	0.0347193304	-0.0332264829	-0.0524861865	0.0767898749	-0.0112492006	0.0	-0.0110022	-0.000625992	-0.00724347	-0.0010864000000000002	0.00035310800000000004	0.0007167310000000001
0.027078798000000005	-0.0937523407	-0.0729977883	0.0208231603	0.023201689700000003	-0.06672448	0.0083753401	-0.0339582681	-0.0512580501	0.0774393067	-0.0144319532	0.0	-0.00890782	-0.00437298	-0.0140974	-0.00118259	0.000226926	0.0007820289999999997
0.014557673000000004	-0.0084790325	0.07367325200000001	-0.0288698783	-0.0285836754	-0.012052374	-0.0747559402	-0.0346866103	-0.0500091264	0.0780180805	-0.0175912971	0.0	-0.0103236	-0.0006037169999999999	-0.00728557	-0.00118259	0.000272503	0.000787668
0.019609843000000002	0.055426832300000006	0.0226999978	0.05766717690000001	0.0405600089	-0.0156799549	0.0588166405	-0.0354114357	-0.0487399219	0.0785256681	-0.0207221079	0.0	-0.009384700000000001	-0.00565689	-0.00724745	-0.00109855	0.000378122	0.0008696019999999999
0.04166398500000002	-0.0464914329	-0.0921296368	0.0164232621	0.0343007053	-0.0442222045	-0.0685973567	-0.0361326708	-0.0474509513	0.0789616065	-0.023819307400000003	0.0	-0.0115699	-0.014389700000000004	-0.0159333	-0.00118259	8.409049999999997e-05	0.000806471
0.023687515	-0.0410736557	0.0409956496	-0.06752911019999999	-0.0466188881	-0.0671665554	0.005502540699999999	-0.0368502425	-0.04614273730000002	0.0793254979	-0.0268778718	0.0	-0.012035200000000001	-0.00497731	-0.0120304	-0.00118259	0.000276516	0.0008121839999999998
0.02247877	0.030147192000000007	0.0562914195	0.0365161689	0.08362240259999999	0.004533405	-0.0237052791	-0.037564078	-0.0448158105	0.0796170103	-0.0298928403	0.0	-0.0105397	-0.00986203	-0.010731399999999999	-0.00108011	0.00036856800000000016	0.000710725
0.029136169999999992	-0.0082643729	-0.0777454994	0.0958464747	-0.0574237409	-0.0526286089	-0.0392981286	-0.0382741049	-0.043470709100000005	0.0798358776	-0.0328593224	0.0	-0.0148131	-0.010459399999999999	-0.0142357	-0.00118259	0.000128186	0.000783085
0.03213946499999998	0.023621473	-0.0467938545	-0.1050237916	0.0374587632	-0.0819951262	0.0204619553	-0.0389802513	-0.0421079784	0.0799819001	-0.035772506600000004	0.0	-0.010611	-0.00683934	-0.00729696	-0.00118259	-1.42223e-05	0.0005779219999999999
0.036549965	-0.1082241883	0.025912939500000003	0.0513364675	0.05897590480000001	-0.0108496569	-0.0621153013	-0.0396824456	-0.0407281712	0.0800549448	-0.0386276677	0.0	-0.0147811	-0.012310399999999999	-0.018616900000000002	-0.00118259	0.00021680900000000002	0.0006586680000000001
0.0152631	0.070410235	0.0362996118	0.0534101251	-0.0699114112	-0.07503332559999999	0.0198405895	-0.0403806166	-0.039331847	0.0800549448	-0.0414201745	0.0	-0.014815700000000001	-0.011054999999999999	-0.016501	-0.00118259	0.000235178	0.000877443
0.05038079599999999	-0.009777468	-0.0800072956	-0.0433431333	0.0876818626	0.0093890771	-0.0247373318	-0.0410746934	-0.037919572	0.0799819001	-0.0441454977	0.0	-0.012350299999999998	-0.000633009	-0.028339	-0.00106301	-9.53391e-05	0.000814432
0.041430824	-0.06740645320000001	0.0586757531	0.028187808	-0.10014903	-0.0367927069	-0.0690320023	-0.0417646058	-0.0364919191	0.0798358776	-0.0467992167	0.0	-0.019265	-0.000611995	-0.0422255	-0.00118259	7.50561e-05	0.0009366289999999999
0.04235491400000002	0.1231739059	-0.014311469	0.0027079908	0.011412901	-0.006891749599999999	0.006269347099999999	-0.0424502837	-0.035049467200000003	0.0796170103	-0.0493770272	0.0	-0.014839700000000003	-0.000638414	-0.016922	-0.00100831	0.000135959	0.000919818
0.036819586	-0.0893297641	-0.0582449567	-0.0111955355	0.0640951243	-0.0522843505	0.0731927229	-0.043131657699999985	-0.0335928013	0.0793254979	-0.051874748	0.0	-0.014878299999999999	-0.0104212	-0.029368900000000007	-0.00100571	-9.533899999999999e-05	0.00086269
0.028728065000000007	0.0096110821	0.0938488959	-0.0180497955	-0.0661335818	-0.0034998341	-0.0684885071	-0.0438086586	-0.032122512	0.0789616065	-0.0542883278	0.0	-0.014785900000000001	-0.0071536	-0.030309100000000002	-0.00118259	8.179729999999997e-05	0.000728149
0.02616716	0.0942774315	-0.043771253200000006	0.0164795556	-0.0002222538	0.0641544038	-0.0091369946	-0.0444812179	-0.0306391958	0.0785256681	-0.0566138517	0.0	-0.0124524	-0.0060278	-0.0242674	-0.00108433	4.82461e-05	0.000929661
0.045899695	-0.0983060105	-0.0554141953	-0.0232893786	0.0057226471	-0.0495397642	0.0606631684	-0.0451492673	-0.029143454	0.0780180805	-0.0588475477	0.0	-0.014727200000000003	-0.012612000000000005	-0.035956800000000004	-0.00104262	0.000230488	0.000646587
0.033600809999999995	0.0138353096	0.0733022864	-0.0651778637	-0.037299514	0.0384902568	-0.0945545398	-0.0458127391	-0.0276358934	0.0774393067	-0.0609857928	0.0	-0.014760399999999996	0.00324656	-0.0301928	-0.000883165	0.000214692	0.000710237
0.01740105	0.0679306024	0.0401088559	0.0368043738	0.030790161	0.0385447068	0.0249179904	-0.046471566	-0.0261171252	0.0767898749	-0.06302511870000001	0.0	-0.0147435	0.00323756	-0.026184699999999998	-0.0008376210000000001	0.00043101699999999996	0.0007157089999999999
0.06861569000000001	0.0131166904	-0.0566657967	0.0252587479	-0.08660207	0.0184810433	-0.0607100567	-0.0471256812	-0.0245877654	0.0760703776	-0.06496221769999999	0.0	-0.0100186	-0.00987028	-0.028895	-0.00126186	0.00017428299999999998	0.000996189
0.03859388	0.021761844300000003	0.0085887437	-0.1239252057	0.008243989200000001	0.004213787	0.1032216411	-0.0477750185	-0.0230484343	0.0752814714	-0.0667939476	0.0	-0.0148659	-0.00479841	-0.0208108	-0.00109281	4.88408e-05	0.000878871
0.04372503	-0.0439734837	0.0626970595	0.031617647400000004	0.052502241100000006	0.0408921226	-0.0421725525	-0.048419512000000005	-0.0214997561	0.074423876	-0.06851733759999999	0.0	-0.014762799999999996	-0.007671029999999999	-0.0312386	-0.0009162930000000002	0.00029607900000000004	0.0006961960000000001
0.035067910000000015	0.0896118238	-0.0058498941	0.0271426307	-0.0993760936	-0.0152364591	0.0154070778	-0.0490590963	-0.0199423588	0.0734983739	-0.0701295922	0.0	-0.0148338	-0.00896804	-0.033280199999999996	-0.00118259	0.000393044	0.0009661
0.036564965	0.0217243505	-0.0541311129	-0.0980489857	0.0295119088	0.0331481648	0.0015379959	-0.0496937066	-0.018376874	0.07250580969999999	-0.0716280963	0.0	-0.0149498	-0.00929515	-0.025756900000000003	-0.00110674	-9.53391e-05	0.000973838
0.034831655	-0.08980604710000001	0.0269041028	0.0100578745	-0.0427049197	0.0007725003999999999	-0.0323207133	-0.0503232786	-0.0168039367	0.0714470889	-0.0730104194	0.0	-0.014923400000000003	-0.0101789	-0.0440025	-0.00118259	0.000102337	0.00101383
0.042320840000000005	0.0989182829	0.0674515782	-0.0039139615	-0.0176158981	0.0399247978	0.0214036752	-0.0509477483	-0.0152241846	0.0703231776	-0.0742743193	0.0	-0.011247799999999999	0.00580594	-0.032825599999999996	-0.0010329	0.000151638	0.000983151
0.056354994999999984	0.0142519773	-0.0942938988	0.0096848256	0.0360714234	0.0670157348	-0.0611636331	-0.0515670526	-0.013638258500000002	0.06913510120000001	-0.075417746	0.0	-0.0149231	-0.011933299999999999	-0.0367657	-0.00130163	-9.53391e-05	0.000878851
0.013129699999999998	-0.051117192	0.0344298712	-0.0616116412	-0.1305718866	0.0017665760999999996	0.0700115984	-0.0521811286	-0.0120468016	0.0678839438	-0.0764388449	0.0	-0.0149231	-0.015380600000000001	-0.0404961	-0.00118259	-9.53391e-05	0.000878851
0.041759505	0.0856143418	0.0849237515	-0.0202693495	0.0515878907	0.0828553519	-0.011963686	-0.052789914	-0.0104504591	0.066570847	-0.0773359596	0.0	-0.014885299999999999	-0.015681899999999995	-0.03794430000000002	-0.000800637	0.000207412	0.0009715189999999999
0.04685035	-0.0015833429	-0.0873190584	0.0465814117	0.0049772891	0.064743836	-0.0835811065	-0.0533933472	-0.0088498785	0.06519700889999999	-0.0781076352	0.0	-0.014921	-0.0250277	-0.035744599999999994	-0.0013831500000000005	8.458799999999997e-05	0.000971565
0.035118105	0.0230812829	0.0494353054	-0.1365436883	-0.1120891572	0.0544358009	0.0811783827	-0.053991367	-0.007245709	0.063763683	-0.0787526199	0.0	-0.0149231	-0.0143543	-0.03652709999999999	-0.00118259	-9.53391e-05	0.00087885
0.038955705	0.0608745397	0.1096774448	-0.0530345251	0.0392856898	0.2014857022	0.0032156955	-0.0545839126	-0.0056386009	0.0622721771	-0.0792698675	0.0	-0.0148641	-0.0144571	-0.0407964	-0.0007440959999999998	0.000156659	0.00087885
0.061688500000000014	0.0768612901	-0.0353107716	0.0284133948	-0.0897530818	0.1324350088	0.053733920199999986	-0.0551709241	-0.0040292062	0.0607238522	-0.0796585391	0.0	-0.014836000000000004	-0.0259948	-0.059711300000000016	-0.00123627	0.00028864099999999996	0.00087885
0.02777065	0.047600048	0.00753273	-0.16890215190000002	-0.1053587343	0.1749993409	0.0789335848	-0.0557523419	-0.0024181775	0.059120121	-0.0799180043	0.0	-0.021852200000000002	-0.0233946	-0.049154	-0.00118259	0.000190382	0.00087885
0.02822145	0.0324308002	0.0996863393	-0.08499488570000001	-0.0208140234	0.2414088187	-0.0335086173	-0.0563281071	-0.0008061682000000001	0.0574624467	-0.0800478422	0.0	-0.0187953	-0.0198205	-0.0508375	-0.0008663710000000001	0.000272302	0.00087885
0.02990875	0.0703259614	0.0240410502	0.046376928600000006	-0.0231525738	0.1527204313	0.081819651	-0.0568981613	0.0008061682000000001	0.0557523419	-0.0800478422	0.0	-0.0184665	-0.0223457	-0.06586979999999999	-0.00109928	0.000279842	0.00087885
0.02508791	0.0608073437	-0.0241694583	-0.1295533393	-0.1417503308	0.2175252649	-0.0081862636	-0.0574624467	0.0024181775	0.053991367	-0.0799180043	0.0	-0.01711	-0.0239393	-0.0595184	-0.00118259	4.74238e-05	0.00087885
0.07326691	0.0421954035	0.0491044287	-0.1573145278	0.0086840304	0.2184672235	0.1377934625	-0.05802090610000001	0.0040292062	0.0521811286	-0.0796585391	0.0	-0.024079	-0.0324901	-0.0377578	-0.0006985489999999999	0.000185508	0.000976455
0.04098819	-0.0383301046	0.0541253364	0.0993783662	0.0801151811	0.1066744826	0.028453228	-0.0585734829	0.0056386009	0.0503232786	-0.0792698675	0.0	-0.024061799999999998	-0.0325239	-0.058936	-0.000509544	7.69392e-05	0.0008788489999999999
0.07309357999999999	-0.0368538284	-0.119480374	0.1262367741	0.0403140323	-0.0532233387	-0.045860102	-0.059120121	0.007245709	0.048419512000000005	-0.0787526199	0.0	-0.024175400000000003	-0.028758099999999995	-0.038002	-0.00118259	1.10326e-05	0.0011055
0.04777222	-0.145412869	-0.043528897	0.044050997	0.052037918	-0.0904617803	0.1203524982	-0.059660765	0.0088498785	0.046471566	-0.0781076352	0.0	-0.0241364	-0.021015700000000002	-0.0590663	-0.00146484	0.00010447299999999999	0.00110834
0.02762101	-0.0115372533	0.0531904486	0.05947302030000001	-0.0167728191	-0.0555053606	-0.0313011941	-0.060195360199999985	0.0104504591	0.0444812179	-0.0773359596	0.0	-0.0241909	-0.0172667	-0.0613104	-0.00118259	3.54748e-05	0.00118856
0.056519569999999984	0.0207444911	-0.0984726871	0.0431430459	0.0810127157	-0.0204134903	-0.0525535732	-0.0607238522	0.0120468016	0.0424502837	-0.0764388449	0.0	-0.0242347	-0.00272642	-0.037955800000000005	-0.0010407	-0.000185733	0.00118004
0.05505261499999999	-0.1111362666	-0.0214010275	0.0064124628	-0.070145363	-0.0867170597	0.0779649712	-0.0612461876	0.013638258500000002	0.0403806166	-0.075417746	0.0	-0.0189105	-0.0026393000000000002	-0.0518577	-0.00142747	3.0854899999999995e-05	0.00129147
0.038341964999999985	0.0340329017	0.0761728112	0.0318797966	0.0909859902	-0.028440265	0.008196305	-0.0617623133	0.0152241846	0.0382741049	-0.0742743193	0.0	-0.0241656	-0.00268261	-0.041476099999999995	-0.00118259	0.000133824	0.00118608
0.009592960000000013	-0.0207286953	-0.1058465993	0.07978309110000001	0.0621297321	-0.0493113563	-0.0325558686	-0.0622721771	0.0168039367	0.0361326708	-0.0730104194	0.0	-0.0242114	-0.00269058	-0.0379899	-0.00118259	3.5924200000000004e-05	0.0012092400000000005
0.010366875000000005	-0.0410292861	0.0091542523	-0.0945215163	-0.0557881888	-0.0553548996	0.0640828575	-0.0627757273	0.018376874	0.0339582681	-0.0716280963	0.0	-0.0191292	-0.00268209	-0.0379959	-0.00118259	5.73279e-05	0.00112524
0.017746630000000006	-0.0001434619	0.0793489877	0.0195769961	0.0898935148	0.0169961905	-0.0212121832	-0.06327291269999999	0.0199423588	0.0317528808	-0.0701295922	0.0	-0.0217301	-0.00272911	-0.037917900000000004	-0.000984274	9.26461e-05	0.00105846
0.044716285000000015	-0.0020791686	-0.0694796271	0.08947682789999999	-0.0574816481	-0.0375928697	-0.0152390355	-0.063763683	0.0214997561	0.0295185212	-0.06851733759999999	0.0	-0.0206799	-0.011615100000000001	-0.050381999999999996	-0.00118259	0.0003342	0.00106491
0.039623715	-0.0029351542	-0.0241362053	-0.1064208433	0.05669802650000001	-0.0556176293	0.0616173053	-0.0642479884	0.0230484343	0.027257228	-0.0667939476	0.0	-0.0217202	-0.0037608000000000003	-0.034238599999999994	-0.00118259	5.78757e-05	0.00104952
0.0213618	-0.0698959608	0.0460171195	0.0546206671	0.0864702417	-0.0132218399	-0.0399872852	-0.06472577980000001	0.0245877654	0.0249710645	-0.06496221769999999	0.0	-0.0268892	-0.00281574	-0.037946499999999994	-0.00105509	9.586049999999999e-05	0.000984208
0.05031298499999999	0.0596925472	-0.0103007433	0.0624171982	-0.1092267124	-0.0443747098	0.012968058700000002	-0.06519700889999999	0.0261171252	0.0226621166	-0.06302511870000001	0.0	-0.0204143	-0.011578399999999999	-0.046821499999999995	-0.00118259	0.000293477	0.0011830999999999999
0.04565317000000002	0.0088475706	-0.0516660405	-0.06388292820000001	0.0548423675	0.0033938601	0.0209292651	-0.06566162769999999	0.0276358934	0.0203324911	-0.0609857928	0.0	-0.0241665	-0.018490299999999998	-0.0354349	-0.00118259	-2.84524e-05	0.00103298
0.034432065	-0.0902985531	0.0336369236	0.0279295011	0.0253148823	-0.0432800181	-0.0042021335	-0.0661195892	0.029143454	0.0179843135	-0.0588475477	0.0	-0.0242158	-0.0041979	-0.0380709	-0.00136159	2.3234899999999997e-05	0.00115138
0.043013605	0.0713479562	0.049216502	0.0340619766	-0.0160909972	-0.0494741834	0.0278702194	-0.066570847	0.0306391958	0.015619726499999997	-0.0566138517	0.0	-0.0190268	-0.0223046	-0.037990699999999995	-0.00118259	0.000157799	0.00123057
0.02883355	0.0134599682	-0.0868427118	-0.0208333014	0.0342210812	-0.0029238671	-0.07338601	-0.0670153553	0.032122512	0.0132408876	-0.0542883278	0.0	-0.021394299999999998	-0.021801400000000002	-0.0380839	-0.0013744999999999999	-0.000107304	0.00117019
0.032434205000000015	-0.0936554772	-0.0072751315	0.0147289231	-0.0035865538	-0.0812077906	0.0361071094	-0.067453069	0.0335928013	0.0108499674	-0.051874748	0.0	-0.0213154	-0.023548	-0.0555212	-0.00131696	6.96041e-05	0.00119917
0.05579269500000001	0.0436845695	0.0742428713	0.0334128499	-0.0162098376	-0.0446652586	-0.0015868778	-0.0678839438	0.035049467200000003	0.0084491472	-0.0493770272	0.0	-0.0241753	-0.0107367	-0.0379462	-0.00109275	0.000277834	0.00118068
0.019727710000000016	0.0478584635	-0.0748129971	-0.010543037	0.036876271	0.0157299886	-0.054845329000000005	-0.068307936	0.0364919191	0.0060406178	-0.0467992167	0.0	-0.0242174	-0.008697339999999998	-0.037995999999999995	-0.00118259	1.6705e-05	0.00118164
0.035135835	-0.0922253776	-0.0099658975	0.0110548525	0.0194995429	-0.0781063553	0.06544202639999999	-0.0687250025	0.037919572	0.0036265767	-0.0441454977	0.0	-0.020834799999999997	-0.020941400000000002	-0.0381106	-0.00145305	-6.999649999999999e-05	0.00121237
0.049004745	0.0366887035	0.0838860054	0.0335057242	-0.016176663799999998	-0.0384883564	-0.0541218294	-0.06913510120000001	0.039331847	0.0012092267	-0.0414201745	0.0	-0.0241521	-0.00868983	-0.0379923	-0.00118259	0.000185265	0.00107174
0.022902407000000003	0.0635546517	-0.0815669922	0.0027499774	0.0561457849	0.0089921091	-0.0601793248	-0.0695381904	0.0407281712	-0.0012092267	-0.0386276677	0.0	-0.02422	-0.0171022	-0.0380039	-0.00118259	3.34426e-06	0.00117803
0.041639452999999986	-0.1230315134	-0.0233502913	0.0294554511	0.0492295337	-0.1131017687	0.1343512767	-0.0699342292	0.0421079784	-0.0036265767	-0.035772506600000004	0.0	-0.0242037	-0.028166000000000007	-0.0441861	-0.00146262	-8.998879999999998e-05	0.00106385
0.0345176505	0.0116264544	0.0773665744	0.0599615214	-0.0252367627	-0.08777479099999999	-0.0659107075	-0.0703231776	0.043470709100000005	-0.0060406178	-0.0328593224	0.0	-0.0241682	-0.020425400000000003	-0.03800680000000002	-0.00118259	4.06621e-06	0.00102669
0.0169613605	0.0529130045	-0.08065184339999999	0.0202317036	0.06378262559999999	-0.0335713603	-0.0689078865	-0.07070499599999999	0.0448158105	-0.0084491472	-0.0298928403	0.0	-0.0242223	-0.015311700000000001	-0.038012699999999996	-0.00118259	-0.000163127	0.00109525
0.031170749999999976	-0.1306373366	-0.0145741933	0.036778581	-0.0100362868	-0.0973283885	0.0413745956	-0.0710796457	0.04614273730000002	-0.0108499674	-0.0268778718	0.0	-0.0242241	-0.0119711	-0.061773900000000014	-0.0012544000000000001	-0.000154494	0.00109615
0.03316374999999998	0.0722393679	0.06994280929999999	0.0142799799	-0.0179065652	-0.0771698956	-0.0093702106	-0.0714470889	0.0474509513	-0.0132408876	-0.023819307400000003	0.0	-0.0241666	-0.0120184	-0.056159400000000005	-0.00106682	0.000153425	0.00114954
0.03420949999999999	-0.0120714401	-0.08407012859999999	-0.0287046664	0.0516802376	0.0199247148	-0.0748661142	-0.07180728809999999	0.0487399219	-0.015619726499999997	-0.0207221079	0.0	-0.0242316	-0.0160405	-0.0508532	-0.0011251	-0.000233169	0.00109809
0.02200905	-0.0837078981	0.032194093	0.0041199593	-0.0678726963	-0.0262962237	-0.0363907108	-0.072160207	0.0500091264	-0.0179843135	-0.0175912971	0.0	-0.024268	-0.013535900000000002	-0.0620312	-0.00107271	-0.000207018	0.00118535
0.04836685000000001	0.1125145111	0.0463947762	0.0096178432	-0.0289665884	-0.008493356899999999	0.0260167591	-0.07250580969999999	0.0512580501	-0.0203324911	-0.0144319532	0.0	-0.0219882	-0.011163600000000001	-0.051545400000000005	-0.000914267	0.000121598	0.00100783
0.06500514999999997	0.0040778051	-0.0726722368	-0.0490618434	0.031285866600000004	0.0357025762	-0.042788957	-0.07284406110000001	0.0524861865	-0.0226621166	-0.0112492006	0.0	-0.0242672	-0.0193698	-0.048315699999999996	-0.0014684000000000001	-0.00019496400000000005	0.00116294
0.05878198	-0.0518296389	0.0490435789	-0.0185229081	-0.0904867771	-0.0247904735	-0.0108647491	-0.0731749271	0.0536930376	-0.0249710645	-0.0080482017	0.0	-0.0242078	-0.00986892	-0.0577328	-0.00112376	0.000182738	0.00123669
0.04880728999999999	0.0901334982	0.0699401771	-0.0118338757	0.0305812014	0.0136630987	-0.041917398	-0.0734983739	0.0548781139	-0.027257228	-0.0048341487	0.0	-0.0240715	-0.00989181	-0.0378918	-0.000985687	0.00010251300000000004	0.0008788459999999998
0.05551062	0.0081091358	-0.096265593	0.0472602104	0.0445607823	-0.0169710811	-0.0602806381	-0.0738143689	0.0560409348	-0.0295185212	-0.0016122546	0.0	-0.021858000000000002	-0.022000099999999998	-0.0381286	-0.00150567	-1.28506e-05	0.00106254
0.037128115	-0.0313580958	0.0209452233	-0.081376927	-0.0817183575	-0.031781617799999995	0.059572361	-0.07412288	0.0571810287	-0.0317528808	0.0016122546	0.0	-0.0207209	-0.02058	-0.0444526	-0.00118721	6.56177e-05	0.00123055
0.03326521499999999	0.018226889	0.0636581873	-0.0277049897	0.0344264884	0.0234103416	-0.046499402800000006	-0.074423876	0.0582979333	-0.0339582681	0.0048341487	0.0	-0.0241138	-0.0230463	-0.048750999999999996	-0.00103906	0.000139341	0.000990271
0.029131749999999988	0.002313935	-0.0377311703	0.1065780783	0.0083032284	-0.0633554629	0.0511812018	-0.0747173262	0.0593911957	-0.0361326708	0.0080482017	0.0	-0.0201632	-0.022998599999999998	-0.05631990000000001	-0.00121727	0.00022747299999999998	0.0010752200000000002
0.0567519	0.0125187099	-0.0420060575	-0.07232017519999999	-0.0514329009	-0.0039881958	-0.06098783820000001	-0.07500320099999999	0.0604603724	-0.0382741049	0.0112492006	0.0	-0.0218489	-0.0272508	-0.0503756	-0.00159042	-0.000142471	0.00122952
0.038409835	-0.0509829851	0.017667597	-0.0242100771	0.0579549345	0.0040769465	-0.0049302895	-0.0752814714	0.06150503	-0.0403806166	0.0144319532	0.0	-0.021971200000000003	-0.018065900000000003	-0.0545606	-0.00133586	2.04817e-05	0.00114868
0.02719956499999999	-0.024877637400000003	0.0367503662	0.0870454052	-0.0425637029	-0.06107059860000001	-0.0133125317	-0.0755521091	0.0625247446	-0.0424502837	0.0175912971	0.0	-0.0241767	-0.0223795	-0.060258400000000004	-0.00120794	0.000108525	0.00106499
0.03601505	0.07882970519999999	-0.0714570321	-0.05521823	-0.007284312199999999	0.0070549506	-0.06170414730000001	-0.0758150867	0.0635191028	-0.0444812179	0.0207221079	0.0	-0.019925099999999998	-0.022384099999999997	-0.0453746	-0.00118541	-0.000128066	0.00114337
0.0194297	-0.08755817240000001	-0.015779056	-0.0158927609	0.0512140958	-0.0814458459	0.0776442342	-0.0760703776	0.0644877014	-0.046471566	0.023819307400000003	0.0	-0.0242502	-0.027043900000000003	-0.0433764	-0.00132568	-0.00012312400000000004	0.00111965
0.03222883499999999	0.0354418084	0.08713163859999999	0.0275154322	-0.0605347156	-0.0613044696	-0.0713248744	-0.0763179559	0.0654301475	-0.048419512000000005	0.0268778718	0.0	-0.024225200000000002	-0.022414700000000003	-0.047384300000000004	-0.00107893	4.7910699999999995e-05	0.0011732000000000001
0.024326285	0.0307812765	-0.07381947650000001	0.0025025927	0.073624227	0.0288550072	-0.0750247232	-0.0765577964	0.06634605889999999	-0.0503232786	0.0298928403	0.0	-0.024262799999999998	-0.0224421	-0.0378836	-0.000981109	-0.00013244000000000005	0.00115616
0.061185150000000015	-0.110363482	0.0248964918	0.0379003812	-0.0651666042	-0.0098916574	0.0011982853	-0.0767898749	0.0672350642	-0.0521811286	0.0328593224	0.0	-0.024259299999999998	-0.0268298	-0.0676438	-0.00126664	4.3623999999999994e-05	0.00123524
0.0489705325	0.1046416475	0.0054622688	0.0203593302	-0.0120102745	-0.031544991200000004	0.0215871138	-0.0770141678	0.0680968029	-0.053991367	0.035772506600000004	0.0	-0.024230900000000003	-0.0179307	-0.0564725	-0.0007834759999999999	3.90335e-06	0.00118069
0.045217332500000006	-0.0928200722	-0.0706876543	-0.0068860364	0.0476945838	-0.0729549037	0.0530607897	-0.0772306524	0.0689309254	-0.0557523419	0.0386276677	0.0	-0.0242384	-0.0223621	-0.047129000000000004	-0.00132481	-7.206130000000001e-05	0.00119209
0.03376246	0.008263782800000001	0.1009209502	-0.0094439026	-0.0247142527	-0.0190166505	-0.0704361673	-0.0774393067	0.06973709360000001	-0.0574624467	0.0414201745	0.0	-0.0242108	-0.0224426	-0.058665499999999995	-0.00101927	4.67059e-05	0.00121014
0.04726799499999999	0.0380073968	-0.0749122393	0.0457933721	0.0407802933	0.007082525500000002	-0.0540555222	-0.07764010959999999	0.0705149804	-0.059120121	0.0441454977	0.0	-0.0242507	-0.010554899999999999	-0.043113599999999995	-0.00124415	-0.00011242399999999999	0.0012219000000000002
0.035401650000000014	-0.0936488431	-0.0050780397	-0.012943964	-0.0417533455	-0.1179197874	0.0620504544	-0.07783304070000001	0.0712642705	-0.0607238522	0.0467992167	0.0	-0.0242488	-0.0164702	-0.0639531	-0.00116708	-6.1595e-05	0.0012669
0.016340155	0.0535008772	0.0771882058	0.006331308199999999	0.037044364	-0.0296151568	-0.0273525185	-0.0780180805	0.0719846599	-0.0622721771	0.0493770272	0.0	-0.0242405	-0.010671600000000002	-0.059222699999999996	-0.00117274	-8.524209999999999e-05	0.00118015
0.044157245	-0.0201926901	-0.0955724029	0.0482317207	0.0610771284	-0.0269863106	-0.0760791625	-0.0781952101	0.07267585650000001	-0.063763683	0.051874748	0.0	-0.0243278	-0.0224425	-0.048146	-0.00099713	-0.00023963900000000001	0.00127459
0.026841875	-0.08995406189999999	0.0231384835	-0.0167345527	-0.0883222026	-0.0764957936	0.0059955899	-0.0783644117	0.0733375799	-0.06519700889999999	0.0542883278	0.0	-0.0242937	-0.0164433	-0.0606976	-0.00102038	-9.78195e-05	0.00127452
0.038056095000000005	0.0616226218	0.0670108658	0.0117353235	0.0613682733	-0.0214900748	-0.035572414100000005	-0.0785256681	0.07396956190000001	-0.066570847	0.0566138517	0.0	-0.0241311	-0.00731228	-0.06310009999999999	-0.00109361	0.00012178	0.00104015
0.037294780000000013	0.006907846800000001	-0.0848400154	0.0718549302	0.014132090900000003	0.0136311171	-0.006245119	-0.0786789629	0.0745715462	-0.0678839438	0.0588475477	0.0	-0.0317856	-0.0224245	-0.062582	-0.00101874	-4.34792e-05	0.00100008
0.028196760000000005	-0.0418362507	-0.0059318899	-0.049244764	-0.0794825924	-0.0683994911	0.0679100423	-0.0788242807	0.0751432885	-0.06913510120000001	0.0609857928	0.0	-0.0271308	-0.022375	-0.0579453	-0.0011984	0.000122686	0.00103137
0.029024985000000014	-0.0067179865	0.08611012470000001	-2.4394e-06	0.063903334	0.016703762900000002	-0.049138282	-0.0789616065	0.0756845571	-0.0703231776	0.06302511870000001	0.0	-0.0260111	-0.0224377	-0.06425449999999999	-0.000974699	6.82453e-05	0.0008788439999999999
0.036715335	0.0131635644	-0.0446255617	0.1144907995	-0.0356316269	-0.0486963255	0.0228847503	-0.0790909266	0.0761951324	-0.0714470889	0.06496221769999999	0.0	-0.0238018	-0.02671	-0.06981369999999999	-0.00108382	0.00020836900000000002	0.00112309
0.03357637000000002	0.0269059895	-0.0296441296	-0.1273459294	-0.0160758911	0.0208593952	0.0669968003	-0.0792122279	0.0766748074	-0.07250580969999999	0.0667939476	0.0	-0.025399400000000003	-0.0224318	-0.06493550000000001	-0.000992136	-3.28704e-05	0.0009995660000000001
0.02147598500000002	-0.0551544141	0.0426388107	0.0214713894	0.1325191171	0.0372267384	-0.0382521981	-0.0793254979	0.0771233875	-0.0734983739	0.06851733759999999	0.0	-0.0303466	-0.028500099999999997	-0.06646139999999999	-0.0009633469999999999	4.60983e-05	0.0010705
0.029913034999999994	0.0099305989	-0.0409117149	0.0862001275	-0.1147901243	-0.0109687951	0.0109942227	-0.0794307253	0.0775406908	-0.074423876	0.0701295922	0.0	-0.0262371	-0.0341214	-0.07355409999999997	-0.000991392	0.000215044	0.0011353
0.045516115	0.0204064579	0.0148038396	-0.1446659807	0.0259302659	0.0555913662	0.1254627267	-0.0795278994	0.0779265482	-0.0752814714	0.0716280963	0.0	-0.021215	-0.022412	-0.0634841	-0.00106648	-3.75703e-05	0.00108871
0.052994365	-0.0190979869	0.0516622709	0.07035423440000001	0.0962792284	0.07412629280000001	0.0424964902	-0.0796170103	0.078280803	-0.0760703776	0.0730104194	0.0	-0.0255042	-0.0297721	-0.0757573	-0.000791191	0.000209298	0.0011479900000000002
0.0439784	0.0049787259000000006	-0.06595757669999999	-0.0137674849	-0.1152213874	0.0445848042	-0.0805113355	-0.0796980489	0.0786033117	-0.0767898749	0.0742743193	0.0	-0.022565400000000003	-0.0195595	-0.07231839999999999	-0.000991392	-7.8943e-05	0.00108867
0.030072534999999994	0.0031336032	0.0559153513	-0.0949470407	0.0058071397	0.1074102333	0.0236364375	-0.0797710072	0.0788939435	-0.0774393067	0.075417746	0.0	-0.0225316	-0.0225372	-0.07550769999999997	-0.000601661	-7.630929999999997e-05	0.00117374
0.032697214999999995	0.0161909804	0.0106361632	0.0821996019	0.0324646912	0.0379270285	0.0684203211	-0.0798358776	0.0791525804	-0.0780180805	0.0764388449	0.0	-0.018758700000000003	-0.0225496	-0.0697575	-0.000539901	0.000293735	0.00120517
0.05222295	0.0139324855	-0.0379285652	-0.0893638677	-0.0791488651	0.1046419981	-0.043659332	-0.0798926536	0.0793791176	-0.0785256681	0.0773359596	0.0	-0.0226216	-0.022798500000000003	-0.07086360000000001	-0.0009143980000000001	-8.847899999999999e-05	0.00102178
0.04865019999999999	0.0129586258	0.0488877893	-0.0905327517	0.0242051318	0.100715982	0.0603657687	-0.07994132940000001	0.0795734633	-0.0789616065	0.0781076352	0.0	-0.0231765	-0.0236291	-0.059653599999999994	-0.000577049	0.00024670599999999997	0.00107034
0.023793900000000003	0.022224114	0.0457368185	0.0766325115	0.0720037021	0.0512244816	0.0380069504	-0.0799819001	0.0797355386	-0.0793254979	0.0787526199	0.0	-0.0222935	-0.023601900000000002	-0.0647813	-0.0006828610000000001	0.000442634	0.00101696
0.034912600000000016	0.0413877036	-0.06649947519999999	-0.007384594300000002	-0.1056447386	0.0580370629	-0.0904911543	-0.0800143617	0.0798652777	-0.0796170103	0.0792698675	0.0	-0.021176	-0.0235305	-0.0634406	-0.000991392	0.000121005	0.00103446
0.02417485	0.008817272099999999	0.0155542563	-0.0955080042	0.0253406315	0.049117907300000006	0.1426279025	-0.0800387107	0.0799626282	-0.0798358776	0.0796585391	0.0	-0.0233361	-0.023575299999999997	-0.0574744	-0.0008544219999999998	0.00011499999999999999	0.00121156
0.0399912	-0.0065598333	0.050038261900000006	0.0652762521	0.0516241209	0.0557665055	0.0171109565	-0.0800549448	0.0800275504	-0.0799819001	0.0799180043	0.0	-0.026725799999999997	-0.023561099999999998	-0.0644663	-0.00087716	0.00051573	0.00104312
0.0569569	0.059895202	-0.0365607538	-0.0380620166	-0.08983568	0.054519124	-0.0461742847	-0.0800630622	0.08006001809999999	-0.0800549448	0.0800478422	0.0	-0.0248554	-0.0216489	-0.0532945	-0.00105772	2.1175799999999998e-22	0.00118688
