0.0	-0.0003928551	0.060989089	-0.072436666	0.0535295444	-0.0209740811	-0.0480578313	0.07993507009999999	0.0799320503	0.0799270173	0.0799199714	0.00624168	-0.0171209	0.0352255	0.000444422	0.00037679099999999996	0.0010618200000000002
0.05006288	-0.0189290388	0.0811127916	-0.108567612	-0.0459260867	0.0626774098	-0.1248034702	0.0799270173	0.0798998413	0.0798545546	0.0797911678	0.010550200000000001	0.00566161	0.023636400000000002	0.00036004699999999995	0.000301251	0.00112956
0.05018111	-0.0015315544	0.05642505	-0.0963513548	0.0245386694	-0.05987503490000001	-0.0961429151	0.0799109126	0.0798354362	0.079709695	0.0795337681	0.0165269	-0.0106692	0.034130900000000006	0.000439495	0.00020589799999999999	0.0009567789999999999
0.03430255	-0.00274094	0.0608324457	-0.0193650649	0.0105150744	0.0813762622	-0.0640910576	0.0798867576	0.0797388611	0.0794925697	0.0791481873	0.013421200000000001	-0.0189687	0.0139007	0.000441114	0.000154174	0.0009567789999999999
0.0319913531	0.0004076727	0.0218504857	-0.0906190025	-0.0359184862	-0.0803967795	-0.1271339809	0.0798545546	0.0796101548	0.0792033756	0.0786350467	0.0132065	4.06531e-05	0.017444	0.000598947	0.00018082099999999998	0.0009567789999999999
0.0360610031	0.0066431832	0.04433842650000002	-0.027532003500000003	0.0821225084	0.0214804466	-0.0520212749	0.0798143071	0.0794493692	0.0788423748	0.07799517339999999	0.0117548	-0.0209635	0.0186084	0.000447939	0.00021188400000000002	0.0008900349999999998
0.032700850000000004	-0.003588976500000001	0.0445922521	-0.0925863561	-0.0881251552	-0.0107469553	-0.0610322134	0.0797660189	0.079256569	0.0784098948	0.0772295986	0.010121999999999999	-0.0104298	0.0149631	0.0002796	0.000245481	0.00102588
0.034389578	-0.0061516945	0.0655452216	-0.07606118320000001	0.0925983675	-0.0135040475	-0.0492894201	0.079709695	0.0790318321	0.0779063275	0.0763395561	-0.000404028	-0.00502525	0.0237154	0.000399871	0.00020726799999999998	0.00106153
0.024610367999999997	-0.0213655922	0.0579739448	-0.0974188967	-0.037724714	0.0535265081	-0.0693696528	0.079645341	0.0787752489	0.0773321295	0.0753264804	0.00685294	0.0064451000000000005	0.0237159	0.000399871	0.000194368	0.0009567789999999999
0.0381627	-0.0114052312	0.06702136780000001	-0.0747246175	0.0565050477	-0.044058625199999986	-0.0251469561	0.0795729635	0.0784869228	0.0766878214	0.0741920043	0.00609354	-0.0158684	0.0257906	0.000585452	0.000213739	0.0009014289999999999
0.054338459999999984	-0.010113213	0.0556755557	-0.0671073096	-0.0237056588	0.0680753853	-0.1057491195	0.0794925697	0.07816697	0.0759739873	0.072937956	0.00651767	0.00956793	0.012999799999999999	0.000399871	0.000298942	0.0008584689999999999
0.035958840000000006	-0.0059710323	0.0408135341	-0.0972665849	0.0180376072	-0.0500577646	-0.0672058409	0.0794041677	0.0778155195	0.07519127440000001	0.0715663568	0.00656481	-0.00676392	0.0217088	0.000470553	0.00034736699999999996	0.0009567789999999999
0.05267011999999999	0.0053961062	0.055814351500000005	-0.0165454151	0.0176402121	0.0666169751	-0.0829975405	0.0793077664	0.0774327128	0.0743403923	0.0700794171	0.00778609	-0.018551599999999998	0.00707424	0.000623717	-1.0373399999999999e-22	0.00095678
0.060701076999999985	0.0080246098	0.0279423769	-0.0758004477	-0.055752248	-0.0592584806	-0.066172247	0.0792033756	0.0770187042	0.0734221124	0.0684795334	0.0101147	0.000664157	0.016191499999999998	0.000399871	0.000300053	0.00087989
0.040588397000000005	-0.0001085903	0.0467240149	-0.0252413488	0.07015233809999999	0.0299308513	-0.1204393336	0.07909100570000001	0.0765736605	0.0724372672	0.0667692842	-0.00067405	-0.008874969999999998	0.00704733	0.000258469	0.000269311	0.0008297069999999997
0.08636879999999998	0.0162815388	-0.0001037743	0.1991377038	-0.0631300985	-0.0574267356	0.0440684447	0.0789706681	0.0760977612	0.0713867496	0.06495142570000001	-0.00656419	-0.00263059	-0.0340537	0.000314096	-0.000152339	0.000644319
0.13835507500000002	0.0141310332	-0.0472045591	0.2090074108	0.025603904500000003	0.0117219726	0.1469889359	0.0788423748	0.07559119780000001	0.0702715121	0.0630288878	-0.00793166	-0.033509500000000005	-0.0739443	-0.000424139	2.1546900000000002e-05	0.00023207799999999998
0.15791703	-0.0158536098	-0.0380993198	-0.0381568208	-0.0981953758	0.0281896646	0.0340474965	0.0787061389	0.0750541746	0.0690925657	0.061004769	0.0167799	-0.00438263	0.00241359	-0.000118358	-6.82513e-05	0.000390913
0.11609858599999999	-0.0090062913	-0.033764417000000005	0.0340515731	0.080536898	-0.0218819408	0.13674738890000002	0.0785619741	0.0744869079	0.0678509792	0.0588823313	-0.00595808	-0.019972099999999996	0.0175771	0.000443976	0.00023944	8.78578e-06
0.094899864	-0.0126814932	-0.0615669685	0.0186452956	-0.0490189276	0.0895700113	0.1076081515	0.0784098948	0.07388962639999999	0.0665478783	0.0566649955	0.00145967	-0.00694864	-0.0181643	0.000111838	-6.82513e-05	-0.00012573
0.035625365	-0.0026285926	-0.0590311833	-0.008373181300000001	0.0112983036	-0.0650702154	0.078481817	0.0782499164	0.0732625707	0.0651844444	0.0543563352	-0.00139522	-0.00107348	-0.00230231	-5.17184e-05	-1.11412e-05	-0.00012573
0.07695704	0.0033515437	-0.0422806473	0.0932704538	0.0224122167	0.08877053929999999	0.0903435471	0.078082055	0.0726059935	0.0637619136	0.051960071	0.00406025	-0.023117	-0.0223223	5.94217e-05	-6.82513e-05	0.000294781
0.052015695	0.016175085500000002	-0.0487721789	0.0345525427	-0.0544688939	-0.0605493151	0.0161279345	0.0779063275	0.0719201593	0.062281575599999986	0.0494800651	0.00403687	-0.0137815	-0.0223148	0.0004918969999999999	-6.82513e-05	-0.00012573
0.040791900000000006	0.0124636152	-0.07810815269999999	0.06490819910000001	0.08190508889999999	0.0157705647	0.06975089570000001	0.0777227516	0.0712053446	0.0607447724	0.0469203142	-0.00417588	-0.0241998	-0.01454	0.000269487	-6.82513e-05	-0.00019104099999999998
0.03153567	0.0036278996	-0.031487365	0.0578108608	-0.071488934	-0.0148329668	0.0611859064	0.07753134589999999	0.07046183730000001	0.0591528974	0.0442849438	0.00403687	-0.0241985	-0.00302148	0.000440238	-6.82513e-05	-0.00012573
0.033221552	0.006075789200000001	-0.0561020003	0.055184586	0.0564563228	-0.0644277836	0.1050900686	0.0773321295	0.06968993700000001	0.0575073938	0.0415782013	0.00403682	-0.0242004	-0.008432729999999998	-4.39363e-05	3.74144e-06	-0.00012573
0.015361072000000003	-0.0020766086	-0.0272609412	0.063568763	-0.065311051	0.0671234869	0.0895118389	0.0771251226	0.06888995490000001	0.0558097533	0.038804449	0.00403716	-0.016064600000000002	-0.011199700000000002	2.65892e-05	-1.48923e-05	-0.00012573
0.047861805	0.0006679869000000001	-0.0559795349	0.0479108787	0.0085521261	-0.0810489934	0.07465769259999999	0.07691034599999999	0.0680622132	0.0540615151	0.0359681572	-0.00158688	-0.021747299999999997	0.0102609	9.867309999999999e-05	0.000109495	-2.03119e-05
0.02261031	-0.0054470262	-0.0317900306	0.042290755	0.0042022576	0.06450686900000001	0.09004103	0.0766878214	0.06720704549999999	0.0522642642	0.0330738971	0.00608423	-0.024197200000000002	0.0126861	2.65892e-05	0.000133275	-0.00012573
0.02345795	-0.0067553473	-0.0446451137	-0.014828278	-0.0658923924	-0.0629206804	-0.0143701889	0.07645757110000001	0.0663247964	0.05041963	0.0301263332	0.00403546	-0.016339799999999998	0.007641239999999999	0.00010378799999999999	0.000130836	-3.52294e-05
0.035679045	0.006140043100000001	-0.0414949598	0.0299762663	0.08531633359999999	0.0190216202	0.0081322405	0.0762196185	0.06541582139999999	0.0485292848	0.0271302159	0.00118938	-0.024197200000000002	0.00100501	2.65892e-05	-6.82513e-05	-0.00012573
0.02833082	-0.0008259363000000001	-0.0736304475	-0.0237298126	-0.0741126523	0.0010547139	-0.0082474976	0.0759739873	0.0644804868	0.046594942400000006	0.024090374	0.00403687	-0.0129036	0.00698835	0.000190717	-6.82513e-05	-0.00012573
0.02451935500000001	0.0106564177	-0.0547657023	0.0313630076	0.107413079	-0.0053444867000000005	0.023679771	0.0757207024	0.0635191694	0.044618356500000005	0.0210117067	0.0040371	-0.0241977	0.0149858	0.000202995	2.40222e-05	-0.00012573
0.009160210000000002	0.0015204488	-0.0435090434	0.0415144152	-0.051671869	0.0950084007	0.0138095089	0.0754597894	0.0625322567	0.0426013192	0.0178991758	0.0040354	-0.019696400000000003	0.0116982	0.000182863	1.6762e-05	-0.00012573
0.032047876	0.0043636012	-0.0471604944	0.01488877	0.0217426319	-0.07660147099999999	0.044239509100000005	0.07519127440000001	0.0615201462	0.0405456591	0.0147577975	0.00403536	-0.024197200000000002	0.0007630039999999999	2.65892e-05	0.000192725	-0.00012573
0.021631476	0.0016556264999999998	-0.027883326	0.0314489432	-0.0001461579	0.07932165	0.0405940544	0.0749151845	0.060483246	0.038453239900000005	0.0115926346	0.00403204	-0.0216952	0.0095022	-0.000116691	0.000128266	-0.00012573
0.02826248	-0.0007210421000000001	-0.0481255387	-0.0069936631	-0.0232405894	-0.0438238022	0.08163699769999999	0.0746315476	0.0594219737	0.0363259585	0.0084087885	0.00402923	-0.0168925	0.017653400000000003	-8.607469999999997e-05	0.00029769400000000004	-1.9658900000000002e-05
0.04685438	0.0027534231	-0.0263690532	0.0190390674	0.030613058	0.0258221904	0.0388905069	0.0743403923	0.058336757	0.0341657437	0.0052113902	0.00403687	-0.015554399999999998	-0.00410112	-8.300869999999997e-05	-6.82513e-05	-0.00012573
0.05331303	0.0001152996	-0.0325208055	0.0237445358	-0.0512610027	-0.0306552023	0.0470727321	0.0740417477	0.0572280333	0.0319745538	0.002005593	0.00403729	-0.00316541	0.0130667	0.00014892	0.000174936	-0.00012573
0.078044025	0.009502131	-0.0300037248	0.0774019108	0.0786043199	-0.0133319631	0.0293144467	0.0737356442	0.0560962492	0.0297543755	-0.0012034366	0.00403687	-0.025171799999999998	-0.0193159	-8.098499999999997e-05	-6.82513e-05	-0.00012573
0.02616974000000001	0.0147378521	-0.0236551499	0.025414125	-0.0935921261	0.020823083	-0.0319344178	0.0734221124	0.0549418609	0.0275072215	-0.0044105266	0.00403687	-0.016250299999999995	-0.00744637	2.65892e-05	-6.82513e-05	-0.00012573
0.02322606000000001	0.0085677269	-0.0437803642	-0.0079295077	0.0480568348	-0.0473824997	-0.032838107000000005	0.07310118389999999	0.0537653335	0.0252351292	-0.007610508399999999	0.0040374	-0.0167365	-0.00410391	0.0002221	7.33968e-05	-7.49515e-05
0.030127910000000008	-0.0031458341	-0.0319701844	0.0159622807	-0.0333448438	0.0839128122	-0.0213202228	0.0727728912	0.052567141100000006	0.0229401584	-0.0107982247	0.00404047	-0.00666875	-0.00410067	-0.000104275	4.94733e-05	-0.00012573
0.0044287	0.0173248381	-0.0649184512	-0.0078452454	-0.0037820788	-0.0992725334	-0.0492159493	0.0724372672	0.0513477665	0.0206243899	-0.0139685379	0.00404342	-0.00666574	-0.00410235	-0.000147604	9.45655e-05	-0.00012573
0.09643647500000002	0.0143468726	0.0190663986	0.185252834	0.0289680775	0.0219808731	0.0645994866	0.0720943458	0.050107701	0.0182899231	-0.0171163386	0.00402698	-0.0268089	-0.052829999999999995	0.000132022	-0.00017679299999999999	-0.00012573
0.07531798399999999	0.0223381473	-0.008814209699999999	0.0995341802	-0.1117683345	-0.0454153104	0.012621313	0.0717441615	0.0488474444	0.0159388744	-0.0202365536	0.011240100000000001	-0.0309149	-0.024084	-2.4173499999999998e-05	0.00023989	6.44878e-06
0.07846486899999999	0.0185799763	0.0093773012	0.07525239980000001	0.0832340507	-0.0219293091	0.0527048661	0.0713867496	0.0475675045	0.0135733754	-0.0233241543	0.00403687	-0.0146923	-0.00448539	-0.000292662	-6.82513e-05	-0.00012573
0.051037365	-0.0097388362	0.001308594	0.0727781192	-0.1012257262	0.0564095446	0.1794877445	0.0710221462	0.046268397	0.0111955706	-0.0263741644	0.00403737	-0.0197611	0.00984113	-2.7147399999999997e-05	0.000299065	-0.00012573
0.010673540000000002	-0.0294495175	0.0216105291	-0.0702870149	0.0170525	-0.0385876675	0.0981188273	0.0706503878	0.0449506455	0.0088076158	-0.0293816684	0.00403826	-0.012593799999999999	0.00921786	2.65892e-05	0.00029516	-0.00012573
0.04301542	-0.0230756165	0.0299774917	0.0372056659	0.041800062	0.1306245895	0.07467074230000001	0.0702715121	0.0436147809	0.006411676	-0.0323418192	0.00403782	-0.0160638	-0.00718458	0.000300447	0.000106167	-0.00012573
0.02529211500000001	-0.0067836652	0.00719122	-0.0515155196	-0.0334837607	-0.0409698991	0.0567736751	0.0698855571	0.0422613414	0.0040099232	-0.0352498461	0.00403687	-0.0145708	-0.00856894	2.65892e-05	-6.82513e-05	-0.00012573
0.06482633	-0.0248510653	0.0230817448	-0.0082511436	0.08928581769999999	0.0093463143	0.0941440479	0.06949256179999999	0.0408908726	0.001604535	-0.0381010623	-0.00278487	0.00361423	0.00974935	9.76603e-05	0.000290703	-0.00012573
0.05065436700000001	-0.0008370382000000001	0.0240635257	0.0363464056	-0.0327485638	0.045461428	0.0123199535	0.0690925657	0.0395039266	-0.0008023078999999999	-0.0408908726	0.000344762	0.00362756	-0.0141446	-0.000167448	8.346219999999998e-05	-0.00012573
0.048826217000000005	-0.0011441246	0.0320520895	0.0039435216	-0.0114207964	-0.0536829628	0.0452006678	0.0686856091	0.0381010623	-0.0032084234000000003	-0.0436147809	-0.00524755	-0.0157172	-0.00244873	-0.000134029	0.000228825	-6.06463e-05
0.09144296	0.00143505	0.096438041	-0.0176335276	-0.0122908977	0.0386089059	0.0059252642000000005	0.068271733	0.0366828449	-0.0056116301	-0.046268397	0.0107985	0.017343099999999997	-0.014111600000000004	-0.000408066	-6.82513e-05	-1.82848e-05
0.040632945	0.0052354723	0.0387646893	-0.005633884699999999	-0.0929699626	-0.056334021	-0.0278300754	0.0678509792	0.0352498461	-0.0080097493	-0.0488474444	0.00974428	0.00362543	-0.0085956	-0.000112576	-6.82513e-05	9.31263e-05
0.040955179	0.0150532939	0.0364890887	0.0170026891	0.0395465193	-0.03229527	-0.0690010194	0.06742339	0.0338026431	-0.0104006067	-0.0513477665	0.0007445709999999998	0.00802068	-0.014110900000000001	-0.00039487400000000003	-6.82513e-05	-6.54741e-05
0.021311054	0.0272649775	-0.0035867239000000007	0.0135223733	-0.076330074	0.0020392777	-0.1462749355	0.0669890084	0.0323418192	-0.0127820349	-0.0537653335	0.00916682	0.00362813	-0.010479500000000001	-0.00039487400000000003	-0.000163008	-6.29337e-05
0.039171900499999995	0.033336579	-0.0076005646	0.0171051063	0.07323688240000001	-0.1156856034	-0.1327018761	0.0665478783	0.030867963	-0.0151518747	-0.0560962492	0.0067744	-0.00511989	-0.00203795	-0.000249678	2.6068000000000002e-05	-5.4074900000000005e-06
0.037623435499999996	0.0373570052	-0.0214771808	0.0445530461	-0.0482214961	0.016941701200000003	-0.1969492833	0.0661000441	0.0293816684	-0.0175079777	-0.058336757	0.00407997	0.0036266999999999996	-0.014110900000000001	-0.00039487400000000003	-6.82513e-05	-4.80815e-05
0.043353605	0.037489709	-0.0444999482	-0.0270524925	0.0260959173	-0.1005507095	-0.147175942	0.06564555080000001	0.0278835343	-0.0198482077	-0.060483246	0.00408941	0.00362748	0.00290438	-0.00011586	0.000131715	-9.56633e-05
0.021676116000000002	0.0256247185	-0.0017755092	0.020024599999999997	0.0090894108	0.05329207230000002	-0.1654483054	0.0651844444	0.0263741644	-0.0221704431	-0.0625322567	0.00408422	-0.00346242	-0.0006750660000000001	-0.00022426599999999998	6.036310000000001e-05	-0.00013593700000000004
0.044165591	0.0116646863	0.014986046	-0.0362014919	-0.0174028118	-0.0864933862	-0.0674716009	0.0647167712	0.0248541669	-0.0244725786	-0.0644804868	0.00618289	-0.0135082	0.010898	7.390159999999997e-05	0.000124444	-8.9224e-05
0.02248173	0.0012126756	-0.0045922442	-0.0217659419	0.0360790995	0.0478924313	-0.0762246099	0.0642425783	0.0233241543	-0.026752527	-0.0663247964	0.00409538	-0.0118723	0.008678399999999998	-4.01228e-05	0.000169762	-0.000260656
0.02969907	-0.0014466722	0.0091868001	-0.0359101832	-0.016862843500000002	-0.0550295417	0.002722908	0.0637619136	0.0217847431	-0.0290082213	-0.0680622132	0.00410127	-0.00693388	0.00664243	0.000137299	0.00034908199999999996	-0.000163022
0.033706650000000005	-0.0015810218	0.0024334627	-0.001860002	0.0300314004	0.0419384499	-0.05824901740000001	0.0632748254	0.0202365536	-0.0312376164	-0.06968993700000001	0.00407809	0.00363646	-0.00367986	-4.01228e-05	0.000290929	-0.00014278
0.016356472000000004	-0.0156121663	0.0098680203	-0.0448976666	-0.0369217007	-0.0341587586	-0.0039995457	0.0627813628	0.0186802098	-0.0334386912	-0.0712053446	0.00410672	0.00363395	-0.000260878	-4.01228e-05	0.000545243	-0.000138967
0.0397273746	0.0071825375	0.0264832753	0.0475218981	0.0530964167	0.0691334342	0.0020985481	0.062281575599999986	0.0171163386	-0.035609450099999995	-0.0726059935	9.37074e-05	-0.00549856	-0.00300484	0.00013450300000000004	0.00027165	-0.000167506
0.0287241403	0.0107933121	-0.0199291645	-0.0234448158	-0.024278314300000003	-0.0275919946	-0.0288095524	0.061775514	0.0155455703	-0.037747925	-0.07388962639999999	-0.00531658	0.00362826	1.84429e-05	0.000114619	0.000448069	-0.000140534
0.0380084279	0.0006826952	0.006663811	-0.0137376778	0.07062016759999999	0.0259978944	-0.0044980789	0.0612632291	0.0139685379	-0.0398521774	-0.0750541746	0.00409589	0.00363319	-0.00522362	8.66417e-05	0.00028188599999999996	-0.00041335300000000004
0.047786995	-0.0026963134	0.021450684	-0.0443201177	-0.0289533337	-0.0042007484	-0.0248335445	0.0607447724	0.0123858767	-0.0419202993	-0.0760977612	-0.00168296	0.00362878	0.010819100000000002	0.000319124	0.00030498900000000003	-0.000149718
0.058114775999999986	0.0020004168	0.0309799075	0.0106521959	0.0500459161	0.0616586049	0.0214536649	0.0602201963	0.0107982247	-0.0439504158	-0.0770187042	-0.00120251	-0.0133435	-0.00029330599999999996	-4.01228e-05	0.00026326400000000003	-0.00033973900000000003
0.031915851	-0.0297049738	0.017539651899999998	-0.08467925	-0.06263999049999999	-0.0083439347	0.0055618874	0.0596895534	0.0092062214	-0.0459406864	-0.0778155195	-0.00167693	0.00363381	0.00050147	2.11801e-05	0.000285327	-0.000149718
0.041856395	-0.0275480636	0.0407015677	-0.054113578200000005	0.1109584519	0.0112725766	-0.0188414472	0.0591528974	0.007610508399999999	-0.0478893067	-0.0784869228	0.00409455	0.00364026	0.00997148	-0.000302912	0.000240421	-0.000312889
0.04877283	-0.0094175333	0.004907522199999999	-0.027214649	-0.0947328712	0.0125263347	0.018278465	0.0586102822	0.0060117288	-0.0497945101	-0.0790318321	0.00410643	0.00361379	-0.00185795	0.000157814	0.000354625	-0.000149718
0.0348593	-0.0401529369	0.0411745534	-0.0725248503	0.1152092521	-0.02700626	0.0399017203	0.0580617626	0.0044105266	-0.0516545692	-0.0794493692	-0.00178044	0.00364047	0.0106649	-2.5441999999999998e-05	0.000499827	-0.000149718
0.08490064	-0.0399844184	0.0335944649	-0.0534816929	-0.0456356199	0.1102402203	-0.0042974498	0.0575073938	0.0028075473	-0.0534677978	-0.0797388611	0.00409852	0.0211521	-0.0140882	-0.000295401	0.000300807	-0.000415878
0.07576486	-0.0256585996	0.027563313	-0.0630235678	0.07011973519999999	-0.0436969764	0.0863184227	0.0569472315	0.0012034366	-0.0552325519	-0.0798998413	-0.00465032	0.00424013	0.013156600000000001	-0.000152087	0.00043231199999999996	-0.000233512
0.019649767	-0.0258977353	0.0445312997	0.0035164977	-0.0295625152	0.1081387321	0.0423697038	0.05638133240000001	-0.000401159	-0.0569472315	-0.0799320503	0.000886637	0.00424637	0.00719503	-0.000146993	0.00043659	-0.00038704
0.024844705	-0.030221962400000007	0.0129117737	-0.096991966	-0.0122123056	-0.069276803	0.0419343489	0.0558097533	-0.002005593	-0.0586102822	-0.0798354362	-0.00227622	-0.0020082999999999998	-0.000130653	-2.56551e-05	0.000413629	-0.000369309
0.042211608	-0.0448557548	0.0367210131	-0.0691490188	0.0223421143	0.1191554129	-0.0216145247	0.0552325519	-0.0036092188	-0.0602201963	-0.0796101548	0.0040769	0.00425815	0.00603033	7.257100000000001e-05	0.000262825	-0.000149718
0.025575915	-0.0178783305	0.0114671599	-0.0562495767	-0.034658092200000004	-0.061286799800000014	0.0107171591	0.0546497862	-0.0052113902	-0.061775514	-0.079256569	-0.00150817	0.00423862	0.0119375	-5.74559e-05	0.000414081	-0.000149718
0.045869485	-0.0253690201	0.0178642645	-0.0242937563	0.0438938735	0.064884756	-1.21237e-05	0.0540615151	-0.0068114617	-0.0632748254	-0.0787752489	0.00408146	0.012236	-0.00291903	-7.836880000000001e-05	0.00035295599999999997	-0.000416199
0.030228395	-0.0080707149	-0.0155372559	-0.0806974713	-0.0682003489	-0.031057671	-0.063922584	0.0534677978	-0.0084087885	-0.0647167712	-0.07816697	-0.00298583	0.014070500000000001	0.00162167	-6.26967e-05	0.00040652099999999997	-0.000149718
0.031737595	-0.0111686659	-0.005532443299999999	-0.0083013761	0.0917883644	0.0054224777	0.0070491958	0.052868694	-0.0100027269	-0.0661000441	-0.0774327128	-0.00517505	0.00670712	0.0073447	-0.000130956	0.00035872800000000005	-0.000362905
0.021995356	-0.0091922026	-0.0085228458	-0.0441387228	-0.08840775140000001	-0.0048466612	0.0161674184	0.0522642642	-0.0115926346	-0.06742339	-0.0765736605	-0.000476914	0.00423418	0.00411998	5.09432e-05	0.000383115	-0.00038861
0.039875586	-0.0017456691	0.018553779	0.0074614988	0.1061644353	-0.0160841495	0.0375782801	0.0516545692	-0.0131778711	-0.0686856091	-0.07559119780000001	-0.00544098	-0.00259201	0.00143931	-0.000130956	0.0006181709999999999	-0.0004797480000000001
0.06721215	0.0076795053	0.0240522864	0.0317043497	-0.1036018801	0.0254313162	0.0369595484	0.0510396705	-0.0147577975	-0.0698855571	-0.0744869079	0.00410024	-0.0127971	-0.00753898	0.000294334	0.000356023	-0.000397435
0.099113619	-0.0126222128	0.0443733274	-0.0077218118999999984	0.0618406739	-0.08519570369999999	0.0979913711	0.05041963	-0.0163317771	-0.0710221462	-0.0732625707	-0.0009400989999999999	0.015637499999999995	0.029014599999999995	0.00022243599999999998	0.00061811	-0.000149718
0.091132094	-0.019574336	0.0460180267	0.0234534035	-0.0482062839	0.08948512789999999	0.069997623	0.0497945101	-0.0178991758	-0.0720943458	-0.0719201593	0.00409485	-0.000502695	-0.014364400000000001	0.00011980899999999999	0.000189178	-0.000149718
0.06995762224999999	-0.0147022283	0.0026615778000000003	-0.0365337865	-0.0134039276	-0.0570372853	0.0227319067	0.0491643739	-0.0194593619	-0.07310118389999999	-0.07046183730000001	-0.00673945	0.0201139	0.0043268000000000004	3.29455e-07	0.00046600900000000003	-0.000149718
0.03169813	-0.0003629115	0.0190709321	0.0093443092	0.0101829575	0.0901695094	-0.0238912734	0.0485292848	-0.0210117067	-0.0740417477	-0.06888995490000001	0.00409263	0.00299949	0.00621024	3.29455e-07	0.000428645	-0.000149718
0.039712997249999986	-0.022041879700000003	0.0002424113	-0.0649383958	-0.0543423817	-0.071405042	0.011890558600000002	0.0478893067	-0.0225555848	-0.0749151845	-0.06720704549999999	-0.00294258	0.00941986	0.007988429999999998	0.000347672	0.000570887	-0.000149718
0.06667866	-0.025187189900000004	0.0296244056	-0.0274283704	0.05610091440000002	0.0601408527	-0.020182693600000003	0.0472445043	-0.024090374	-0.0757207024	-0.06541582139999999	0.00410403	0.0201169	-0.00204858	0.000146402	0.000303551	-0.000459072
0.02569071725	-0.0042723714	-0.0090642301	-0.0281246437	-0.0623502293	-0.0226788004	0.0057233187	0.046594942400000006	-0.0256154559	-0.07645757110000001	-0.0635191694	0.00410173	0.016430900000000002	-0.00205417	3.29455e-07	0.000233937	-0.000234822
0.03663363875	-0.0102736592	0.0196936929	0.0062544082	0.049471845999999986	0.003637552	-0.0037912783	0.0459406864	-0.0271302159	-0.0771251226	-0.0615201462	-0.000117476	0.015984799999999997	-0.00204201	-0.000219487	0.000502729	-0.000385337
0.037121556750000013	0.0007157611999999999	-0.0099845996	-0.0386146943	-0.0654606937	-0.0308359555	-0.0221441086	0.0452818024	-0.0286340436	-0.0777227516	-0.0594219737	-0.00388374	0.020116299999999997	-0.00890263	3.29455e-07	0.000375581	-0.000485636
0.027949752749999997	0.0032066765	0.0040484842	0.0027198314	0.0653565032	0.0145807921	0.0043571277	0.044618356500000005	-0.0301263332	-0.0782499164	-0.0572280333	0.00410279	0.0201245	-0.00205113	-0.000140405	0.00042575199999999994	-0.00041447099999999997
0.004843210000000002	0.0276946849	-0.028269906	-0.0305251458	-0.0628226013	-0.0098911141	-0.0010478532	0.0439504158	-0.0316064831	-0.0787061389	-0.0549418609	0.00412967	0.0201258	-0.00205486	-0.000105084	0.0004574580000000001	-0.000385272
0.019161992749999995	-0.0045453433	-0.0018862926	0.0006040492	0.060634455	-0.0173698677	-0.0416678017	0.0432780475	-0.0330738971	-0.07909100570000001	-0.052567141100000006	0.00411305	0.0135425	-0.00204891	3.29455e-07	0.000487775	-0.0005006640000000001
0.016981306999999994	0.0036805082	-0.027447234700000003	-0.03284357	-0.059902561500000014	-0.0128730675	-0.0587609427	0.0426013192	-0.0345279838	-0.0794041677	-0.050107701	0.000756873	0.0201201	-0.00204648	3.29455e-07	0.00052332	-0.00039530699999999996
0.02372480275	0.0058992412	0.004612657	0.016272814	0.0496951187	0.0195216358	-0.0349361428	0.0419202993	-0.0359681572	-0.079645341	-0.0475675045	0.000243993	0.020134	-0.00935278	-0.00020708	0.000587745	-0.000441307
0.044590267	0.011567873	-0.0354003493	-0.0137775714	-0.0561654778	-0.0088013426	-0.0506845083	0.0412350562	-0.0373938371	-0.0798143071	-0.0449506455	0.00413911	0.013801499999999998	-0.00202778	0.00012128200000000001	0.000616633	-0.00025780400000000004
0.045567355	0.0160570721	-0.0063816464000000005	0.0396040847	0.0982746438	0.0201048593	-0.0341316198	0.0405456591	-0.038804449	-0.0799109126	-0.0422613414	-0.0027264	0.013349399999999999	-0.00202788	6.62441e-05	0.000375787	-0.000726913
0.049262685	0.027893673	-0.0383377508	0.0458058254	-0.0752585396	0.014515416	-0.0096296489	0.0398521774	-0.0401994245	-0.07993507009999999	-0.0395039266	-0.00226837	-0.00498255	-0.00201597	0.00023607400000000002	0.0005321680000000001	-0.000443908
0.018772099999999996	0.0228636423	-0.0116119162	0.0053095355	0.0895850776	-0.0430669674	-0.0257037092	0.0391546809	-0.0415782013	-0.0798867576	-0.0366828449	-0.00467312	-0.00194838	-0.00201334	0.00021338	0.00048631300000000004	-0.00064197
0.02560423	-0.0078521838	-0.0056921699	0.0178144696	-0.06658388700000001	0.08070149230000001	0.0148164771	0.038453239900000005	-0.0429402241	-0.0797660189	-0.0338026431	-0.00471572	0.0106466	-0.00821354	0.00014322	0.000523252	-0.00061374
0.03106185	0.0194049264	-0.003118078	0.028792507	0.0920725698	-0.0806028417	0.0928712143	0.037747925	-0.0442849438	-0.0795729635	-0.030867963	-0.00528673	0.00718448	0.00439103	0.000273272	0.000584831	-0.0005168880000000001
0.02989677	0.0108135671	-0.0016298353	0.0792935891	-0.0378125983	0.0948423873	-0.0006142751999999999	0.037038807400000005	-0.0456118188	-0.0793077664	-0.0278835343	-0.012067	0.00271338	-0.00200897	0.00021338	0.000536589	-0.000653662
0.02481311	0.0084079012	-0.0518636491	0.0020294709	0.0137120682	-0.0991621734	0.0379601856	0.0363259585	-0.0469203142	-0.0789706681	-0.0248541669	-0.00931339	0.0131059	-0.009332	0.00021338	0.000599228	-0.0006294219999999999
0.013931649999999995	0.0010924343	0.0049679309000000005	0.0398533361	-0.0116617709	0.0974039936	-0.0009637422	0.035609450099999995	-0.0482099028	-0.0785619741	-0.0217847431	-0.00498304	0.0191262	-0.00774925	0.00021338	0.000615132	-0.000605361
0.029545899000000007	0.0358418574	-0.0430628658	0.0022975849	-0.0151882584	-0.1162098708	0.0679246805	0.0348893543	-0.0494800651	-0.078082055	-0.0186802098	-0.00852716	0.00590247	0.000406499	0.00021338	0.000699084	-0.000596867
0.025729239000000008	0.021869058	-0.0044254421	0.0732228619	0.0304928933	0.0978197274	-0.022120468	0.0341657437	-0.0507302891	-0.07753134589999999	-0.0155455703	-0.00618569	0.0062708	-0.00202137	-2.7455399999999998e-05	0.000538374	-0.000607153
0.017741544999999994	0.0171427835	-0.0427061433	0.0135988166	-0.056366078499999986	-0.057797288899999986	-0.0220637321	0.0334386912	-0.051960071	-0.07691034599999999	-0.0123858767	-0.00918896	0.0117238	-0.00201162	8.29541e-05	0.000562178	-0.00065845
0.023669695	0.0164206673	-0.025644152000000003	0.0334277206	0.0338371657	0.0648428174	0.0052246075	0.03270827	-0.0531689154	-0.0762196185	-0.0092062214	-0.0043991	0.0124303	-0.00727885	-0.00010431200000000001	0.000592436	-0.000617852
0.040392050000000006	0.0388906451	-0.0207322723	0.0192222026	-0.0573865447	-0.0640931388	0.0246260491	0.0319745538	-0.0543563352	-0.0754597894	-0.0060117288	-0.00595888	0.00995397	0.00197654	0.000309849	0.0006878030000000001	-0.000585369
0.049735065	0.0385382606	-0.0137529429	0.097415077	0.0672093528	0.0248775222	-0.0168841364	0.0312376164	-0.0555218517	-0.0746315476	-0.0028075473	-0.0120811	0.00268841	-0.00196798	1.13767e-05	0.000537104	-0.000386485
0.045721495	0.0262974046	-0.0299227997	0.0205555402	-0.0651930901	-0.07667377269999999	-0.0223759577	0.0304975321	-0.0566649955	-0.0737356442	0.000401159	-0.00483161	0.012931	-0.00194183	0.000331876	0.000616854	-0.000550301
0.03885085	0.0194951288	-0.0133393598	0.0361472711	0.0582319883	0.0242392417	-0.0496752707	0.0297543755	-0.0577853059	-0.0727728912	0.0036092188	-0.0049269	0.00683915	-0.00197279	-0.000125475	0.000505628	-0.000634379
0.03967	0.0329620231	-0.0304352504	0.05189125940000002	-0.0752523106	-0.0439801205	-0.0385594855	0.0290082213	-0.0588823313	-0.0717441615	0.0068114617	0.00138105	0.00268435	-0.00195408	7.555779999999997e-05	0.000781668	-0.000527681
0.04589974	0.0342253941	-0.0038004684	0.0510301074	0.0754721933	0.0001921343	-0.0261537699	0.0282591448	-0.059955629800000014	-0.0706503878	0.0100027269	-0.00474117	-0.00226948	-0.018599	7.04104e-05	0.000519141	-0.000623582
0.03746003500000001	0.0135226192	-0.0236553467	0.0131614421	-0.0927578543	-0.0114168306	-0.0226856843	0.0275072215	-0.061004769	-0.06949256179999999	0.0131778711	-0.00371766	0.0103727	-0.00369984	1.13767e-05	0.000605086	-0.000590657
0.030179644999999995	0.0180277377	-0.0068950516	0.0346902023	0.1142116309	-0.028409237200000007	0.0158986537	0.026752527	-0.0620293259	-0.068271733	0.0163317771	-0.00547153	0.00543005	-0.0017297999999999999	-0.000158913	0.000652526	-0.000378125
0.03140452	0.0282226894	-0.0198363299	0.0821660701	-0.0866424355	0.0629178995	-0.004132165300000001	0.0259951375	-0.0630288878	-0.0669890084	0.0194593619	-0.00238912	0.00490214	-0.0186044	-0.000158913	0.000641437	-0.000585428
0.01886304	0.0280346999	-0.0254859809	0.0476841095	0.0263962058	-0.08168535269999999	-0.0017473692000000002	0.0252351292	-0.06400305190000001	-0.06564555080000001	0.0225555848	-0.00357396	0.00270229	-0.0123168	-0.000163661	0.000679018	-0.0007269139999999999
0.038051485	0.0146428453	0.0092426429	0.0396854522	-0.0598237825	0.0357251309	-0.0492504832	0.0244725786	-0.06495142570000001	-0.0642425783	0.0256154559	-0.00163112	0.0134316	-0.0120318	1.13767e-05	0.000629229	-0.000449854
0.042600555000000005	0.0335672667	-0.018033541	0.0318972109	-0.0030113629	-0.07528447440000001	-0.0025453381	0.0237075627	-0.065873627	-0.0627813628	0.0286340436	-0.00444168	0.0064843999999999995	-0.00214257	0.00010209999999999999	0.0007205180000000001	-0.000726913
0.03884474000000001	0.0355628371	-0.0144019384	0.0743407838	-0.013371318500000002	0.0162935718	-0.034830392	0.0229401584	-0.0667692842	-0.0612632291	0.0316064831	0.007619499999999999	0.0091406	-0.018581999999999998	6.99774e-05	0.000659949	-0.0006658460000000001
0.02347498	0.0226437014	-0.0304069627	0.0175784664	0.0040421076	-0.062168308099999986	-0.0369448379	0.0221704431	-0.0676380363	-0.0596895534	0.0345279838	-0.0027351	0.0138576	-0.0185841	6.57298e-05	0.0005572390000000001	-0.0007269139999999999
0.010033605000000004	0.0232696587	-0.0140204779	0.0573284043	0.0063371494	0.0277505702	-0.030698042400000007	0.0213984944	-0.0684795334	-0.0580617626	0.0373938371	0.000163185	0.0203136	-0.0185788	6.29674e-05	0.000567957	-0.0007269139999999999
0.03823154	0.0343018712	-0.0335532909	0.0257301049	-0.002730966	-0.0610613267	-0.0453780183	0.0206243899	-0.0692934363	-0.05638133240000001	0.0401994245	-0.00218861	0.0023965999999999996	-0.00255741	7.706949999999997e-05	0.000592682	-0.0007269139999999999
0.049897565	0.0248423151	-0.0263024406	0.0391369014	-0.0044645348	0.0210746137	-0.0135797625	0.0198482077	-0.0700794171	-0.0546497862	0.0429402241	0.00193044	0.0104022	-0.025858600000000002	0.000202165	0.000649906	-0.000619799
0.03045198	0.0191976663	-0.0384241994	0.0181483378	0.0056879061	-0.0120584917	-0.0292929948	0.019070026	-0.07083715900000001	-0.052868694	0.0456118188	0.007577119999999999	0.010286600000000002	-0.0130542	0.00015084200000000002	0.000570638	-0.0007269139999999999
0.024625937	0.019975631	-0.0091539072	0.0232256835	0.0122298992	0.0206359893	0.0239152504	0.0182899231	-0.0715663568	-0.0510396705	0.0482099028	0.000567698	0.0151154	-0.018559700000000002	8.980169999999997e-05	0.000655242	-0.0007269139999999999
0.020177713	0.0294631082	-0.0460283615	0.0187476569	0.015505577	-0.0208840481	0.0062750638	0.0175079777	-0.07226671650000001	-0.0491643739	0.0507302891	-0.00348326	0.00851356	-0.018557499999999998	0.000159231	0.000534218	-0.000726913
0.06474107400000001	0.0393450006	-0.0197577677	0.0702470913	0.0147387161	-0.0208470547	0.0109929222	0.016724268400000002	-0.072937956	-0.0472445043	0.0531689154	0.007648969999999999	0.00237474	-0.000531176	0.000313326	0.000890638	-0.000648554
0.064305545	0.033507376400000004	-0.05331313	0.0713946996	-0.0064799036	0.0001094897	0.0602163611	0.0159388744	-0.07357980480000001	-0.0452818024	0.0555218517	0.000525669	0.00756333	-0.014924399999999999	-2.60946e-05	0.000556409	-0.000726913
0.046582521000000016	0.0338980365	-0.0108328225	0.0448023739	0.0168511017	-0.0206374023	-0.0285082467	0.0151518747	-0.0741920043	-0.0432780475	0.0577853059	-0.0004951819999999999	0.0106146	-0.00550073	0.00019258	0.0009313460000000002	-0.00065879
0.05017081200000001	-0.0326817669	0.0386419952	-0.0072207288	-0.0369579051	0.0077154335	0.08460927019999999	0.0143633485	-0.0747743077	-0.0412350562	0.059955629800000014	0.00763226	0.010164200000000002	-0.032053899999999996	0.00024811099999999997	0.0007542039999999999	-0.000726913
0.03549159	-0.0593576341	0.0212608609	-0.046898179000000005	-0.024596915	0.0116352878	0.08495263980000001	0.0135733754	-0.0753264804	-0.0391546809	0.0620293259	-0.00846678	0.0234234	-0.0304747	0.00018077099999999998	0.0007304609999999997	-0.000726913
0.04714761000000001	-0.07487784559999999	0.037378747	-0.0765024167	-0.0254460037	0.0271939559	0.0155835719	0.0127820349	-0.07584830000000001	-0.037038807400000005	0.06400305190000001	-0.00854149	0.035631	-0.0207359	0.00034427199999999996	0.000819237	-0.00047666
0.033881085000000005	-0.0708643224	0.040159859	-0.0891578777	0.0199170336	-0.0078543773	0.0675456238	0.0119894067	-0.0763395561	-0.0348893543	0.065873627	-0.0124674	0.029827600000000006	-0.016611299999999996	9.96675e-05	0.000910827	-0.0005410090000000001
0.046351565	-0.07098357	0.0386567932	-0.08133938809999999	-0.0176894342	0.0626931294	0.0688239292	0.0111955706	-0.0768000508	-0.03270827	0.0676380363	-0.00852771	0.0373044	-0.029988799999999996	0.000340065	0.0008044189999999999	-0.000625355
0.03094047	-0.0612792356	0.0478239703	-0.0736649478	0.0100862864	-0.0103176607	0.0386616512	0.0104006067	-0.0772295986	-0.0304975321	0.0692934363	-0.00857183	0.0281798	-0.027664599999999998	0.000200163	0.000760575	-0.00042015
0.015881769999999996	-0.0533616806	0.0269441135	-0.0659934167	0.004975267	0.0164625041	0.0332636523	0.0096045951	-0.0776280263	-0.0282591448	0.07083715900000001	-0.010612700000000001	0.0297538	-0.024334599999999998	0.00024009099999999998	0.0006799169999999999	-0.00047830199999999995
0.06757293	-0.0588929024	0.0188512954	-0.042002306	0.0012977732	0.0384639623	0.0031229471	0.0088076158	-0.07799517339999999	-0.0259951375	0.07226671650000001	-0.00588547	0.0373521	-0.015212999999999999	-0.00013633299999999998	0.00104968	-0.000654631
0.042215133000000016	-0.051381363	0.0192036649	-0.0476200851	-0.0111463923	0.0198654646	-0.0166019869	0.0080097493	-0.078330892	-0.0237075627	0.07357980480000001	-0.008541099999999998	0.0394782	-0.0288791	9.15206e-06	0.0008279719999999997	-0.000546478
0.023254867000000002	-0.0520060192	0.0359785078	-0.0847677099	0.0153451094	0.0111207174	0.0103965031	0.0072110759	-0.0786350467	-0.0213984944	0.0747743077	-0.00855462	0.0373212	-0.0233487	0.000252133	0.0007937819999999999	-0.000580386
0.02669941	-0.0609899129	0.0355546979	-0.0479100288	0.0143318957	-0.0012282472	-0.0436897092	0.006411676	-0.07890751509999999	-0.019070026	0.07584830000000001	-0.0084904	0.0373291	-0.0271531	7.669519999999997e-05	0.00103108	-0.0006241080000000001
0.03240251	-0.053357884	0.0042107743	-0.0917086028	-0.0079614184	0.0136952338	0.0033172036	0.0056116301	-0.0791481873	-0.016724268400000002	0.0768000508	-0.0121065	0.0447125	-0.0261464	-0.000163289	0.000872967	-0.000614279
0.035490150000000005	-0.0494463829	0.0448115803	-0.05736830320000001	0.0315493209	0.0022132289	-0.0389085972	0.004811019000000001	-0.07935696639999999	-0.0143633485	0.0776280263	-0.011733	0.0373218	-0.0200563	0.000103726	0.000926035	-0.000726913
0.014854179999999996	-0.0485277133	0.0078902104	-0.0922118271	-0.0248414623	0.0344830458	-0.0105474729	0.0040099232	-0.0795337681	-0.0119894067	0.078330892	-0.00850586	0.03732340000000002	-0.029961500000000002	8.810819999999999e-05	0.000907248	-0.000726913
0.007982280000000012	-0.0604599891	0.0143052579	-0.07700241440000001	0.038363087	0.0082381055	-0.0254287628	0.0032084234000000003	-0.0796785214	-0.0096045951	0.07890751509999999	-0.00849584	0.0373135	-0.030057999999999998	5.0233999999999994e-05	0.0008606289999999999	-0.0006540890000000001
0.017893020000000006	-0.027796627400000003	0.0131164447	-0.0558477179	-0.016517417	0.0207622329	0.0034933415	0.0024066004	-0.0797911678	-0.0072110759	0.07935696639999999	-0.00851558	0.037318800000000006	-0.023381799999999998	9.83456e-05	0.0007577289999999997	-0.000726913
0.016052884999999996	-0.0407366546	0.025037366	-0.0657956772	0.032536908	-0.000275875	0.0166232351	0.001604535	-0.0798716619	-0.004811019000000001	0.0796785214	-0.008508039999999998	0.0373186	-0.0380147	9.725969999999999e-05	0.0007848879999999998	-0.000726913
0.024420125	-0.0631742055	0.0339908626	-0.0497670914	-0.0134999135	0.0356003524	0.0248490794	0.0008023078999999999	-0.0799199714	-0.0024066004	0.0798716619	-0.015104300000000001	0.0372951	-0.0379889	0.000280831	0.0008420469999999997	-0.0006121519999999999
0.03902479	-0.0677504159	0.0302269393	-0.074763226	0.0366643402	-0.002738424	0.0909408679	0.0	-0.0799360767	-0.0	0.0799360767	-0.014565999999999999	0.0334326	-0.022907499999999997	3.49292e-05	0.000984115	-0.000615034
0.05040210000000001	-0.0516165335	-0.0021973627	-0.0344903162	-0.0253458873	0.0689018097	0.0553689546	-0.0008023078999999999	-0.0799199714	0.0024066004	0.0798716619	-0.00847744	0.034455300000000015	-0.037962	0.00046173199999999996	0.000961587	-0.00073043
0.03354482	-0.0752092332	0.0134302555	-0.0843083377	0.032955636600000004	-0.0037609353	0.0397440851	-0.001604535	-0.0798716619	0.004811019000000001	0.0796785214	-0.00848366	0.0373211	-0.038006599999999995	0.000100802	0.00108926	-0.000606469
0.02678559	-0.0891723575	0.0294823456	-0.0630763086	0.0150026768	0.0681375572	0.042185743	-0.0024066004	-0.0797911678	0.0072110759	0.07935696639999999	-0.0170527	0.0372953	-0.0345329	0.00028605	0.00105623	-0.000682532
0.036523900000000005	-0.07552881360000001	0.0003662296	-0.0880908722	0.0125504045	0.007038010500000001	0.0703483229	-0.0032084234000000003	-0.0796785214	0.0096045951	0.07890751509999999	-0.0153687	0.031467400000000006	-0.019301699999999998	0.000252372	0.0009392510000000002	-0.000807491
0.05232227	-0.0783695323	0.0476447554	-0.0306384849	0.0045175347	0.0639869658	0.0752870968	-0.0040099232	-0.0795337681	0.0119894067	0.078330892	-0.00856548	0.0373038	-0.040593199999999996	0.00043844099999999997	0.000914863	-0.000650125
0.02023841	-0.0834938969	0.0190823454	-0.0967525042	-0.005736324100000001	-0.0349027512	0.0393929954	-0.004811019000000001	-0.07935696639999999	0.0143633485	0.0776280263	-0.00859639	0.0316024	-0.038122500000000004	0.000394821	0.00104792	-0.0007141560000000001
0.02187713	-0.100841166	0.0471210339	-0.0319143174	0.0142599879	0.0734216835	0.076325643	-0.0056116301	-0.0791481873	0.016724268400000002	0.0768000508	-0.008616419999999998	0.037292	-0.0383075	0.00047862400000000003	0.0008679459999999998	-0.0006582830000000001
0.029179060000000007	-0.0743508741	-0.000842073	-0.0888729548	0.0148119596	-0.007708928100000002	-0.0024373809	-0.006411676	-0.07890751509999999	0.019070026	0.07584830000000001	-0.00514486	0.0372924	-0.0321199	0.00044125	0.00110479	-0.000542111
0.16365485	0.1457732137	0.098261871	0.1503501619	-0.0156721582	0.0314220709	0.0916659349	-0.0072110759	-0.0786350467	0.0213984944	0.0747743077	-0.00184308	-0.00401842	0.0122015	0.0007421129999999998	0.000639147	0.00018580000000000002
0.10328197	0.1286005774	0.0667456703	0.128322571	-0.0266468315	-0.12646589630000002	0.0841063475	-0.0080097493	-0.078330892	0.0237075627	0.07357980480000001	-0.00141638	0.0218328	-0.012451299999999998	0.000496959	0.0007986999999999997	-0.0004565180000000001
0.03939657	0.1175347613	-0.013875605	0.143022804	0.0784238397	0.0344131535	-0.0764414058	-0.0088076158	-0.07799517339999999	0.0259951375	0.07226671650000001	-0.0103819	0.00800297	-0.009577080000000005	0.00046250400000000003	0.000558615	-0.0004565180000000001
0.038478419999999985	0.1117789291	-0.0431639013	0.0718144282	-0.1185274964	-0.0551216921	-0.0032370278	-0.0096045951	-0.0776280263	0.0282591448	0.07083715900000001	-0.00843898	0.015408400000000001	-0.0178204	0.00039293199999999997	0.0008048989999999997	-0.000558397
0.04875842	0.1123227557	-0.0587228014	0.1097714741	0.150623599	-0.0502238777	-0.0662482381	-0.0104006067	-0.0772295986	0.0304975321	0.0692934363	-0.010504800000000002	0.025371599999999998	-0.023802	0.00039293199999999997	0.0005444219999999999	-0.0009128760000000001
0.03430917	0.0944049738	-0.032923235499999995	0.1193088453	-0.1340735191	0.0410002683	0.0142359718	-0.0111955706	-0.0768000508	0.03270827	0.0676380363	-0.00504138	0.033407099999999995	-0.021286799999999998	0.000222642	0.0007400329999999999	-0.0009128760000000001
0.04366612	0.0913059555	-0.0239945797	0.0726732522	0.0675461712	-0.1076863788	-0.009421147	-0.0119894067	-0.0763395561	0.0348893543	0.065873627	-0.0133168	0.0270997	-0.0115744	0.000447562	0.000664373	-0.0008260379999999998
0.06135805	0.052469471100000005	0.0282758335	0.0903932483	-0.0708515567	0.0374484112	-0.0004955511	-0.0127820349	-0.07584830000000001	0.037038807400000005	0.06400305190000001	-0.018181799999999998	0.033414599999999996	-0.0246298	0.000188245	0.00048361	-0.0005236630000000001
0.06097458499999999	0.022460089	0.027424519900000003	-0.0158327966	-0.013279471200000002	-0.0868214248	-0.0031248262	-0.0135733754	-0.0753264804	0.0391546809	0.0620293259	-0.0150846	0.0597679	-0.00747689	8.73525e-05	0.00063304	-0.00048656199999999995
0.045678135	0.0382421715	0.0329624188	0.0265454037	-0.0014961872	0.0545326246	-0.07093128679999999	-0.0143633485	-0.0747743077	0.0412350562	0.059955629800000014	-0.0136877	0.0495695	-0.0199868	0.000300156	0.000626995	-0.000699172
0.03167325	0.0600473689	-0.0088377288	0.0327962066	-0.0451617472	-0.055289175	-0.0417477457	-0.0151518747	-0.0741920043	0.0432780475	0.0577853059	-0.013515000000000001	0.041718	-0.00608695	0.000300156	0.0005489469999999999	-0.000582236
0.024391075	0.0671935492	0.0192984806	0.0502058864	0.0282705998	0.0142110359	-0.1135458132	-0.0159388744	-0.07357980480000001	0.0452818024	0.0555218517	-0.0149811	0.0387275	-0.00968506	1.61727e-05	0.000586295	-0.0005876319999999999
0.035349255	0.0570553996	-0.0285514635	0.0110163498	-0.0141052515	-0.0715270378	-0.1307592769	-0.016724268400000002	-0.072937956	0.0472445043	0.0531689154	-0.0177393	0.0439944	-0.00542122	0.000157114	0.000797767	-0.000478839
0.02089848	0.06776034480000001	-0.0201720171	0.0601594585	0.0074655528000000014	0.0292685767	-0.1368399385	-0.0175079777	-0.07226671650000001	0.0491643739	0.0507302891	-0.00925943	0.04169880000000002	-0.00682363	0.000227937	0.000717382	-0.000455635
0.02412014	0.0780436183	-0.0368975023	0.0084955624	-0.0506149943	-0.0930440386	-0.1025080184	-0.0182899231	-0.0715663568	0.0510396705	0.0482099028	-0.0105675	0.0417043	-0.0212411	0.000373061	0.0007297839999999999	-0.00044537900000000003
0.031936415	0.0534213426	-0.0146103075	0.0374235334	0.0896568084	-0.0101033044	-0.0989159262	-0.019070026	-0.07083715900000001	0.052868694	0.0456118188	-0.0150674	0.04170530000000002	-0.012541799999999999	8.019669999999997e-05	0.000648812	-0.000444491
0.034474165	0.0255250803	-0.015352501299999996	-0.0399310572	-0.0602210019	-0.011506641399999998	-0.0430417258	-0.0198482077	-0.0700794171	0.0546497862	0.0429402241	-0.015248099999999999	0.0539428	-0.016364300000000002	0.000369908	0.0006118030000000001	-0.00048244
0.029995209999999994	0.0504525207	0.0057446676	0.0501690532	0.0929028237	-0.0428791834	0.0156114354	-0.0206243899	-0.0692934363	0.05638133240000001	0.0401994245	-0.015451300000000001	0.038886800000000006	-0.00912244	0.000415746	0.0007031580000000001	-0.00046975
0.04051366	0.0356909818	0.0018559219	0.0661033643	-0.042995972400000006	0.0637253128	0.0093463748	-0.0213984944	-0.0684795334	0.0580617626	0.0373938371	-0.0156876	0.047780300000000005	-0.020987099999999998	0.000311256	0.00060982	-0.0006623060000000001
0.021763225	-0.0019555103	0.0019436145	-0.014474283	-0.036366156600000005	-0.0882838313	0.0612686148	-0.0221704431	-0.0676380363	0.0596895534	0.0345279838	-0.014977299999999999	0.0482848	-0.0223301	8.17805e-05	0.0007407269999999999	-0.00063858
0.02760687000000001	0.0051589501	0.03948039	0.0271089081	0.0205957204	0.0802105236	-0.0200244076	-0.0229401584	-0.0667692842	0.0612632291	0.0316064831	-0.0138678	0.0599075	-0.0118692	1.70851e-05	0.0007182810000000001	-0.000637446
0.03964175	0.0272417037	-0.017356308	-0.0076205701	-0.0693922283	-0.0405910918	-0.0040852377	-0.0237075627	-0.065873627	0.0627813628	0.0286340436	-0.015233000000000003	0.0490216	-0.0324957	8.04361e-05	0.00074609	-0.000593323
0.02268781	0.008487371700000001	-0.0015736088	0.0146547635	0.0972120149	0.0008346905000000001	-0.0276495733	-0.0244725786	-0.06495142570000001	0.0642425783	0.0256154559	-0.017412200000000003	0.0510655	-0.0398122	-5.77931e-05	0.000690724	-0.000563954
0.065231795	0.0175359161	-0.0107921727	0.0264656186	-0.1041651529	0.0419756556	0.0171384356	-0.0252351292	-0.06400305190000001	0.06564555080000001	0.0225555848	-0.011755700000000001	0.0604745	-0.00958226	0.000192277	0.000657759	-0.00044826199999999994
0.04690541	-0.0189690757	0.017518601	-0.0243957676	0.0705997304	-0.0881553142	0.0191732811	-0.0259951375	-0.0630288878	0.0669890084	0.0194593619	-0.0143974	0.0494538	-0.0251694	7.291159999999998e-05	0.0008756389999999999	-0.00043239
0.03769622	-0.0074345476	-0.0036625873	-0.0197421134	-0.0430699353	0.0832378345	-0.0453734556	-0.026752527	-0.0620293259	0.068271733	0.0163317771	-0.0166562	0.0625165	-0.0331956	0.000212022	0.0007357189999999999	-0.00042445
0.04132115	0.0095913026	-0.0364155452	-0.0449084911	-0.0013699301	-0.0833166385	-0.0216196469	-0.0275072215	-0.061004769	0.06949256179999999	0.0131778711	-0.0129554	0.0521476	-0.019098300000000002	0.000102859	0.000738851	-0.000575238
0.02094893	0.0222576871	-0.0143265374	0.0016149839	-0.0030030156	0.0701850664	-0.0443921413	-0.0282591448	-0.059955629800000014	0.0706503878	0.0100027269	-0.00870952	0.053068399999999995	-0.0212838	0.000246763	0.0007716610000000001	-0.000670459
0.02308122999999999	0.0080129144	-0.0411936368	-0.0481564499	-0.0270151871	-0.0567332114	-0.0762347074	-0.0290082213	-0.0588823313	0.0717441615	0.0068114617	-0.010875	0.0596916	-0.0187298	0.00014554299999999999	0.000803282	-0.000568529
0.022225949999999987	0.0069676624	-0.0164603291	-0.0005970624	0.0297647298	0.0639077175	-0.1050021312	-0.0297543755	-0.0577853059	0.0727728912	0.0036092188	-0.010745999999999999	0.058788599999999996	-0.0302394	0.00018797	0.0007348899999999997	-0.000651397
0.01778045000000001	-0.0027561648	-0.0587065186	-0.0627425824	-0.0483924571	-0.0728043644	-0.0332881376	-0.0304975321	-0.0566649955	0.0737356442	0.000401159	-0.0106326	0.058269100000000004	-0.018846099999999998	0.000175542	0.0007985589999999999	-0.000690385
0.02662605	0.0112035136	-0.0277089611	0.0182372502	0.0747955266	0.0368073384	-0.0123638217	-0.0312376164	-0.0555218517	0.0746315476	-0.0028075473	-0.010521299999999999	0.057954999999999986	-0.0284394	0.000266272	0.000669566	-0.0008028089999999999
0.03311302	-0.0022388753	-0.0430368264	-0.0180080023	-0.099015042	-0.0022211644	-0.0160674705	-0.0319745538	-0.0543563352	0.0754597894	-0.0060117288	-0.00135508	0.0578336	-0.023410900000000002	0.00040782	0.000848577	-0.00074743
0.06054787	-0.0022908432	-0.0091725011	0.0055110568000000006	0.1162795524	0.0169126237	0.01396199	-0.03270827	-0.0531689154	0.0762196185	-0.0092062214	-0.0152869	0.044111199999999996	-0.022167	8.4756e-05	0.000940312	-0.0005292340000000001
0.0449217	0.0030275542	-0.0404842087	-0.014120351	-0.06277218679999999	0.030223704	-0.0441289863	-0.0334386912	-0.051960071	0.07691034599999999	-0.0123858767	-0.0107529	0.05711090000000001	-0.0233658	0.00022087799999999998	0.0007702209999999998	-0.000746805
0.025461599999999997	-0.0005437447	-0.0230956479	-0.0065604207	0.0647156284	-0.0140794573	0.017270066100000002	-0.0341657437	-0.0507302891	0.07753134589999999	-0.0155455703	-0.011917299999999999	0.050712400000000005	-0.0277503	0.000174997	0.000649705	-0.000850692
0.027074600000000008	-0.0013945553	-0.0380803377	-0.0280441034	-0.0543403331	0.0550148082	-0.030747647000000006	-0.0348893543	-0.0494800651	0.078082055	-0.0186802098	-0.012058200000000002	0.0583568	-0.032065699999999996	0.000225413	0.0007466139999999999	-0.000698539
0.01585305000000001	-0.0270183446	-0.0285107369	-0.0220045596	0.0361932848	0.0179473753	0.0110122733	-0.035609450099999995	-0.0482099028	0.0785619741	-0.0217847431	-0.012601799999999998	0.0505039	-0.030286900000000002	0.00019907	0.0007413829999999998	-0.00078052
0.03231895	-0.0082784607	-0.0567803801	-0.008789490799999999	-0.02690426	0.0113915603	-0.0209980081	-0.0363259585	-0.0469203142	0.0789706681	-0.0248541669	-0.014565100000000001	0.05475	-0.0317253	0.00055839	0.0008432459999999998	-0.00074828
0.03679865	-0.0022903447	-0.0355483261	-0.004116504799999999	0.0836806365	0.0030427892	-0.013637523899999998	-0.037038807400000005	-0.0456118188	0.0793077664	-0.0278835343	-0.0117362	0.051137699999999994	-0.0315058	0.00020444700000000002	0.00103016	-0.000810182
0.05371607000000001	-0.0123015623	-0.0115748135	-0.0218214428	-0.0462635197	0.0237095587	-0.0404782191	-0.037747925	-0.0442849438	0.0795729635	-0.030867963	-0.00924378	0.05564680000000001	-0.0245945	0.000490189	0.000893648	-0.00043637099999999996
0.05312417	-0.0198109441	-0.0449702882	-0.014726509	0.0925334078	-0.0051498531	0.0165670786	-0.038453239900000005	-0.0429402241	0.0797660189	-0.0338026431	-0.0117664	0.044074	-0.0266279	0.000385573	0.000734865	-0.0009128789999999999
0.0208555	-0.0321592433	-0.0244838533	0.0059112043	-0.0529188501	0.0589311962	-0.018940093600000003	-0.0391546809	-0.0415782013	0.0798867576	-0.0366828449	-0.0110346	0.0497157	-0.0349413	0.000311932	0.0006851339999999999	-0.0009128789999999999
0.04972795	-0.0390745892	-0.015441767	-0.0082180805	0.08212910450000001	-0.051547151500000006	0.1031255434	-0.0398521774	-0.0401994245	0.07993507009999999	-0.0395039266	-0.019853700000000002	0.0440978	-0.0300295	0.000174313	0.00090574	-0.000663521
0.034514199999999995	-0.0149141284	-0.0365198025	-0.0015730921	-0.0409224492	0.0789073007	0.0377728806	-0.0405456591	-0.038804449	0.0799109126	-0.0422613414	-0.0152349	0.0521352	-0.0322864	0.000223729	0.0008124919999999999	-0.0009128789999999999
0.0249965	-0.0180016268	-0.0237687759	-0.0209285459	0.0245773628	-0.0909299501	0.080541729	-0.0412350562	-0.0373938371	0.0798143071	-0.0449506455	-0.018493700000000002	0.0440901	-0.033041900000000006	0.000359935	0.00080103	-0.000801805
0.02111485	-0.0266849076	-0.0173144965	-0.0022558198	0.0006675495	0.1129586294	-0.0229252357	-0.0419202993	-0.0359681572	0.079645341	-0.0475675045	-0.0156269	0.0479922	-0.0258505	0.000248837	0.000779009	-0.000791833
0.021087599999999998	-0.0303314853	-0.0070576165	-0.0367312151	-0.0350743232	-0.0941139706	0.0593864096	-0.0426013192	-0.0345279838	0.0794041677	-0.050107701	-0.018553	0.0440787	-0.024782299999999997	0.00029958599999999996	0.0008708099999999999	-0.0009128789999999999
0.028617350000000007	-0.018791475	-0.011570738600000002	0.0308884843	0.0607215225	0.1188839988	0.0264478183	-0.0432780475	-0.0330738971	0.07909100570000001	-0.052567141100000006	-0.013056899999999998	0.046345599999999994	-0.0234345	0.000382493	0.000698307	-0.0010475999999999999
0.0403603	-0.0354017357	-0.0208756394	-0.0200968192	-0.0780406847	-0.0459370874	0.0575901167	-0.0439504158	-0.0316064831	0.0787061389	-0.0549418609	-0.0173419	0.05057709999999999	-0.0397401	0.000397335	0.0008060989999999999	-0.00085947
0.010415199999999998	-0.0829143359	0.0677596514	-0.0031866752	0.0945653119	0.0448007056	0.1124559553	-0.044618356500000005	-0.0301263332	0.0782499164	-0.0572280333	-0.019161599999999997	0.0499119	-0.0397574	0.000347915	0.000731711	-0.0008250179999999997
0.03326175	-0.0469731811	0.0175336851	-0.01866305	-0.0841850141	0.0007824246000000001	0.08267626389999999	-0.0452818024	-0.0286340436	0.0777227516	-0.0594219737	-0.015289700000000003	0.0564121	-0.0305401	0.000314813	0.000654625	-0.000988277
0.02555240000000001	-0.0479816178	-7.61497e-05	0.0073638947	0.0722109667	-0.0126613489	0.0559187546	-0.0459406864	-0.0271302159	0.0771251226	-0.0615201462	-0.012227300000000005	0.049363300000000006	-0.029561900000000002	0.00035556300000000004	0.000870639	-0.0009557810000000001
0.04521325	-0.07335964610000001	0.0239110058	-0.0239605882	-0.07538430730000001	0.0717174462	0.0275235015	-0.046594942400000006	-0.0256154559	0.07645757110000001	-0.0635191694	-0.011514000000000002	0.058867099999999985	-0.0397241	0.00013853799999999998	0.0007788829999999999	-0.000767883
0.03600655	-0.0437868957	0.0143522876	-0.0228713107	0.0338369958	-0.0463334208	0.0428741964	-0.0472445043	-0.024090374	0.0757207024	-0.06541582139999999	-0.010904899999999999	0.0635041	-0.021221200000000003	0.00021883799999999998	0.000826331	-0.0008852860000000002
0.04127435	-0.0278749715	0.005759205600000001	0.0212359162	0.0037038832	0.0913131639	-0.0214662666	-0.0478893067	-0.0225555848	0.0749151845	-0.06720704549999999	-0.0107943	0.055721900000000005	-0.0350654	0.000374482	0.000668025	-0.0009620830000000001
0.014375900000000004	-0.0474054572	0.0016305935	-0.0723220171	-0.0557499019	-0.05885012570000001	0.0115139812	-0.0485292848	-0.0210117067	0.0740417477	-0.06888995490000001	-0.0132661	0.053195400000000004	-0.033679400000000005	0.000268164	0.000642507	-0.000934087
0.02983475	-0.06490488030000001	0.0307868472	0.0017867549	0.0879066725	0.0343217493	0.0243037023	-0.0491643739	-0.0194593619	0.07310118389999999	-0.07046183730000001	-0.012822299999999998	0.0578985	-0.0220994	0.000470385	0.00069159	-0.0009232340000000002
0.036648199999999985	-0.0181082013	-0.021747983	-0.0069268188	-0.1039436629	0.0337469751	0.0379585578	-0.0497945101	-0.0178991758	0.0720943458	-0.0719201593	-0.0208233	0.0440716	-0.028978700000000007	0.000387355	0.0007650619999999997	-0.000920916
0.029502415	-0.0248377959	0.006496701	0.0274378366	0.0691149856	-0.0859956243	0.0131962879	-0.05041963	-0.0163317771	0.0710221462	-0.0732625707	-0.014102799999999999	0.0441145	-0.026931599999999997	4.68737e-05	0.0008275519999999997	-0.000931783
0.031250300000000016	-0.0367869321	0.026078817400000003	0.0270003053	-0.0560690755	0.0733136997	0.0364601548	-0.0510396705	-0.0147577975	0.0698855571	-0.0744869079	-0.0101817	0.0516717	-0.0345529	4.68737e-05	0.00102584	-0.000887057
0.056998865	-0.0211054386	0.0088890081	0.0008959949000000002	0.0026858892	-0.1196263471	0.0774808738	-0.0516545692	-0.0131778711	0.0686856091	-0.07559119780000001	-0.0100309	0.0372624	-0.020884	0.000323351	0.0007585899999999999	-0.000855387
0.02752616	-0.0001200223	0.0283544512	0.0449357542	-0.00682799	0.0662006811	0.0044491265	-0.0522642642	-0.0115926346	0.06742339	-0.0765736605	-0.008981589999999998	0.046130199999999996	-0.022455700000000002	0.000414331	0.0006575439999999999	-0.000984108
0.02127941	-0.0229773264	0.014428457	0.0045228277	-0.0671578357	-0.1071567005	-0.008405313000000001	-0.052868694	-0.0100027269	0.0661000441	-0.0774327128	-0.014974200000000003	0.044077	-0.0186581	0.000458146	0.00075747	-0.0009391289999999999
0.03550670999999999	-0.0219354625	0.061156767	0.0216945063	0.0586588306	0.0595871938	0.001078838	-0.0534677978	-0.0084087885	0.0647167712	-0.07816697	-0.007974689999999998	0.0440946	-0.0295952	0.00024587	0.0006195619999999999	-0.000939995
0.04390331	-0.0037745144	0.0061796399	-0.0072878043999999986	-0.0499792443	-0.0489213814	0.0398766278	-0.0540615151	-0.0068114617	0.0632748254	-0.0787752489	-0.0129999	0.044057900000000004	-0.0160525	0.000479602	0.000754329	-0.00080252
0.020104250000000004	-0.0073463309999999985	0.0049829787	0.0311920709	0.07374061059999999	0.007481163299999999	-0.0034201338	-0.0546497862	-0.0052113902	0.061775514	-0.079256569	-0.013512200000000002	0.0440708	-0.022021000000000002	0.000275522	0.0007754989999999999	-0.0007555589999999999
0.02471545	0.0006718364999999999	0.0189641397	0.003607475	-0.0819203757	0.0129414738	0.0064336533	-0.0552325519	-0.0036092188	0.0602201963	-0.0796101548	-0.0161083	0.0533158	-0.0174299	0.000310293	0.0008956259999999998	-0.000766326
0.029251799999999998	0.0070631797	0.0287764205	0.0112239256	0.0831515424	-0.0163378274	-0.0029375287	-0.0558097533	-0.002005593	0.0586102822	-0.0798354362	-0.0144924	0.0509609	-0.023678599999999998	0.000273603	0.000671952	-0.000886608
0.0440274	-0.0101755681	0.0584241513	0.0442019243	-0.1088701034	-0.0097573781	0.023013844	-0.05638133240000001	-0.000401159	0.0569472315	-0.0799320503	-0.018198500000000003	0.05781759999999999	-0.0397336	0.00026421400000000003	0.000515914	-0.000703843
0.05790386	0.0074559108	0.0756752327	-0.000920976	0.034445629900000004	-0.1135995753	0.0434320568	-0.0569472315	0.0012034366	0.0552325519	-0.0798998413	-0.00895244	0.0558582	-0.0165213	0.000133095	0.000616959	-0.000466285
0.04839060999999999	0.0186312648	0.0683819079	0.0330147987	-0.0093937367	0.0801529043	-0.0007459969	-0.0575073938	0.0028075473	0.0534677978	-0.0797388611	-0.012185	0.049569699999999994	-0.025546700000000002	0.000250908	0.0007990579999999997	-0.000763256
0.025099400000000004	0.0180764615	0.0427514597	0.005188616	-0.0394903886	-0.1203018475	0.0058581021	-0.0580617626	0.0044105266	0.0516545692	-0.0794493692	-0.014559	0.0502865	-0.0141543	0.000233366	0.000741887	-0.000625645
0.03617995	0.0307937243	0.06107723740000001	0.0629897858	0.0784288822	0.0004503709	-0.0019449218	-0.0586102822	0.0060117288	0.0497945101	-0.0790318321	-0.015747299999999995	0.0558268	-0.0345991	9.3367e-05	0.0007691599999999999	-0.000612786
0.03102587	0.0105541071	0.0238419278	-0.0021754123	-0.1186801845	-0.0075184456	-0.0768357794	-0.0591528974	0.007610508399999999	0.0478893067	-0.0784869228	-0.007889429999999998	0.0558081	-0.0254804	0.000214987	0.000623947	-0.0005990069999999999
0.05338912	0.0216675989	0.0483656999	0.0133206819	0.0858121741	-0.0283775935	-0.0090386626	-0.0596895534	0.0092062214	0.0459406864	-0.0778155195	-0.014453	0.050564	-0.0144582	0.000511444	0.0007057330000000001	-0.0008319489999999999
0.04313584	0.0508666733	0.0581674075	0.0797303897	-0.052152097300000005	0.0564954171	-0.0153264766	-0.0602201963	0.0107982247	0.0439504158	-0.0770187042	-0.00793186	0.048599699999999996	-0.0313	0.000305475	0.000583153	-0.0008595719999999999
0.028740009999999983	0.0077600152	0.0337652341	-0.0252650745	-0.0082261874	-0.1063820546	-0.0376947011	-0.0607447724	0.0123858767	0.0419202993	-0.0760977612	-0.00793627	0.058099800000000014	-0.03970119999999999	0.00019517799999999998	0.000575821	-0.000760515
0.01399989	-0.0132106015	0.0407703882	0.0117031625	0.0270517299	0.0755291389	-0.0371047486	-0.0612632291	0.0139685379	0.0398521774	-0.0750541746	-0.007885929999999998	0.058080999999999994	-0.0396986	0.000153488	0.000695836	-0.0008773729999999998
0.014862469999999997	0.0162380503	-0.005262246700000001	-0.0065731353000000005	-0.0550760746	-0.0854320024	0.0223720583	-0.061775514	0.0155455703	0.037747925	-0.07388962639999999	-0.00789515	0.0580819	-0.0283254	0.00015617799999999998	0.00073792	-0.000852564
0.031062265000000006	0.0239684579	0.0499951835	0.050837972300000006	0.07475685110000001	0.0378347539	-0.0344925606	-0.062281575599999986	0.0171163386	0.035609450099999995	-0.0726059935	-0.013767099999999999	0.053339	-0.0342471	3.55677e-05	0.0006821589999999999	-0.0009667069999999999
0.034021165000000006	-0.0187092922	0.0120052465	-0.0310633266	-0.0965414441	-0.0237046601	0.0104313767	-0.0627813628	0.0186802098	0.0334386912	-0.0712053446	-0.0121347	0.058051099999999994	-0.0323916	0.000279703	0.000841595	-0.000853855
0.046012484400000005	-0.0171204771	0.0452867029	-0.0075886991	0.11173087460000004	0.0101587913	0.0523400045	-0.0632748254	0.0202365536	0.0312376164	-0.06968993700000001	-0.014100299999999996	0.0502575	-0.0189954	-3.52688e-07	0.000667909	-0.000857255
0.0423488444	0.0163654146	-0.0053747351	0.0370791503	-0.1071554753	0.0260058432	0.0490330493	-0.0637619136	0.0217847431	0.0290082213	-0.0680622132	-0.00786274	0.047423900000000005	-0.032824599999999995	0.000291486	0.000725264	-0.0008970309999999998
0.02089846	0.0148636057	0.0162508076	-0.0164116581	0.101060727	-0.0764671206	0.0092018264	-0.0642425783	0.0233241543	0.026752527	-0.0663247964	-0.0169528	0.04857380000000002	-0.0338219	0.00021355	0.000779257	-0.000835736
0.040120471	0.0075629636	0.0268002805	0.0121998779	-0.0625070977	0.0904308064	-0.0253496055	-0.0647167712	0.0248541669	0.0244725786	-0.0644804868	-0.013077100000000001	0.060488099999999996	-0.0397	-3.979419999999998e-06	0.0006637910000000001	-0.0008717879999999998
0.02642657900000001	0.0136410037	0.0127667693	-0.057681011	0.0518828765	-0.071685597	-0.0251605351	-0.0651844444	0.0263741644	0.0221704431	-0.0625322567	-0.013574899999999999	0.0551634	-0.030430000000000002	-0.00011693299999999999	0.00074894	-0.0008432089999999999
0.032574465	0.0470777809	0.015247858700000004	0.05631153110000001	-0.0266649103	0.1073033066	-0.0606480987	-0.06564555080000001	0.0278835343	0.0198482077	-0.060483246	-0.00785396	0.052387	-0.0188446	5.37215e-05	0.000705267	-0.0008787160000000001
0.044747515	0.0636977221	-0.0267403302	-0.0114515987	-0.0172162802	-0.08803875900000001	-0.0445499387	-0.0661000441	0.0293816684	0.0175079777	-0.058336757	-0.0078767	0.0512229	-0.0266051	0.0004890609999999999	0.0005276619999999999	-0.000775657
0.05013469	0.0319175599	0.005438714399999999	0.0077530606	0.0550312783	0.0632258111	-0.0137999557	-0.0665478783	0.030867963	0.0151518747	-0.0560962492	-0.007880019999999998	0.055809500000000005	-0.0397031	-8.15364e-05	0.000541135	-0.000840522
0.043498400000000007	0.0369990189	-0.0127552996	-0.0403265562	-0.0073718729	-0.054485755700000006	-0.0064089306	-0.0669890084	0.0323418192	0.0127820349	-0.0537653335	-0.0149186	0.057601	-0.029333099999999997	0.000122591	0.0007392959999999999	-0.0007568439999999999
0.02147631	0.0632140447	-0.0267671958	0.0121951412	0.0468544078	0.0581385665	-0.0267347775	-0.06742339	0.0338026431	0.0104006067	-0.0513477665	-0.015982299999999998	0.0526533	-0.027099099999999997	6.11328e-05	0.000688228	-0.000908936
0.04343446000000002	0.048264789	-0.0460016885	-0.0098737516	-0.0288927021	-0.0307319568	0.0170799315	-0.0678509792	0.0352498461	0.0080097493	-0.0488474444	-0.013594499999999999	0.0575722	-0.0396796	0.00029037299999999997	0.000851043	-0.0008300459999999998
0.04817755	0.0726661981	-0.0001150536	0.0004721528	0.0611074825	0.0312507273	-0.0059996488	-0.068271733	0.0366828449	0.0056116301	-0.046268397	-0.0078694	0.038623000000000005	-0.039663800000000006	0.00012104100000000001	0.000654815	-0.000934235
0.040661450000000016	0.075510717	-0.0269509482	-2.1330900000000006e-05	-0.0404163441	0.004645900200000001	0.010887153899999998	-0.0686856091	0.0381010623	0.0032084234000000003	-0.0436147809	-0.00784745	0.0455101	-0.029818400000000002	0.00040802599999999997	0.000830673	-0.000949532
0.03817356	0.0678046225	-0.0247539856	-0.0030936617	0.049295629	-0.0023203023000000003	-0.0173482596	-0.0690925657	0.0395039266	0.0008023078999999999	-0.0408908726	-0.013098599999999998	0.0413418	-0.0328266	6.11328e-05	0.00076294	-0.00084924
0.06698184	0.058355901	-0.0397663158	-0.0166138158	-0.0172348695	0.0099576725	-0.0211082684	-0.06949256179999999	0.0408908726	-0.001604535	-0.0381010623	-0.00783667	0.044455	-0.0115262	0.00045184099999999997	0.00102438	-0.000943218
0.05688637000000001	0.0525786921	-0.0409287556	-0.0477355053	0.0300452308	0.0067353179	-0.0289077157	-0.0698855571	0.0422613414	-0.0040099232	-0.0352498461	-0.00499865	0.0386171	-0.027175400000000002	0.000169144	0.00071328	-0.00088579
0.03008703	0.0562447742	-0.0495556793	-0.0414929019	-0.0269982204	0.0030519651000000003	-0.0170807599	-0.0702715121	0.0436147809	-0.006411676	-0.0323418192	-0.00338942	0.0386045	-0.029648700000000007	0.000532858	0.0007132210000000001	-0.0007297249999999998
0.03482795	0.068205065	-0.0902028999	-0.0136926164	0.0163000094	0.0596613066	-0.036181601	-0.0706503878	0.0449506455	-0.0088076158	-0.0293816684	-0.00303117	0.046747000000000004	-0.036047	0.000370735	0.0007369609999999997	-0.00094244
0.02861529	0.04853258480000002	-0.0915318186	-0.059089478	-0.0344383938	-0.0025155534	-0.0125903957	-0.0710221462	0.046268397	-0.0111955706	-0.0263741644	-0.00710866	0.0468799	-0.0395969	0.000521062	0.000795205	-0.0007339109999999999
0.02641760000000001	0.0586072742	-0.0669616634	-0.0397812255	0.0276936826	0.0248142515	0.0021645962	-0.0713867496	0.0475675045	-0.0135733754	-0.0233241543	-0.007315559999999999	0.038599699999999994	-0.039613999999999996	0.000370735	0.000778535	-0.000925182
0.00890426	0.0515952214	-0.0731342046	-0.0477434315	-0.006758377800000001	0.012321632	-0.0183255218	-0.0717441615	0.0488474444	-0.0159388744	-0.0202365536	-0.00941747	0.0386036	-0.0396221	0.000370735	0.0006688260000000001	-0.0008990839999999998
0.015130770000000003	0.0661589919	-0.0759348603	-0.0554267883	0.0309716841	0.0451750456	-0.0205831962	-0.0720943458	0.050107701	-0.0182899231	-0.0171163386	-0.0073098999999999985	0.0385957	-0.0396045	0.00043936800000000004	0.000786075	-0.0009731560000000001
0.016602249999999995	0.0673793862	-0.07272706309999999	-0.0529055286	0.0139345799	0.017268226299999998	0.0424455253	-0.0724372672	0.0513477665	-0.0206243899	-0.0139685379	-0.0108797	0.038600699999999995	-0.0396161	0.000370735	0.0008778619999999997	-0.0008732589999999999
0.031513900000000004	0.0575856365	-0.0728290313	-0.1029452134	0.0210505961	0.0395167643	-0.0209129194	-0.0727728912	0.052567141100000006	-0.0229401584	-0.0107982247	-0.018135400000000003	0.047655	-0.039657300000000006	0.00020402200000000002	0.000833163	-0.0007814169999999999
0.019052650000000008	0.0632640354	-0.1061299429	-0.08695644400000001	0.0137814223	0.0562802586	0.0092102818	-0.07310118389999999	0.0537653335	-0.0252351292	-0.007610508399999999	-0.0176055	0.0449196	-0.0446143	0.00011602200000000001	0.000717632	-0.0007944929999999997
0.040999750000000015	0.0695488004	-0.1022865561	-0.08237601900000001	0.0242606114	0.032569532000000005	-0.0360635384	-0.0734221124	0.0549418609	-0.0275072215	-0.0044105266	-0.013685	0.0498816	-0.0367648	0.00042826199999999995	0.0008519819999999999	-0.000833258
0.034581299999999995	0.050427234	-0.0734018402	-0.0607177091	-0.020323892	0.0484684764	0.022970142	-0.0737356442	0.0560962492	-0.0297543755	-0.0012034366	-0.010482300000000002	0.0385856	-0.0519766	0.00047579400000000003	0.000834835	-0.000865995
0.03485535	-0.0003717391	-0.05726363650000001	-0.0718305576	0.0034237785	0.0340984989	-0.0134647204	-0.0740417477	0.0572280333	-0.0319745538	0.002005593	-0.013336700000000005	0.0329995	-0.0549879	0.000195406	0.000815548	-0.0006975989999999999
0.03728724	-0.0132010705	-0.0579659097	-0.062345469	-0.0012980382	0.0570909017	0.0186042411	-0.0743403923	0.058336757	-0.0341657437	0.0052113902	-0.007378509999999999	0.0465376	-0.0472939	0.000296928	0.0008320310000000001	-0.000613665
0.042214674999999986	-0.0182427942	-0.0641086831	-0.0631916579	0.026504323	0.0039042273	-0.0075306047	-0.0746315476	0.0594219737	-0.0363259585	0.0084087885	-0.000765085	0.0409082	-0.058102999999999995	0.00034919599999999997	0.00104865	-0.000728033
0.03345450499999999	-0.0595004813	-0.0054840215	-0.015440572	-0.0245453243	0.0194802182	0.0137303285	-0.0749151845	0.060483246	-0.038453239900000005	0.0115926346	-0.00765194	0.0409051	-0.0636022	0.00037272900000000003	0.000800433	-0.000578476
0.015834209999999998	-0.08809072800000001	-0.0087781909	-0.0038896936	0.029329285	4.431e-06	0.0356792802	-0.07519127440000001	0.0615201462	-0.0405456591	0.0147577975	-0.0101789	0.0439133	-0.06355830000000001	0.000538695	0.000769887	-0.000569885
0.014927060000000002	-0.0859759383	-0.0024968111	0.0061035744	0.0061940678	-0.0087836714	0.031217947000000006	-0.0754597894	0.0625322567	-0.0426013192	0.0178991758	-0.00556409	0.0468004	-0.063549	0.000563426	0.0008440509999999999	-0.0006193069999999999
0.030539070000000005	-0.0978554868	0.0150249784	0.0246309777	-0.0109816851	-0.0189924828	0.0248672745	-0.0757207024	0.0635191694	-0.044618356500000005	0.0210117067	-0.00515292	0.0356641	-0.07715119999999999	0.000582222	0.000809666	-0.0005647
0.037262390000000006	-0.1505997614	0.109693197	0.0975933481	0.0075496773	-0.0521193744	-0.0386806615	-0.0759739873	0.0644804868	-0.046594942400000006	0.024090374	-0.00611221	0.0317031	-0.0722995	0.000776908	0.000716943	-0.000302301
0.042269806999999986	-0.1505319392	0.1174667633	0.1207995732	-0.0450478965	-0.0325058405	-0.0710088016	-0.0762196185	0.06541582139999999	-0.0485292848	0.0271302159	-0.000527103	0.0331824	-0.07811660000000001	0.000555321	0.00054229	-0.000110775
0.023554587000000002	-0.160329778	0.1192428567	0.1042690292	-0.0331077	-0.0670879744	-0.059748791	-0.07645757110000001	0.0663247964	-0.05041963	0.0301263332	-0.00337534	0.0381818	-0.08007749999999997	0.000616371	0.000564635	-0.000302301
0.05489679	-0.17247051289999998	0.140198561	0.1450151072	-0.0454644754	-0.0322582878	-0.0928768048	-0.0766878214	0.06720704549999999	-0.0522642642	0.0330738971	0.00386315	0.046149699999999995	-0.0928433	0.000937007	0.0005135869999999999	-0.00013549299999999998
0.011908149999999987	-0.17300955969999998	0.1380621919	0.1538171435	-0.0273580954	-0.0930964358	-0.0713194119	-0.07691034599999999	0.0680622132	-0.0540615151	0.0359681572	0.00399419	0.04891	-0.09318560000000001	0.000966665	0.000572447	-5.05208e-05
0.015533759999999994	-0.1525560032	0.1027368352	0.1423215278	-0.0319551802	-0.0349191681	-0.0365212653	-0.0771251226	0.06888995490000001	-0.0558097533	0.038804449	0.00216894	0.0498126	-0.091166	0.0008736259999999999	0.000554228	-0.00015498899999999996
0.030723759999999992	-0.14126284320000002	0.05965195860000001	0.100527435	-0.014426852	-0.08392282640000001	-0.0283118331	-0.0773321295	0.06968993700000001	-0.0575073938	0.0415782013	0.00317075	0.0512393	-0.0791159	0.000793168	0.0006513609999999999	-0.000302301
0.019858009999999995	-0.13070399900000002	0.08771890289999999	0.1148513787	-0.0167521162	0.005875199300000001	-0.0318707414	-0.07753134589999999	0.07046183730000001	-0.0591528974	0.0442849438	-0.00139856	0.0529872	-0.08254989999999998	0.000863303	0.000615076	-0.000206585
0.030399440000000014	-0.1265586878	0.0601464901	0.0861891573	-0.0061555082	-0.08954225730000001	-0.0507975695	-0.0777227516	0.0712053446	-0.0607447724	0.0469203142	-0.0102301	0.0453791	-0.0850284	0.0007620749999999998	0.0007065169999999999	-0.00024354200000000002
0.06040035000000001	-0.0755787119	0.0595921707	0.0469214781	0.0231730066	0.028908828	-0.0384165955	-0.0779063275	0.0719201593	-0.062281575599999986	0.0494800651	-0.0117331	0.0537716	-0.060001699999999984	0.00104688	0.000540518	-0.000302301
0.0645044	-0.0080961806	-0.0495690377	-0.0497919523	-0.06320771559999999	-0.0683620573	0.1564705473	-0.078082055	0.0726059935	-0.0637619136	0.051960071	-0.0108847	0.045041199999999997	-0.06876560000000001	0.000327766	0.0006942060000000001	-0.00035273300000000004
0.048645085	-0.0175211862	0.0187207291	0.0084815467	0.0805735415	0.0225188506	0.0015112987	-0.0782499164	0.0732625707	-0.0651844444	0.0543563352	-0.0127352	0.048335699999999995	-0.0649058	0.0007579539999999999	0.000724157	-2.00663e-05
0.054528285	-0.0234824221	-0.0142167161	-0.016267704299999998	-0.0900936158	0.019007748	0.0565339378	-0.0784098948	0.07388962639999999	-0.0665478783	0.0566649955	-0.0161477	0.0394507	-0.0561111	0.00105321	0.000955395	-0.000162294
0.03167587	-0.03622593	-0.0107332755	0.0296501058	0.0721218372	-0.049627559800000005	-0.000438493	-0.0785619741	0.0744869079	-0.0678509792	0.0588823313	-0.00980213	0.0448838	-0.0646418	0.00102077	0.000900512	-0.000302301
0.029815270000000005	-0.049278264800000006	0.0132624144	0.046140005	-0.0515098593	0.0506272979	-0.0074813342	-0.0787061389	0.0750541746	-0.0690925657	0.061004769	-0.0114319	0.040352099999999995	-0.06529349999999999	0.000969056	0.000579436	-0.000215049
0.012916309999999988	-0.055719836	-0.0017058063	0.029471446600000006	0.0332291973	-0.0955851018	-0.0345739283	-0.0788423748	0.07559119780000001	-0.0702715121	0.0630288878	-0.00968714	0.0405069	-0.06939889999999999	0.000935045	0.0005964	-0.000302301
0.01375151	-0.0440391366	-0.0087812489	0.050508401	-0.0522084455	0.0422551554	-0.023389383	-0.0789706681	0.0760977612	-0.0713867496	0.06495142570000001	-0.011072499999999999	0.0388641	-0.06852489999999999	0.000810973	0.000669315	-0.000302301
0.014003999999999996	-0.0452027013	-0.0188087155	0.018923907	0.0269109276	-0.1038699068	-0.0464100254	-0.07909100570000001	0.0765736605	-0.0724372672	0.0667692842	-0.0108571	0.0321055	-0.06343919999999999	0.0007863169999999999	0.000683545	-0.000302301
0.017900000000000006	-0.043922034000000006	-0.0087778758	0.0481327494	-0.0161233769	0.0344707314	-0.0743620886	-0.0792033756	0.0770187042	-0.0734221124	0.0684795334	-0.0126481	0.0420729	-0.061785	0.0008517689999999999	0.000659249	-0.000302301
0.02629195	-0.0429284999	-0.0431229331	0.026424683900000003	-0.0077856417	-0.0887265074	-0.0643795239	-0.0793077664	0.0774327128	-0.0743403923	0.0700794171	-0.016437799999999995	0.0368404	-0.0668568	0.000782742	0.0007312589999999999	-0.000405223
0.038904449999999986	-0.0245374654	-0.0369952372	0.0397380416	0.0128835334	0.05904548530000001	-0.0702553059	-0.0794041677	0.0778155195	-0.07519127440000001	0.0715663568	-0.0177023	0.0540386	-0.0555	0.000720687	0.000639976	-0.000433584
0.026512400000000002	0.0272583056	-0.1177210011	-0.0730739623	-0.0135672021	-0.0390507614	-0.0016007749	-0.0794925697	0.07816697	-0.0759739873	0.072937956	-0.019244400000000002	0.05069	-0.0473496	0.0006965960000000001	0.0007540289999999999	-0.000302302
0.037477300000000005	0.0419501187	-0.0947468389	-0.005977681899999999	0.0815047138	0.07477290639999999	-0.0564731613	-0.0795729635	0.0784869228	-0.0766878214	0.0741920043	-0.012832699999999999	0.0451073	-0.059199699999999994	0.000663917	0.000514053	-0.000302301
0.0434871	0.0189488572	-0.1251188863	-0.0501330454	-0.0238158424	-0.0149988066	0.0200109374	-0.079645341	0.0787752489	-0.0773321295	0.0753264804	-0.0176227	0.039225199999999995	-0.0634053	0.000903831	0.0008463260000000001	-0.000302302
0.05128200000000002	0.053570298	-0.0822117757	-0.0514668154	0.1133442867	0.0655347885	0.0480913924	-0.079709695	0.0790318321	-0.0779063275	0.0763395561	-0.021475599999999997	0.0378537	-0.045524300000000004	0.000581825	0.000811303	-0.000508805
0.055402800000000016	0.048822876900000006	-0.1411795622	-0.0384938921	-0.06943310330000001	0.0400199353	0.0930899917	-0.0797660189	0.079256569	-0.0784098948	0.0772295986	-0.0163312	0.0317257	-0.06348999999999999	0.0007986369999999999	0.000996669	-0.00038768900000000003
0.02362855	0.0106397031	-0.0797315794	-0.0149123853	0.0722433725	-0.0327457346	0.08691303369999999	-0.0798143071	0.0794493692	-0.0788423748	0.07799517339999999	-0.0194731	0.0285421	-0.05599830000000002	0.0007139339999999999	0.000996669	-0.000276165
0.025785249999999992	0.0266181723	-0.090206108	-0.0296923441	-0.0308953457	0.1066193141	0.0689710141	-0.0798545546	0.0796101548	-0.0792033756	0.0786350467	-0.0202386	0.0465438	-0.0572416	0.0007199960000000001	0.000996669	-0.000385598
0.033030149999999994	0.0722749678	-0.1163227577	-0.07636348059999999	0.0102220176	-0.0092555011	0.0576459715	-0.0798867576	0.0797388611	-0.0794925697	0.0791481873	-0.0152576	0.0488711	-0.05979320000000001	0.00043533199999999997	0.00115788	-0.00040312800000000016
0.067095	0.0923165194	-0.1341190264	-0.0557017158	0.022369619	0.0807860331	0.0329752803	-0.0799109126	0.0798354362	-0.079709695	0.0795337681	-0.0249899	0.0600216	-0.0528495	0.000131172	0.00105845	-0.0007849079999999999
0.42427835	0.4529029518	0.4602924176	-0.077966068	-0.0938408712	-0.0695346526	0.2185957606	-0.0799270173	0.0798998413	-0.0798545546	0.0797911678	0.0586861	-0.024953	-0.010638600000000002	0.00151049	0.0007972689999999998	0.00184293
0.32123255	0.3157566565	0.4163797523	-0.16264316939999998	0.0402381049	0.0899152864	-0.0105021008	-0.07993507009999999	0.0799320503	-0.0799270173	0.0799199714	0.0391302	0.07723630000000001	-0.0360684	-0.000841796	-0.000174526	0.002
