0.0	-0.0197238087	0.0283219617	0.0093357059	-0.0715947088	0.0581523554	-0.1035228742	0.07993507009999999	0.0799320503	0.0799270173	0.0799199714	0.019831799999999997	0.0182235	0.0392397	0.000493743	-0.000970133	0.000404848
0.060487099999999995	-0.0016576466	0.009491476	-0.0169610043	-0.060862829000000014	0.026478444500000003	-0.0666329719	0.0799270173	0.0798998413	0.0798545546	0.0797911678	0.0042953999999999996	0.0181632	0.0539738	0.000377265	-0.000615778	0.000272555
0.04616052550000002	-0.0117984912	-0.0009813984	0.0465540447	-0.0593029313	0.0003923967	-0.0246363904	0.0799109126	0.0798354362	0.079709695	0.0795337681	9.25245e-05	0.026215600000000002	0.034411300000000006	0.000279777	-0.0007309229999999998	0.000346777
0.0427291655	-0.0033117281	0.004713605300000001	0.0366551618	-0.0544778536	-0.0193431149	-0.005842541999999999	0.0798867576	0.0797388611	0.0794925697	0.0791481873	0.00347739	0.0135819	0.026025	0.00041400300000000003	-0.000615778	0.000229662
0.021520120300000004	-0.0123154287	0.00462296	0.0366117814	-0.0536225905	0.0131073227	0.051018527300000005	0.0798545546	0.0796101548	0.0792033756	0.0786350467	8.286969999999999e-05	0.0137035	0.040577499999999996	0.00041400300000000003	-0.000615778	0.00016063199999999996
0.024219699300000005	-0.0061118591	-0.0052467474	0.019865401	-0.0462400453	-0.0034731947	-0.0182179093	0.0798143071	0.0794493692	0.0788423748	0.07799517339999999	8.3119e-05	0.016202	0.0344043	0.000164003	-0.000615778	9.9677e-05
0.032467131	-0.0125218981	-0.0035315272	0.0124657497	-0.0489815499	0.0005857989	0.0098700376	0.0797660189	0.079256569	0.0784098948	0.0772295986	0.00519324	0.0142487	0.0468122	2.43384e-05	-0.000711418	7.50654e-05
0.02451048	-0.0043042776	-0.0106966821	0.0279941806	-0.0539918904	-0.0154043708	0.0345190782	0.079709695	0.0790318321	0.0779063275	0.0763395561	0.00605345	0.0147215	0.0406789	0.000314869	-0.0006787000000000001	5.743060000000001e-05
0.0289061698	-0.0043543637	-0.000958659	0.0025086126	-0.0077828087	0.0419542204	0.0159758586	0.079645341	0.0787752489	0.0773321295	0.0753264804	8.10102e-05	0.0168858	0.047887400000000004	0.000164003	-0.000615778	0.0
0.031239803599999998	0.0035365346	0.0046601052	-0.0075871785	-0.014629094	0.03271025	0.013732723999999998	0.0795729635	0.0784869228	0.0766878214	0.0741920043	8.10066e-05	0.0166363	0.0214461	0.00025498299999999997	-0.000615778	0.0
0.0830932781	0.0370101881	-0.0162018876	-0.0695604053	0.008741416600000001	0.0055452201000000005	0.0504924824	0.0794925697	0.07816697	0.0759739873	0.072937956	7.15574e-05	4.23211e-05	0.0641768	0.000164003	-0.00053553	-0.000303955
0.0635829898	0.0184730688	-0.0224132734	-0.0551574538	0.0491942734	0.0492950706	0.0499693114	0.0794041677	0.0778155195	0.07519127440000001	0.0715663568	-0.00702891	3.80987e-05	0.026486799999999998	0.000422467	-0.000466547	-0.000255636
0.0356215255	0.0151362679	-0.0160608166	-0.0687780783	0.0562780325	0.0645646619	0.0401864943	0.0793077664	0.0774327128	0.0743403923	0.0700794171	8.10155e-05	6.364869999999999e-05	0.029361599999999998	0.000315109	-0.000615778	0.0
0.062299724199999996	0.0401293649	-0.0172786756	-0.119615635	0.0361031743	0.055212238200000006	0.017939596999999998	0.0792033756	0.0770187042	0.0734221124	0.0684795334	-0.00541362	-0.00313924	0.0441778	0.000262353	-0.000102284	-0.00020947
0.043553599400000004	0.0330086033	-0.0199512396	-0.0890025717	0.027305784	0.0514800955	0.0213191117	0.07909100570000001	0.0765736605	0.0724372672	0.0667692842	0.00476929	5.6149399999999995e-05	0.0549605	0.000164003	0.000144564	-0.000166816
0.024794047900000005	0.0296736342	-0.020026406	-0.0732952579	0.0247405766	0.0160933139	-0.0906018798	0.0789706681	0.0760977612	0.0713867496	0.06495142570000001	0.0122509	6.0087299999999996e-05	0.046218800000000004	0.000164003	0.00014908399999999998	3.3087199999999996e-24
0.033906930099999996	0.0110009786	-0.0094880193	-0.0160676689	-0.0045299643	-0.028474061600000006	-0.0603531954	0.0788423748	0.07559119780000001	0.0702715121	0.0630288878	0.00369737	6.00872e-05	0.038802699999999996	0.000164003	-0.000209662	0.0
0.030349517800000007	0.0217816969	-0.0144074004	-0.0004569326	-0.016545269799999998	-0.0184180171	-0.0115767742	0.0787061389	0.0750541746	0.0690925657	0.061004769	0.00370147	0.00597235	0.0222886	7.35529e-05	-0.00027759299999999997	0.0
0.0287093583	0.0065681796	-0.0179012039	0.0148625039	-0.0131260134	-0.06134203780000001	0.00972268	0.0785619741	0.0744869079	0.0678509792	0.0588823313	-0.00508725	6.14067e-05	0.0228668	-0.000173179	-0.000255695	0.0
0.0494355887	0.004387799699999999	-0.0202925368	0.0120126373	-0.0186500843	-0.0495484563	0.0206440501	0.0784098948	0.07388962639999999	0.0665478783	0.0566649955	0.000579322	-0.00986937	0.021079900000000002	7.892679999999997e-05	-0.00047912599999999997	0.00016548999999999996
0.0955944944	0.0110327694	-0.0146644123	0.005957805	-0.0057082178	-0.06585757610000001	0.0127357389	0.0782499164	0.0732625707	0.0651844444	0.0543563352	-0.00466626	6.35124e-05	-0.0129499	-9.50254e-05	-5.09576e-05	-0.000160114
0.0535442753	0.012077225	-0.0201567452	-0.0171368623	-0.004267488	-0.0478167302	0.0311694961	0.078082055	0.0726059935	0.0637619136	0.051960071	0.00373303	6.28771e-05	0.0172143	-0.00012093299999999999	-0.000164539	0.0
0.032601202100000004	0.0194395617	-0.0201066058	-0.0221935153	0.010849173500000002	-0.0468767168	0.009954673	0.0779063275	0.0719201593	0.062281575599999986	0.0494800651	0.00372281	-0.0150107	0.020284200000000002	7.84131e-05	-0.00025414299999999997	0.0
0.046546945	0.014953402	-0.0320839696	-0.0175542749	-0.0269307529	-0.0899908185	0.0635983659	0.0777227516	0.0712053446	0.0607447724	0.0469203142	0.00373148	-0.00795458	0.017228900000000002	-0.00026090900000000003	-0.000418766	-0.00022459200000000002
0.02239662	0.01612724	-0.0214240958	-0.0204930968	-0.005728039599999999	-0.0608529642	0.0332618788	0.07753134589999999	0.07046183730000001	0.0591528974	0.0442849438	0.00372537	-0.00636237	0.017232400000000002	-0.000114777	-0.000463938	0.0
0.05567879000000001	0.0143753256	-0.0233644902	-0.042036572800000005	0.0025184564	-0.0889928073	-0.001530948	0.0773321295	0.06968993700000001	0.0575073938	0.0415782013	-0.008844289999999998	-0.012777799999999999	0.0172643	0.0005006	-0.000346079	0.0
0.0982472118	-0.0039549233000000005	-0.01988704	-0.0215313879	0.0366488188	0.0293261206	0.0674760616	0.0771251226	0.06888995490000001	0.0558097533	0.038804449	0.00372334	2.2831799999999997e-05	0.017291499999999998	-0.000425939	-0.00055651	-0.000320065
0.044859034299999996	0.002015323	0.0043604801	-0.028909899500000006	0.0515015422	0.0151877211	-0.0097055403	0.07691034599999999	0.0680622132	0.0540615151	0.0359681572	0.00860169	-0.0110755	0.0172851	-1.07795e-06	-0.000696278	-0.000332955
0.05732251250000001	0.0007643387	-0.0046720233000000005	-0.0338987268	0.055167337	0.05665661950000001	0.0202623336	0.0766878214	0.06720704549999999	0.0522642642	0.0330738971	0.015837	-0.007874899999999999	0.024988299999999998	-0.000451791	-0.000696278	0.0
0.039658356200000015	0.0004884917	0.0010981588	-0.0388006338	0.060950084400000014	0.0499169486	-0.0252059379	0.07645757110000001	0.0663247964	0.05041963	0.0301263332	0.017878599999999998	-1.68438e-05	0.0227106	-0.000619443	-0.00056094	-0.00024663
0.0373326738	0.0044798766	0.0043272312	-0.0007663103999999999	0.0265456403	0.027784669900000003	-0.0452368067	0.0762196185	0.06541582139999999	0.0485292848	0.0271302159	0.015271100000000001	0.00565133	0.0295981	-0.000680865	-0.000696278	0.0
0.01753987	-0.0043815577	-0.0007124158	0.0018943958	0.0185603152	0.006270992800000001	-0.04834466230000002	0.0759739873	0.0644804868	0.046594942400000006	0.024090374	0.013347	0.00537776	0.0257096	-0.000451791	-0.000696278	0.0
0.057062674638999986	0.007572407	0.0083065959	-0.005259574	-0.0085106587	-0.0147719752	-0.1082612189	0.0757207024	0.0635191694	0.044618356500000005	0.0210117067	0.0106402	8.85361e-07	0.0110892	-0.000294394	-0.00027891099999999996	-0.000112408
0.055229898060999996	0.0036344249	0.003640576	0.0157948574	-0.015211743	-0.0316166297	-0.0315474554	0.0754597894	0.0625322567	0.0426013192	0.0178991758	0.000194787	-1.78997e-05	0.0205322	-0.0005656190000000001	-0.000696278	-0.00013027
0.0256984356	-0.0084859054	0.0107811505	0.0506849775	-0.0269165411	-0.0288470448	0.0169298757	0.07519127440000001	0.0615201462	0.0405456591	0.0147577975	0.00567951	-2.25623e-05	0.017155199999999995	-0.000672042	-0.000796226	0.0
0.0373676396	-0.0007338091999999999	0.0181055391	0.05336586	-0.0024609904000000003	-0.0333967836	-0.0401874365	0.0749151845	0.060483246	0.038453239900000005	0.0115926346	0.009156170000000002	-1.4882699999999999e-05	0.00338695	-0.000567709	-0.0008043939999999999	-0.0002898
0.024519677099999998	-0.0169939852	0.0169654229	0.0400773558	-0.0178857223	-0.0322229707	-0.0298695364	0.0746315476	0.0594219737	0.0363259585	0.0084087885	0.000161615	-1.1930599999999999e-05	0.00864107	-0.000578916	-0.000943101	-0.000234353
0.0342410256	-0.0203557483	0.0030502358000000004	0.0509320304	-0.0116688508	-0.0276793862	0.0102061016	0.0743403923	0.058336757	0.0341657437	0.0052113902	0.00335084	0.00375149	0.00338549	-0.0008380439999999999	-0.00102044	-0.00033854199999999994
0.02256224545	-0.0148412041	0.0132242474	0.035702778500000004	-0.019649427	-0.0387596389	-0.0134883002	0.0740417477	0.0572280333	0.0319745538	0.002005593	0.00407286	-1.7954499999999997e-06	0.00176089	-0.00077453	-0.00100438	-8.88692e-05
0.05303531745	-0.0164562543	0.0280048294	0.0580289161	-0.008792564499999999	-0.051158490999999987	-0.0053548885	0.0737356442	0.0560962492	0.0297543755	-0.0012034366	0.000172918	0.00727351	0.00756347	-0.000995883	-0.000696278	-0.000280564
0.05323295199999999	-0.0195359063	0.0226632417	0.07916078230000001	-0.0036393864	-0.0356065815	0.0192806331	0.0734221124	0.0549418609	0.0275072215	-0.0044105266	0.007359069999999999	0.00328568	-0.00498395	-0.000942887	-0.00112733	-0.00038674699999999995
0.03254407	-0.0102222431	0.0261442436	0.0659416913	0.0057117242000000006	-0.0372197239	0.0201112991	0.07310118389999999	0.0537653335	0.0252351292	-0.007610508399999999	0.00644928	0.00344716	-0.0233532	-0.000942887	-0.00112733	-0.000124676
0.04786253099999999	-0.0349811514	0.0178540667	0.08189541759999999	0.016566543	-0.0193093488	0.015383723500000003	0.0727728912	0.052567141100000006	0.0229401584	-0.0107982247	0.000186979	0.00700639	-0.0193888	-0.00134763	-0.00112733	-0.000401465
0.04179442478	-0.0276630196	0.0066547622	0.06570262219999999	0.0225383306	-0.0177194343	0.0784271723	0.0724372672	0.0513477665	0.0206243899	-0.0139685379	0.000183217	-9.27278e-06	-0.023348400000000002	-0.0008030289999999999	-0.00112733	-0.00032975800000000004
0.03484870673	-0.0329945104	0.0106007077	0.0615928012	0.01936416	-0.0381737429	0.0487889978	0.0720943458	0.050107701	0.0182899231	-0.0171163386	0.00592978	-6.4790499999999986e-06	-0.0103227	-0.000950683	-0.00112733	-0.000503577
0.04975531805	-0.034143799700000005	0.0060207896	0.0483717497	0.0806050546	0.0176506383	0.1204151884	0.0717441615	0.0488474444	0.0159388744	-0.0202365536	0.000147891	0.014261200000000003	-0.0296389	-0.000950683	-0.00128807	-0.0005506280000000001
0.034902310500000006	-0.0169331134	0.0110242243	0.0129885919	0.0827826074	0.0594722718	0.0617556441	0.0713867496	0.0475675045	0.0135733754	-0.0233241543	0.000157637	-1.93145e-05	-0.022686500000000002	-0.000950683	-0.00112733	-0.000438175
0.05979705749999999	-0.0065423346	0.0167347737	-0.0314247439	0.076480203	0.0670874529	0.0637914509	0.0710221462	0.046268397	0.0111955706	-0.0263741644	0.0100605	0.00753147	0.007302409999999999	-0.000950683	-0.00137442	-0.000438175
0.03436239	-0.013941237	0.022396243	-0.0338283848	0.0817546759	0.0866618867	-0.0468432785	0.0706503878	0.0449506455	0.0088076158	-0.0293816684	0.0210902	0.013997299999999999	0.00279005	-0.000950683	-0.00112733	-0.000438175
0.0493209	-0.011247041299999998	0.0225619885	-0.0096661313	0.0422674334	0.0683028638	-0.0653211093	0.0702715121	0.0436147809	0.006411676	-0.0323418192	0.013731899999999998	0.023193099999999998	0.0147762	-0.0009506839999999999	-0.0007117180000000001	-0.000438175
0.05371769999999999	-0.0100996729	0.0203783058	0.0221784256	0.0153696627	0.0552455559	-0.0717819182	0.0698855571	0.0422613414	0.0040099232	-0.0352498461	0.017336899999999995	0.012349400000000005	0.015590799999999997	-0.00130416	-0.00112733	-0.000438175
0.018695850000000003	-0.0348582165	0.021987187400000004	0.0501561575	0.006570528199999999	-0.0015723484	-0.0326930171	0.06949256179999999	0.0408908726	0.001604535	-0.0381010623	0.0176108	0.010003100000000001	0.00365915	-0.00122128	-0.00112733	-0.000438175
0.0484323123	-0.029077994500000006	0.0158538824	0.0550137703	0.0265362171	0.0032182332	0.0311925286	0.0690925657	0.0395039266	-0.0008023078999999999	-0.0408908726	0.013743600000000005	-2.27323e-05	-0.00896428	-0.000782963	-0.00112733	-0.000438175
0.031484422299999995	-0.0137350132	0.0198626826	0.0389282433	0.0110066735	-0.0150987013	0.0114424336	0.0686856091	0.0381010623	-0.0032084234000000003	-0.0436147809	0.00793928	0.00200411	-0.00590132	-0.00109371	-0.00112733	-0.000337116
0.02725438	-0.0226194838	0.007573606700000002	0.0176550144	0.0091940079	-0.017573548999999997	0.0573494136	0.068271733	0.0366828449	-0.0056116301	-0.046268397	0.00979714	-0.00478288	-0.00254269	-0.0009506839999999999	-0.00102882	-0.00027363400000000003
0.032917383800000005	-0.0259173603	0.0139983919	0.0299825687	0.0082263752	-0.0092496389	-0.0574928488	0.0678509792	0.0352498461	-0.0080097493	-0.0488474444	0.0207296	-2.54162e-05	-0.0068229	-0.0009506839999999999	-0.0007789389999999998	-0.00026457
0.03405161620000001	-0.0350190741	0.017522529499999998	0.0495536457	0.0140674712	0.0082579175	0.046355886	0.06742339	0.0338026431	-0.0104006067	-0.0513477665	0.013701499999999998	0.0078265	-0.012052600000000002	-0.0009506839999999999	-0.000884172	-0.000438175
0.0579102834	-0.0285059598	0.025432301	0.0387347753	0.012296902	0.0261122655	-0.0139917142	0.0669890084	0.0323418192	-0.0127820349	-0.0537653335	0.013680000000000001	-2.2183400000000002e-05	-0.0358445	-0.000848298	-0.00130675	-0.000438175
0.0360918934	-0.0237382312	0.0244483596	0.0311378871	0.032912975899999995	0.0270599988	0.007009072	0.0665478783	0.030867963	-0.0151518747	-0.0560962492	0.013687399999999999	0.00483356	-0.0212166	-0.0008056149999999998	-0.00114096	-0.000314631
0.03908759	-0.0110814649	0.017862199199999998	0.0107617323	0.0265926332	0.0241495527	-0.0011957464	0.0661000441	0.0293816684	-0.0175079777	-0.058336757	0.0136833	0.0144679	-0.0196679	-0.00112045	-0.00126059	-0.000438175
0.02022429	-0.0079282564	0.0172963065	-0.0077602995999999985	0.017261591399999998	0.047952513200000005	-0.0004020903	0.06564555080000001	0.0278835343	-0.0198482077	-0.060483246	0.007342709999999999	0.0163599	-0.0200282	-0.00112045	-0.00114096	-0.000325177
0.05489656999999999	-0.0010364548	0.014470616499999997	-0.0060139194	0.0256363552	0.045540186	-0.011341521499999998	0.0651844444	0.0263741644	-0.0221704431	-0.0625322567	0.013684700000000001	0.0125206	0.00829968	-0.0013352	-0.00114096	-0.000438175
0.01014146	0.0038343556	0.0169354256	-0.0082441315	0.0063196285	0.0187122542	-0.0405668002	0.0647167712	0.0248541669	-0.0244725786	-0.0644804868	0.013684700000000001	0.0123799	0.00780492	-0.00152532	-0.00114096	-0.000438175
0.04475742	-0.0197073748	0.0173974846	0.0205805435	0.0006449245	0.0398825758	-0.0266460997	0.0642425783	0.0233241543	-0.026752527	-0.0663247964	0.017394299999999998	0.012978100000000001	-0.0048358	-0.00112045	-0.000989652	-0.000438175
0.06406305000000001	-0.0154646347	0.015903588700000002	0.0095357986	0.01295767	0.040899038	-0.0136209029	0.0637619136	0.0217847431	-0.0290082213	-0.0680622132	0.013677700000000001	0.011009399999999999	-0.017037599999999996	-0.00173931	-0.00114096	-0.000591526
0.026387850000000008	-0.0111102717	0.0142983046	0.005277328299999999	0.0340395259	0.0480559476	0.0559272267	0.0632748254	0.0202365536	-0.0312376164	-0.06968993700000001	0.013684100000000001	0.013464400000000001	-0.0119971	-0.00161045	-0.00096884	-0.000514787
0.04393246	-0.0076765198	0.009936789	-0.0103357066	0.0233619029	0.0584620994	-0.0310878857	0.0627813628	0.0186802098	-0.0334386912	-0.0712053446	0.0212507	0.00451672	-0.00493947	-0.00133712	-0.000840713	-0.000520541
0.03237326	-0.0076615218	0.007366221700000002	0.0060409159	0.0035703477	0.051217928	-0.0555516292	0.062281575599999986	0.0171163386	-0.035609450099999995	-0.0726059935	0.0224031	0.00284857	-0.00610668	-0.00167333	-0.000862735	-0.000311063
0.03108359	-0.0205295463	0.0184762631	0.025908867400000004	-0.0178534899	0.049606914800000006	-0.0563834981	0.061775514	0.0155455703	-0.037747925	-0.07388962639999999	0.0178222	0.00281655	-0.014402200000000004	-0.00148935	-0.000915145	-0.000438176
0.021238800000000002	-0.0144581203	0.0089811432	0.0485816596	-9.92265e-05	0.0262509959	-0.0179273665	0.0612632291	0.0139685379	-0.0398521774	-0.0750541746	0.016443099999999995	0.0037673999999999997	-0.024377799999999998	-0.00142069	-0.00102515	-0.000438176
0.028220400000000007	-0.0126133606	0.0286114198	0.0263782863	-0.0336511432	0.028281781800000006	-0.06607032480000001	0.0607447724	0.0123858767	-0.0419202993	-0.0760977612	0.017155199999999995	-0.00439665	-0.0243762	-0.00154068	-0.0007582869999999999	-0.000438176
0.02239682	0.0197965626	0.0202965766	-0.0273619185	-0.0271717196	0.012551136	0.0025138152	0.0602201963	0.0107982247	-0.0439504158	-0.0770187042	0.014238800000000001	-0.00431084	-0.00579014	-0.00154068	-0.000774458	-0.000438176
0.04862370999999999	-0.0007648828	0.0078328441	-0.0014146057	-0.0193176898	0.0167805491	-0.0080191028	0.0596895534	0.0092062214	-0.0459406864	-0.0778155195	0.014231200000000001	0.00309231	-0.0123491	-0.00142186	-0.00119799	-0.000287448
0.018323099999999985	0.0032409736	0.0203641828	0.0174777772	-0.0485204193	-0.0269089129	-0.041533552	0.0591528974	0.007610508399999999	-0.0478893067	-0.0784869228	0.014234700000000001	0.00310011	-0.0103662	-0.00154068	-0.00114096	-0.000438176
0.0	0.0007095779	0.0058515536	0.0142476405	-0.0188457521	-0.0024938943	0.0324779086	0.0586102822	0.0060117288	-0.0497945101	-0.0790318321	0.014234700000000001	0.00310011	-0.0103662	-0.00154068	-0.00114096	-0.000438176
0.0	0.018754987	0.0078793568	-0.01625093	0.0012685716	0.015960066000000002	0.0214733684	0.0580617626	0.0044105266	-0.0516545692	-0.0794493692	0.014234700000000001	0.00310011	-0.0103662	-0.00154068	-0.00114096	-0.000438176
0.045029870000000013	0.0137676681	0.0021581094	-0.0266246649	-0.0042513386	0.0016014741	0.0104598914	0.0575073938	0.0028075473	-0.0534677978	-0.0797388611	0.0179576	0.00309954	0.012272799999999999	-0.00144031	-0.000867982	-0.000438176
0.0385925816	0.0271272192	0.0057483813	-0.0681534843	-0.0294132044	0.0233087635	-0.037424955	0.0569472315	0.0012034366	-0.0552325519	-0.0798998413	0.0142363	-3.7981599999999996e-05	0.00333894	-0.00173349	-0.0010308	-0.000438176
0.06606821660000001	0.0604239281	-0.0229449302	-0.1080290082	-0.0359516042	-0.0166109815	-0.1120864068	0.05638133240000001	-0.000401159	-0.0569472315	-0.0799320503	0.0225381	0.000106935	-0.00928696	-0.00165004	-0.0006945	-0.000918338
0.056781515	0.0301790856	-0.0181492005	-0.0502592884	-0.0229952886	-0.049720893899999986	0.0026554368	0.0558097533	-0.002005593	-0.0586102822	-0.0798354362	0.014253900000000003	-0.00184594	-0.0196518	-0.00154068	-0.000943633	-0.000553239
0.044433380000000015	0.0257948214	-0.0245781907	-0.023599926	-0.0110838069	-0.0487369387	0.0086935764	0.0552325519	-0.0036092188	-0.0602201963	-0.0796101548	0.021964599999999997	-0.00760827	-0.031565800000000005	-0.00144277	-0.0007424079999999997	-0.00047144699999999995
0.02711588	0.0253077979	-0.0201241549	-0.0321804968	-0.0433862301	-0.063034263	-0.0364426189	0.0546497862	-0.0052113902	-0.061775514	-0.079256569	0.0213402	-0.00379494	-0.0260822	-0.00124257	-0.000823003	-0.0005345430000000001
0.034332470000000004	0.0332638582	-0.0219299276	-0.0193309913	-0.0412828083	-0.0683645858	0.0230537257	0.0540615151	-0.0068114617	-0.0632748254	-0.0787752489	0.012425799999999999	-0.00598021	-0.0404207	-0.00132068	-0.0007898929999999997	-0.00046787699999999995
0.03554318	0.0507286084	-0.0197011479	-0.0591930588	-0.0332582542	-0.0555912302	-0.044126867400000006	0.0534677978	-0.0084087885	-0.0647167712	-0.07816697	0.020040000000000002	-0.00597883	-0.026244	-0.00154552	-0.0007782089999999998	-0.00042938300000000003
0.03218462999999998	0.0547445404	-0.024441193	-0.08191830509999999	-0.0522860551	-0.0819099749	0.0225524956	0.052868694	-0.0100027269	-0.0661000441	-0.0774327128	0.0136238	-0.0030159	-0.019757900000000002	-0.00154952	-0.00104825	-0.00048173
0.02598768000000001	0.0529269595	-0.0214389269	-0.0850843345	-0.0452592568	-0.0892946053	-0.0104795704	0.0522642642	-0.0115926346	-0.06742339	-0.0765736605	0.017847599999999998	0.00311953	-0.0188702	-0.00140436	-0.00114096	-0.000538675
0.0518314	0.0622692301	-0.0298263506	-0.0501913746	-0.0606472282	-0.0817615751	-0.0239081914	0.0516545692	-0.0131778711	-0.0686856091	-0.07559119780000001	0.017861000000000002	0.00313978	-0.0100916	-0.00190424	-0.000839946	-0.000598164
0.04983069999999999	0.048583797000000005	-0.0394377309	-0.0693543987	-0.0524101375	-0.0670989953	0.0520438825	0.0510396705	-0.0147577975	-0.0698855571	-0.0744869079	0.013614500000000002	0.00312408	-0.0219553	-0.00155214	-0.00114096	-0.000619146
0.03912413000000002	0.0551286388	-0.0379400558	-0.0946897275	-0.0400848537	-0.07451895759999999	-0.0379126709	0.05041963	-0.0163317771	-0.0710221462	-0.0732625707	0.026219599999999996	0.00312285	-0.0223243	-0.00162959	-0.0007607319999999999	-0.000553848
0.02589962	0.0662645791	-0.0410054873	-0.0825162163	-0.0280697092	-0.0489241278	0.0411318584	0.0497945101	-0.0178991758	-0.0720943458	-0.0719201593	0.021897299999999998	-0.00392032	-0.013069299999999999	-0.00169375	-0.0007388319999999999	-0.000573371
0.036426867	0.054450732800000005	-0.0398522183	-0.072596923	-0.0422133986	-0.0653171946	-0.0425944028	0.0491643739	-0.0194593619	-0.07310118389999999	-0.07046183730000001	0.024296900000000003	-0.000910703	-0.0198625	-0.00196073	-0.00064366	-0.000451034
0.013410286999999995	0.0547063392	-0.0361855556	-0.0747722228	-0.0596907346	-0.08848862210000001	-0.0670763115	0.0485292848	-0.0210117067	-0.0740417477	-0.06888995490000001	0.020702500000000002	-0.00264974	-0.0232671	-0.00187365	-0.00064366	-0.000457399
0.04009775	0.0477766624	-0.049892899	-0.050004825	-0.099884262	-0.1103504053	-0.013437312	0.0478893067	-0.0225555848	-0.0749151845	-0.06720704549999999	0.0163661	0.00314031	-0.020569999999999998	-0.0016465999999999998	-0.00064366	-0.0007758329999999998
0.05324892000000001	0.0428663645	-0.0422259674	-0.0190719232	-0.0715924466	-0.1129329545	0.0178029486	0.0472445043	-0.024090374	-0.0757207024	-0.06541582139999999	0.0103084	0.00311714	-0.0410133	-0.0015630000000000002	-0.0009343289999999999	-0.000615607
0.03698238	0.04306770730000002	-0.043386134900000005	-0.026484139700000003	-0.0769129999	-0.1483779876	0.1044954819	0.046594942400000006	-0.0256154559	-0.07645757110000001	-0.0635191694	0.0104669	-0.00587014	-0.0410099	-0.00125299	-0.0011163	-0.000550924
0.062384000000000016	0.0165836636	-0.0226150738	-0.0240222615	-0.0242378864	-0.0545857282	0.0575491245	0.0459406864	-0.0271302159	-0.0771251226	-0.0615201462	0.0204382	0.00310611	-0.020849400000000004	-0.000838616	-0.0011163	-0.000499779
0.09219588	-0.0396922802	-0.007339639399999999	-0.007052284399999998	0.1079941923	0.040917374	0.1047441868	0.0452818024	-0.0286340436	-0.0777227516	-0.0594219737	0.0163043	-0.00404257	-0.064929	-0.00117287	-0.00135016	-0.0006683389999999999
0.07529241	0.0005743113	-0.0149773744	-0.0280208986	0.037657596	0.0223977833	0.0817648482	0.044618356500000005	-0.0301263332	-0.0782499164	-0.0572280333	0.021346	-0.00496718	-0.0311051	-0.00156653	-0.0011163	-0.000585815
0.03300858000000001	0.0035511115	-0.0306797446	-0.0258775941	0.058692793499999986	0.0289421424	0.0778670199	0.0439504158	-0.0316064831	-0.0787061389	-0.0549418609	0.016336199999999995	0.00316015	-0.0209977	-0.00146303	-0.0011163	-0.000677596
0.04564245999999999	0.027013314500000003	-0.0269016603	-0.0777889684	0.0203382017	-0.0096635179	0.009016763	0.0432780475	-0.0330738971	-0.07909100570000001	-0.052567141100000006	0.031050900000000006	-0.00050526	-0.03737530000000002	-0.00135197	-0.0011163	-0.000784231
0.08243159	0.0136156373	-0.0260068212	-0.0759190624	0.0578944919	0.06393812900000001	0.0733614228	0.0426013192	-0.0345279838	-0.0794041677	-0.050107701	0.0231915	0.00812797	-0.00974909	-0.00209558	-0.0011163	-0.0008068760000000001
0.06822222	-0.0121752867	0.0342945767	-0.0559615029	0.0041622156	0.1726804843	0.017709881599999998	0.0419202993	-0.0359681572	-0.079645341	-0.0475675045	0.034301099999999994	0.028209500000000002	0.0110508	-0.00181647	-0.0011163	-0.000761362
0.07397787	-0.0036139511	0.0382430147	-0.0385416361	-0.0561826761	0.1292864196	-0.0585833214	0.0412350562	-0.0373938371	-0.0798143071	-0.0449506455	0.031730400000000006	0.031250400000000005	0.00277683	-0.00152419	-0.000380639	-0.000587457
0.07805518	-0.0017081579000000002	0.0203592806	-0.0192067798	-0.0210917317	0.0845752617	-0.0143045523	0.0405456591	-0.038804449	-0.0799109126	-0.0422613414	0.0207265	0.0123297	-0.0168749	-0.00156009	-0.00089393	-0.0005670709999999999
0.0431015	0.0087564577	0.0201884004	-0.0362444283	-0.009681048	0.0721447959	-0.0360756174	0.0398521774	-0.0401994245	-0.07993507009999999	-0.0395039266	0.0188621	0.0104963	-0.0209395	-0.00193571	-0.00105949	-0.000732673
0.06649345	-0.0592340583	0.0094937906	0.05253036	0.0045314647	0.1204263378	-0.0655209564	0.0391546809	-0.0415782013	-0.0798867576	-0.0366828449	0.032186900000000004	0.0175232	-0.0167163	-0.00204742	-0.00152219	-0.000468712
0.0583514	-0.0772304238	0.0090747334	0.1261327511	-0.0315568319	0.0407956637	-0.0123206538	0.038453239900000005	-0.0429402241	-0.0797660189	-0.0338026431	0.023210599999999998	0.020452599999999998	-0.034224	-0.00216624	-0.0011163	-0.000522762
0.024654849999999992	-0.0742680148	0.0025203004	0.1362060722	-0.0373716552	0.0477671024	0.0158742226	0.037747925	-0.0442849438	-0.0795729635	-0.030867963	0.0232049	0.0262161	-0.051210000000000006	-0.00216624	-0.0011163	-0.000484769
0.03765485	-0.0594815476	-0.0005806514	0.1305548799	-0.0385230007	0.0224692216	0.0216696762	0.037038807400000005	-0.0456118188	-0.0793077664	-0.0278835343	0.0160776	0.023916299999999998	-0.0642052	-0.00243712	-0.0011163	-0.00051854
0.06921595000000001	-0.0541689782	0.0059506612	0.1185996781	-0.017547476399999998	0.0367833174	0.0009177223	0.0363259585	-0.0469203142	-0.0789706681	-0.0248541669	0.023192599999999997	0.026776400000000002	-0.0426522	-0.00189673	-0.000986574	-0.000602181
0.0353453	-0.0308275306	-0.00919565	0.0701181574	-0.011307072	0.0288845543	0.0487745608	0.035609450099999995	-0.0482099028	-0.0785619741	-0.0217847431	0.0231951	0.0227416	-0.031175599999999998	-0.00207086	-0.0011163	-0.0005094090000000001
0.0224149	-0.0252523047	-0.007349972	0.0569778921	-0.005682566700000001	0.0254945871	0.0162456855	0.0348893543	-0.0494800651	-0.078082055	-0.0186802098	0.023184599999999996	0.0179108	-0.032166200000000006	-0.00236565	-0.0011163	-0.000472539
0.036724949999999985	-0.0280451024	-0.0138188178	0.042119682	-0.0019016778	0.0411370675	0.0415936598	0.0341657437	-0.0507302891	-0.07753134589999999	-0.0155455703	0.0231732	0.015111700000000004	-0.029851599999999992	-0.00212653	-0.000995051	-0.000744167
0.04660314999999999	-0.0163988859	-0.0136909748	0.0378820469	0.0188723916	0.05325776	0.0256460545	0.0334386912	-0.051960071	-0.07691034599999999	-0.0123858767	0.0231803	0.020621599999999997	-0.0401354	-0.00261678	-0.0011163	-0.0007487149999999997
0.04234029999999999	-0.0292336332	-0.0093468803	0.0665940655	0.006212861	0.016865270800000002	-0.0086352579	0.03270827	-0.0531689154	-0.0762196185	-0.0092062214	0.023202700000000003	0.016044099999999995	-0.027177099999999996	-0.00236678	-0.0011163	-0.000503073
0.06780615000000001	-0.0241761539	-0.0126304356	0.0507571917	-0.0151164702	0.027926938	0.0227975356	0.0319745538	-0.0543563352	-0.0754597894	-0.0060117288	0.03273909999999998	0.0194613	-0.034906599999999996	-0.0018309	-0.00102437	-0.0008177239999999999
0.06951389999999999	-0.0439444997	-0.0141411076	0.0377588079	0.0505359746	0.0306699925	0.0807566762	0.0312376164	-0.0555218517	-0.0746315476	-0.0028075473	0.0231565	0.014887899999999999	-0.041279500000000004	-0.00222029	-0.0007689739999999999	-0.00048281
0.038840079999999985	-0.0231602168	-0.0023807898	0.0269195353	0.0449017926	0.045439209800000005	0.0522788038	0.0304975321	-0.0566649955	-0.0737356442	0.000401159	0.0332601	0.00658802	-0.038664300000000006	-0.00222029	-0.0011163	-0.000491912
0.04368473000000001	-0.0170628335	-0.0027628597	0.0348393841	0.0261429443	0.0150250826	-0.021948868	0.0297543755	-0.0577853059	-0.0727728912	0.0036092188	0.028901	0.0149017	-0.051052099999999996	-0.00197029	-0.0011163	-0.000614395
0.02755635	-0.0168510347	-0.0163230821	0.0370954023	0.0381723401	0.0219040694	0.0426405632	0.0290082213	-0.0588823313	-0.0717441615	0.0068114617	0.023180799999999998	0.0175956	-0.05239259999999999	-0.00222029	-0.0011163	-0.00050836
0.0419228	-2.63197e-05	-0.0080402973	0.0201586302	0.012830118400000002	0.0052487254	-0.0351467052	0.0282591448	-0.059955629800000014	-0.0706503878	0.0100027269	0.023174200000000002	0.014865399999999999	-0.0296163	-0.0025378	-0.0011163	-0.000519044
0.04353680000000002	-0.0133366859	-0.0039019224	0.0477339274	-0.0099269772	-0.0124516216	-0.0774987865	0.0275072215	-0.061004769	-0.06949256179999999	0.0131778711	0.0254717	0.014893799999999999	-0.04013819999999999	-0.00219221	-0.00104997	-0.00031718400000000003
0.06365685000000001	-0.0341079168	0.0027593532	0.0861439566	-0.014117106200000003	-0.017384717	-0.0640902738	0.026752527	-0.0620293259	-0.068271733	0.0163317771	0.015621000000000001	0.017636900000000004	-0.06812689999999999	-0.00185552	-0.0011163	-0.000375651
0.02734195	-0.0201421216	-0.0072597374	0.0748605101	-0.009594208	-0.056056689900000005	0.0135298377	0.0259951375	-0.0630288878	-0.0669890084	0.0194593619	0.0213384	0.0148967	-0.0705933	-0.00201146	-0.0011163	-0.00054807
0.040027570000000005	-0.0366086367	-0.013808203799999998	0.0598864471	0.0313965066	-0.0120963977	0.1085380167	0.0252351292	-0.06400305190000001	-0.06564555080000001	0.0225555848	0.00633718	0.0148935	-0.0734235	-0.00225931	-0.0011163	-0.0007440789999999999
0.07033392000000001	-0.0278102201	-0.0033836528000000003	0.050362589000000006	0.0404546058	-0.008657163	0.0907351996	0.0244725786	-0.06495142570000001	-0.0642425783	0.0256154559	0.022465799999999998	0.0149014	-0.0391709	-0.00218903	-0.0009698160000000001	-0.0005619469999999999
0.03164055	-0.0029424225	-0.0114304834	-0.0026751345	0.03509197	-0.0366343133	0.0032914094	0.0237075627	-0.065873627	-0.0627813628	0.0286340436	0.0243305	0.0148851	-0.054863800000000004	-0.00225587	-0.000960044	-0.0007666679999999998
0.02751375	-0.0121907921	-0.018558088700000003	-0.018911008	0.0792011721	0.0300903805	0.0896845402	0.0229401584	-0.0667692842	-0.0612632291	0.0316064831	0.0243482	0.018490400000000004	-0.0409283	-0.00233058	-0.00106015	-0.0007423789999999999
0.06994489999999998	-0.0206249564	-0.0080589946	-0.0198409037	0.0587577067	0.0446349354	-0.0255581367	0.0221704431	-0.0676380363	-0.0596895534	0.0345279838	0.0243083	0.00943035	-0.028563599999999998	-0.00271158	-0.0006871939999999999	-0.00052673
0.05298504999999999	-0.0320840072	-0.006999803299999999	0.0285833105	0.031854449300000004	0.0041301139	-0.0551086791	0.0213984944	-0.0684795334	-0.0580617626	0.0373938371	0.0243429	0.018741499999999998	-0.046784	-0.00247576	-0.000925893	-0.000492871
0.045175300000000015	-0.0408768165	0.0015727384	0.0563488535	0.0159538129	0.0042323740000000006	-0.051763657000000005	0.0206243899	-0.0692934363	-0.05638133240000001	0.0401994245	0.0139636	0.014904399999999996	-0.0535168	-0.00234032	-0.00119665	-0.0005711959999999999
0.019931	-0.0379400447	-0.0067883145	0.0680104342	0.0070396031999999985	-0.0418969105	-0.0039903671	0.0198482077	-0.0700794171	-0.0546497862	0.0429402241	0.019593400000000004	0.0194279	-0.0535269	-0.00230822	-0.00106251	-0.000542084
0.026464350000000005	-0.0242898572	-0.0044629761	0.0504415871	0.0268026278	-0.0741711386	-0.0402906488	0.019070026	-0.07083715900000001	-0.052868694	0.0456118188	0.016097	0.014901499999999996	-0.0489245	-0.00209684	-0.0011163	-0.000553697
0.06576449999999999	-0.1222217059	0.0044419147	0.0559871984	0.08450293099999999	0.0331896642	0.0786098918	0.0182899231	-0.0715663568	-0.0510396705	0.0482099028	0.0215858	0.014932599999999999	-0.0823515	-0.00170878	-0.00125669	-0.000561599
0.0805832	-0.06511618940000001	0.0239063995	0.0301671723	0.1354343345	0.0264590748	0.0721514796	0.0175079777	-0.07226671650000001	-0.0491643739	0.0507302891	0.030298000000000002	0.0226011	-0.0745924	-0.00234542	-0.00146168	-0.000274361
0.08977090000000001	-0.0155875846	0.0307518614	-0.0170932633	0.1171932538	0.0247228657	-0.0033778385	0.016724268400000002	-0.072937956	-0.0472445043	0.0531689154	0.038237900000000005	0.025247099999999998	-0.0405439	-0.00271573	-0.00140936	-0.0007544610000000001
0.06532225000000001	0.0259279741	0.0262926626	-0.0600863546	0.1273042012	0.033620538900000004	-0.017327460700000002	0.0159388744	-0.07357980480000001	-0.0452818024	0.0555218517	0.038976199999999996	0.032202499999999995	-0.0559235	-0.00236436	-0.00110144	-0.0005687719999999999
0.07870724999999999	0.0983341938	-0.0069295767000000005	-0.1496125585	0.0408835209	-0.0790564218	-0.1021163667	0.0151518747	-0.0741920043	-0.0432780475	0.0577853059	0.0382274	0.014876400000000001	-0.0679839	-0.00181455	-0.0011734999999999998	-0.000918341
0.06819776000000001	0.0659728215	-0.0171402094	-0.1139863216	0.0942119498	-0.0304427087	0.0208926061	0.0143633485	-0.0747743077	-0.0412350562	0.059955629800000014	0.039895099999999996	0.00805689	-0.0441462	-0.00222125	-0.00103897	-0.000742114
0.04173701	0.025063375	0.0076044963	-0.0430490181	0.1159827339	-0.0040877599	-0.0537630314	0.0135733754	-0.0753264804	-0.0391546809	0.0620293259	0.0381571	0.0197446	-0.0454147	-0.00246775	-0.00132045	-0.0007549899999999997
0.07519425	0.0404851912	0.007013536700000001	-0.028222139700000006	0.0684109683	-0.1105051516	-0.0826299692	0.0127820349	-0.07584830000000001	-0.037038807400000005	0.06400305190000001	0.0348637	0.02179	-0.07093769999999999	-0.00182423	-0.00142882	-0.000620231
0.09648129999999999	0.0595992726	0.0114454179	-0.0422412346	0.08614493890000001	-0.0992908819	-0.052267023	0.0119894067	-0.0763395561	-0.0348893543	0.065873627	0.037280900000000006	0.020486	-0.033318	-0.00263221	-0.00114454	-0.0006096830000000001
0.09878124999999996	0.0013914665	0.0110350323	-0.0072991799	0.1277209302	-0.074208102	-0.010711564	0.0111955706	-0.0768000508	-0.03270827	0.0676380363	0.0302587	0.014879	-0.054652199999999984	-0.00213228	-0.00157953	-0.00097112
0.04552200000000002	0.0856080962	0.0055950312	-0.0787302396	0.0943264387	-0.1323655195	-0.1662007278	0.0104006067	-0.0772295986	-0.0304975321	0.0692934363	0.038235000000000005	0.0294255	-0.054429599999999995	-0.00217217	-0.00132045	-0.0008145579999999997
0.06458535	0.093463105	-0.0057590987	-0.07251327190000001	0.0819089957	-0.1239506465	-0.043226681	0.0096045951	-0.0776280263	-0.0282591448	0.07083715900000001	0.0315311	0.022717599999999998	-0.0308474	-0.00221256	-0.0008889819999999999	-0.0007345889999999999
0.05615190000000001	0.0878634068	-0.0013014838	-0.0721626283	0.053170589	-0.100384439	-0.14218202470000002	0.0088076158	-0.07799517339999999	-0.0259951375	0.07226671650000001	0.035981099999999995	0.014853899999999996	-0.0502169	-0.00241433	-0.00102473	-0.000582733
0.0212773	0.0799755481	-0.0045378821000000005	-0.0318727435	0.0310185287	-0.1466062259	-0.1478078859	0.0080097493	-0.078330892	-0.0237075627	0.07357980480000001	0.0377089	0.014854499999999996	-0.0400706	-0.00229845	-0.00101593	-0.000519361
0.1942593	0.0737456225	0.0664965341	-0.07690915940000001	-0.0391339288	0.0131991497	-0.0821348131	0.0072110759	-0.0786350467	-0.0213984944	0.0747743077	-0.00885115	0.0403559	-0.07832410000000001	-0.00300822	-0.000909632	-0.0013821800000000006
0.10063128999999996	0.0006821204	0.1262886802	-0.0435656179	-0.1684449309	0.1429699949	-0.0262419262	0.006411676	-0.07890751509999999	-0.019070026	0.07584830000000001	-0.00793901	0.0149388	-0.053381700000000004	-0.00269762	-0.000588429	-0.00102679
0.12538269	-0.0367937013	0.0986556942	0.0316581931	-0.1524578658	0.0920485634	0.0124303857	0.0056116301	-0.0791481873	-0.016724268400000002	0.0768000508	-0.0139248	0.0263313	-0.100471	-0.00222789	-0.0009535969999999999	-0.000643386
0.06565214999999999	-0.0041946191	0.07900393650000001	0.0313172514	-0.1555498247	0.028251438700000006	0.0139090951	0.004811019000000001	-0.07935696639999999	-0.0143633485	0.0776280263	-0.0189441	0.015018100000000001	-0.0929938	-0.00269957	-0.000588429	-0.000643385
0.06674374999999999	0.0116621735	0.05660115280000001	0.0088840476	-0.1217912048	0.0626462995	0.0992626123	0.0040099232	-0.0795337681	-0.0119894067	0.078330892	-0.0191053	0.0194548	-0.06767999999999999	-0.00238686	-0.00101236	-0.000643385
0.06779499	0.0343359661	0.0529151249	-0.0364067281	-0.0955482775	0.0454779705	-0.0007077225	0.0032084234000000003	-0.0796785214	-0.0096045951	0.07890751509999999	-0.008973959999999998	0.015069899999999999	-0.051553800000000004	-0.00270598	-0.000588429	-0.000643385
0.07882888000000003	0.0186318984	0.0488583043	-0.0125363084	-0.1301998418	0.0526709566	0.0013376885999999998	0.0024066004	-0.0797911678	-0.0072110759	0.07935696639999999	-0.007986929999999998	0.0169797	-0.07431459999999998	-0.00205787	-0.000588429	-0.0010586999999999999
0.12281608000000002	0.00026885740000000003	0.0057472173	-0.069488884	-0.1042344638	0.1009645097	0.043253414	0.001604535	-0.0798716619	-0.004811019000000001	0.0796785214	-0.0345473	0.007844739999999998	-0.0763511	-0.00258477	0.00017104099999999998	-0.000643385
0.027060084999999984	8.781e-06	0.0279712224	-0.0063813345	-0.1219895539	0.0497437786	0.0040039708	0.0008023078999999999	-0.0799199714	-0.0024066004	0.0798716619	-0.030205900000000008	0.00371736	-0.08162639999999999	-0.00261585	-6.419909999999999e-05	-0.000643385
0.07929833999999998	0.0007357551	0.03424134	-0.044861374800000006	-0.0672052416	0.0680936564	-0.0429373118	0.0	-0.0799360767	-0.0	0.0799360767	-0.0111068	0.038705800000000005	-0.0576341	-0.00259148	-6.419909999999999e-05	-0.000643385
0.091768165	-0.0514319489	0.0433235987	-0.0286574803	0.0144314041	0.1311851313	-0.0281610527	-0.0008023078999999999	-0.0799199714	0.0024066004	0.0798716619	-0.00918308	0.0157125	-0.0910058	-0.00240943	-0.0005517380000000001	-0.000643385
0.06306094999999999	-0.0583423789	0.0193719469	-0.0005422914	-0.0066891574	0.0721599989	-0.0550916683	-0.001604535	-0.0798716619	0.004811019000000001	0.0796785214	-0.00229048	0.015251599999999999	-0.0745322	-0.00305067	-0.00040830099999999997	-0.000643385
0.05035964000000001	-0.0413141535	0.0255148317	0.0262551019	-0.0376438109	0.0184973087	-0.0976133384	-0.0024066004	-0.0797911678	0.0072110759	0.07935696639999999	-0.00986307	0.014726900000000001	-0.07979689999999999	-0.00248741	-0.000584994	-0.000643385
0.019196850000000026	-0.0399790325	0.0195752306	0.0621115804	-0.0540788349	0.0175855033	-0.0869179027	-0.0032084234000000003	-0.0796785214	0.0096045951	0.07890751509999999	-0.00884617	0.017017599999999997	-0.06923710000000001	-0.00257792	-0.000601073	-0.000643385
0.02032578	-0.0081232713	0.0355984106	0.0558769038	-0.0898046891	-0.0090862929	-0.0264287737	-0.0040099232	-0.0795337681	0.0119894067	0.078330892	-0.0118541	0.014593	-0.0769596	-0.00268767	-0.000567408	-0.000643385
0.016965090000000006	-0.0085014534	0.0293761487	0.0557552377	-0.0993025879	-0.034446875	-0.0319151991	-0.004811019000000001	-0.07935696639999999	0.0143633485	0.0776280263	-0.00664766	0.010410899999999999	-0.0734412	-0.00262538	-0.000548535	-0.000643385
0.029587084000000007	-0.0265700657	0.0232027431	0.08702380609999999	-0.0795787167	-0.0371549701	-0.0243895519	-0.0056116301	-0.0791481873	0.016724268400000002	0.0768000508	-0.000967576	0.0195475	-0.0827363	-0.00256529	-0.000597951	-0.000643385
0.032276874	-0.0188696519	0.0098745906	0.0772364658	-0.0734883264	-0.0269417628	0.014230681499999997	-0.006411676	-0.07890751509999999	0.019070026	0.07584830000000001	-0.008138249999999998	0.014383600000000003	-0.0835221	-0.00245261	-0.000472309	-0.0007881929999999999
0.05245774000000001	-0.0322438483	-0.008774275699999999	0.043776444000000005	-0.0646458129	-0.0615986145	0.0001521662	-0.0072110759	-0.0786350467	0.0213984944	0.0747743077	-0.0237644	0.00588246	-0.0877893	-0.00217184	-0.000322686	-0.0007373210000000001
0.04366409000000001	-0.024732456200000003	-0.0127563796	0.0277627854	-0.048732809	-0.0398748534	0.091733513	-0.0080097493	-0.078330892	0.0237075627	0.07357980480000001	-0.0172109	-0.00913608	-0.07562159999999997	-0.00227419	-0.000324887	-0.000643385
0.03281007000000001	-0.012540603700000002	-0.0018114809	0.0326646767	-0.0303697379	-0.032801281	0.0743550001	-0.0088076158	-0.07799517339999999	0.0259951375	0.07226671650000001	-0.016242600000000003	-0.0101261	-0.0908857	-0.0020253	-0.000262024	-0.000643385
0.018061899999999995	-0.0122830052	-0.0062627348	0.023063091400000003	-0.0397450731	-0.046125733899999986	0.014103338899999996	-0.0096045951	-0.0776280263	0.0282591448	0.07083715900000001	-0.0125929	-0.0104977	-0.08633339999999999	-0.00215943	-0.00031766	-0.000643385
0.00631530000000001	-0.0283391283	-0.0042924645	0.017126230200000002	-0.059164555999999986	-0.0288125715	0.0414748307	-0.0104006067	-0.0772295986	0.0304975321	0.0692934363	-0.010221	-0.0106551	-0.0838784	-0.00218605	-0.00031766	-0.000643385
0.03425075	-0.0090663948	-0.0091255769	0.0286771297	-0.032835194	-0.0383645267	0.0723743629	-0.0111955706	-0.0768000508	0.03270827	0.0676380363	-0.00888629	-0.008525609999999998	-0.0964293	-0.00192786	-0.000424183	-0.000643385
0.02032781	0.0095375396	-0.0148325836	-0.0021172084	-0.0065818541	-0.0548535105	0.08611178130000001	-0.0119894067	-0.0763395561	0.0348893543	0.065873627	-0.011109200000000001	-0.00955811	-0.0940189	-0.0019959	-0.000457339	-0.0008354289999999997
0.04936099999999999	0.004792824	-0.02343654	-0.0385433031	0.0330484792	-0.0093419315	0.12959566	-0.0127820349	-0.07584830000000001	0.037038807400000005	0.06400305190000001	-0.00550489	-0.013954900000000001	-0.0861428	-0.00205093	-0.0008399409999999998	-0.000643385
0.04280648000000002	0.0177095847	-0.010189427	-0.0344331737	0.0440866075	-0.0314969861	0.0673047395	-0.0135733754	-0.0753264804	0.0391546809	0.0620293259	0.00562604	-0.015075999999999999	-0.07615919999999997	-0.00239574	-0.0007733339999999997	-0.000643385
0.06764612	0.0448835749	-0.016421829	-0.0482609158	0.039439087000000005	-0.0001829764	0.06470145320000001	-0.0143633485	-0.0747743077	0.0412350562	0.059955629800000014	0.00564299	-0.00206193	-0.07887529999999998	-0.00200967	-0.00035082699999999995	-0.000872788
0.05565617	0.0286834574	-0.0341434275	-0.0398912344	0.0354233302	0.0097433198	0.0879131299	-0.0151518747	-0.0741920043	0.0432780475	0.0577853059	0.00562799	-0.012918700000000005	-0.07735419999999997	-0.00230365	-0.0006927089999999999	-0.000643384
0.043625470000000006	0.0246053938	-0.016213202	-0.0599814491	0.0357926399	0.0104400021	0.0506765556	-0.0159388744	-0.07357980480000001	0.0452818024	0.0555218517	0.00563074	-0.00947158	-0.0625631	-0.00214915	-0.00033951900000000004	-0.000643384
0.08056196	0.0380719579	-0.0122970784	-0.0474991665	0.0183671821	0.0431076438	0.031911703300000004	-0.016724268400000002	-0.072937956	0.0472445043	0.0531689154	0.010896	0.00332558	-0.038148800000000004	-0.00264989	-7.85542e-05	-0.000643384
0.07803594999999999	0.0379497345	-0.009615824	-0.0302742436	0.0145857904	0.0236089075	-0.017104243999999998	-0.0175079777	-0.07226671650000001	0.0491643739	0.0507302891	0.00561061	0.0155726	-0.05899840000000001	-0.00222662	-0.000448363	-0.000643384
0.07897774000000002	0.037912856	-0.0133270398	-0.007526299399999999	0.0019048453	-0.0185837392	-0.019602422	-0.0182899231	-0.0715663568	0.0510396705	0.0482099028	0.00562604	0.00545864	-0.06729919999999999	-0.0031125999999999997	-0.0007733339999999997	-0.000643384
0.07581422999999997	0.0330453909	-0.0201324627	0.0063999040000000005	-0.017121294199999998	-0.017969168	0.0329456621	-0.019070026	-0.07083715900000001	0.052868694	0.0456118188	-0.00153768	0.00584565	-0.0694737	-0.00230259	-0.000261564	-0.000643384
0.03363035	0.007325041999999999	-0.0268306462	0.0148700955	-0.0257087355	-0.0507016217	0.0414526108	-0.0198482077	-0.0700794171	0.0546497862	0.0429402241	-0.00318748	-0.00342095	-0.08317919999999998	-0.00235422	-0.00039010300000000004	-0.000643384
0.0357395	0.0084172325	-0.0366204597	-0.0015503525	0.0308643506	-0.0465583378	0.1057859044	-0.0206243899	-0.0692934363	0.05638133240000001	0.0401994245	-0.00572678	-0.011218299999999999	-0.07413339999999999	-0.00215947	-0.000257712	-0.000643384
0.04996154000000001	0.0248687436	-0.039298564	-0.0038689189	0.006292218100000001	0.0108604477	0.1149755587	-0.0213984944	-0.0684795334	0.0580617626	0.0373938371	0.00244116	-0.00342305	-0.0574048	-0.0023787	-0.00038387699999999997	-0.000643384
0.02585603000000001	0.0250094174	-0.026903995	-0.006363611999999999	0.0085166787	-0.0042322619	0.0471394907	-0.0221704431	-0.0676380363	0.0596895534	0.0345279838	0.00560842	-0.00342807	-0.07335080000000001	-0.00224935	-0.00038928199999999996	-0.000643384
0.014305289999999976	0.0317790177	-0.0193035534	-0.028092941	-0.0012136091	0.0067921854	0.0874794247	-0.0229401584	-0.0667692842	0.0612632291	0.0316064831	0.00359802	-0.00343701	-0.06959810000000001	-0.00224322	-0.000224747	-0.000643384
0.032333140000000024	0.0488860489	-0.0351673077	-0.0356853067	-0.017735331599999998	0.0234243088	0.0549581198	-0.0237075627	-0.065873627	0.0627813628	0.0286340436	0.00252329	-0.00627932	-0.0695552	-0.00201903	-0.0005680209999999999	-0.000643384
0.05593309000000001	0.0388083048	-0.025189681	-0.042790768	0.0091412274	0.0248908414	-0.0002436971	-0.0244725786	-0.06495142570000001	0.0642425783	0.0256154559	0.010604899999999999	-0.0194042	-0.06646519999999999	-0.00254374	-0.000459999	-0.000643384
0.05877486	0.0228021584	-0.0460363245	-0.0234835744	0.0161313482	0.0211694693	0.0088189302	-0.0252351292	-0.06400305190000001	0.06564555080000001	0.0225555848	0.0106	-0.00343839	-0.057205099999999995	-0.00226974	-0.000233626	-0.0008138919999999997
0.04845155000000001	0.0048643288	-0.0408400914	-0.0122345087	0.0134757802	0.0290964636	0.0152365477	-0.0259951375	-0.0630288878	0.0669890084	0.0194593619	0.00427816	-0.00343308	-0.0676968	-0.00222138	-0.000647412	-0.000643384
0.022276859999999992	0.0151652787	-0.034789312999999995	-0.0191785332	-0.010581373400000002	0.0107087941	-0.0486687037	-0.026752527	-0.0620293259	0.068271733	0.0163317771	0.0057779	-0.00713215	-0.0736653	-0.0021573	-0.000489301	-0.000643384
0.04321128000000001	0.0236087827	-0.0439306267	0.0078409059	-0.0168972776	0.0392341973	0.0664526694	-0.0275072215	-0.061004769	0.06949256179999999	0.0131778711	0.00563024	-0.00341988	-0.0669504	-0.00240163	-0.000330902	-0.00039338400000000004
0.06243846	0.0411957407	-0.0437735283	-0.0044259217	-0.0047541626	-0.0078631762	0.0079396543	-0.0282591448	-0.059955629800000014	0.0706503878	0.0100027269	0.00351089	-0.00344924	-0.0869865	-0.00201272	-0.000497065	-0.000643384
0.026802289999999986	0.0305426275	-0.0464659824	0.0133769183	0.0061193759	0.002904303	0.093375088	-0.0290082213	-0.0588823313	0.0717441615	0.0068114617	0.00311492	-0.00691876	-0.07367739999999999	-0.00210505	-0.000597289	-0.000643384
0.05006474000000001	0.0471046609	-0.0482484893	-0.0191080283	0.0217889942	0.0104794814	0.054949238	-0.0297543755	-0.0577853059	0.0727728912	0.0036092188	0.00876465	0.00132735	-0.07501829999999997	-0.00263517	-0.000763729	-0.000643384
0.064313783	0.0513797266	-0.0542858489	-0.0459923002	0.0409095169	0.0483240572	0.0769634819	-0.0304975321	-0.0566649955	0.0737356442	0.000401159	0.0101669	0.00019586700000000001	-0.0638402	-0.00211356	-0.00040256	-0.0007726439999999997
0.04614807699999999	0.0943553801	-0.0344696264	-0.0888977726	0.049032947	0.0670353825	-0.0201019706	-0.0312376164	-0.0555218517	0.0746315476	-0.0028075473	0.016635299999999995	-0.00341671	-0.0506776	-0.00198247	-0.0006002999999999999	-0.000643384
0.08320875999999999	0.1033598766	-0.0099590822	-0.1067393288	0.0425231457	0.0503991573	-0.15424609179999998	-0.0319745538	-0.0543563352	0.0754597894	-0.0060117288	0.0447429	0.0166208	-0.0568576	-0.00230467	-0.000618327	-0.00040593800000000016
0.09287251999999996	-0.1139454272	-0.0072060225	-0.0349656976	0.0982375078	0.134760853	-0.1451296285	-0.03270827	-0.0531689154	0.0762196185	-0.0092062214	0.0369441	-0.00341702	-0.08322509999999997	-0.00230467	-0.00115425	-0.000643383
0.08005404999999999	-0.1227569753	-0.0421258997	0.0197313235	0.0974366443	0.0731399771	-0.1440397111	-0.0334386912	-0.051960071	0.07691034599999999	-0.0123858767	0.0206012	0.00687623	-0.10091900000000001	-0.00292389	-0.00105899	-0.000643383
0.07458977	-0.0749460168	-0.0454002329	0.0610676957	0.0807831616	0.010611683	-0.0768845084	-0.0341657437	-0.0507302891	0.07753134589999999	-0.0155455703	0.028627800000000002	0.0154475	-0.0685327	-0.00263357	-0.000837198	-0.000643383
0.015772149999999988	-0.0650059629	-0.044143396900000006	0.0619166998	0.0636938663	-0.0201634766	-0.1355689478	-0.0348893543	-0.0494800651	0.078082055	-0.0186802098	0.0196077	0.015088299999999999	-0.06987230000000001	-0.00254008	-0.000844773	-0.000643383
0.032798710000000016	-0.0713660651	-0.05033879	0.1082216647	0.0034210591	-0.0493072154	-0.170742654	-0.035609450099999995	-0.0482099028	0.0785619741	-0.0217847431	0.017637700000000003	0.00614669	-0.0765422	-0.0024736999999999997	-0.000606809	-0.000643383
0.03139149999999999	-0.07230309900000001	-0.0537229313	0.0953215017	0.0047031924	-0.0473209708	-0.0485507556	-0.0363259585	-0.0469203142	0.0789706681	-0.0248541669	0.009233860000000005	0.013561000000000002	-0.0650038	-0.00253035	-0.000630858	-0.000643383
0.03614366	-0.07225264070000001	-0.0665115018	0.1143274503	0.0004919035	-0.07169730269999999	-0.0406705361	-0.037038807400000005	-0.0456118188	0.0793077664	-0.0278835343	0.00820742	0.00993553	-0.07863259999999997	-0.00261075	-0.0009077169999999999	-0.000643383
0.04958546999999999	-0.0678833758	-0.0723272185	0.1171113999	0.0049371821000000005	-0.0734258521	-0.0249763456	-0.037747925	-0.0442849438	0.0795729635	-0.030867963	0.00847817	0.013224600000000001	-0.09369730000000001	-0.00226839	-0.000630858	-0.000643383
0.044214727	-0.0415631688	-0.079175948	0.07960010099999999	0.0200942399	-0.0374491127	0.0089634433	-0.038453239900000005	-0.0429402241	0.0797660189	-0.0338026431	0.013740100000000002	0.000342503	-0.08759459999999998	-0.00196545	-0.000534438	-0.000643383
0.03552862300000001	-0.0501460804	-0.08971274929999999	0.0179744315	0.0745887009	-0.0071124794999999985	0.0522213352	-0.0391546809	-0.0415782013	0.0798867576	-0.0366828449	0.00187137	-0.007578889999999999	-0.0907511	-0.00181023	-0.000630858	-0.000643383
0.05111656999999999	-0.0205776109	-0.0829750496	0.0005773544	0.06474992389999999	0.0104817945	0.0004913364	-0.0398521774	-0.0401994245	0.07993507009999999	-0.0395039266	0.0124418	-0.0034516999999999994	-0.0708829	-0.00201018	-0.000499793	-0.000643383
0.04605410000000002	-0.0382482971	-0.0847603044	0.0052976565	0.0577276724	0.022968136200000003	0.0062118157	-0.0405456591	-0.038804449	0.0799109126	-0.0422613414	0.00221013	0.00540898	-0.0935737	-0.00204511	-0.00044930400000000003	-0.000643383
0.06067741	-0.030386577	-0.1037919263	0.0147631792	0.0445114002	0.0147530511	-0.0310243819	-0.0412350562	-0.0373938371	0.0798143071	-0.0449506455	0.016413999999999998	0.00268969	-0.059650999999999996	-0.00217328	-0.00038084400000000003	-0.000643382
0.03508529	-0.033385985	-0.0958538959	0.0225804321	0.0219049845	0.023809304500000003	-0.0554624442	-0.0419202993	-0.0359681572	0.079645341	-0.0475675045	0.00808143	0.00422651	-0.0826505	-0.00217328	-0.000425172	-0.000643382
0.039848864000000005	-0.0373960944	-0.092010993	0.0099787124	0.0413001206	0.0092978662	-0.013961443600000002	-0.0426013192	-0.0345279838	0.0794041677	-0.050107701	0.013271000000000002	0.0008708659999999997	-0.08079849999999998	-0.00271854	-0.00038139900000000004	-0.000643382
0.05328263400000001	-0.0125839838	-0.1017600443	0.0140589306	0.038570589700000005	0.0054461641	-0.0184913247	-0.0432780475	-0.0330738971	0.07909100570000001	-0.052567141100000006	0.0155862	0.0105459	-0.06657189999999999	-0.0026035	-0.000807675	-0.000643382
0.02422026	-0.0286593738	-0.1045936121	0.0074143101	0.0042046026	-0.0190107524	-0.1246407006	-0.0439504158	-0.0316064831	0.0787061389	-0.0549418609	0.008739689999999998	0.018878	-0.0658193	-0.00247547	-0.0007699239999999997	-0.000643382
0.04878043999999999	-0.0340134491	-0.1015428056	0.0343350797	-0.0167351247	-0.0227677692	-0.012834109	-0.044618356500000005	-0.0301263332	0.0782499164	-0.0572280333	0.00528805	0.016594900000000003	-0.0557759	-0.00231715	-0.000420293	-0.0007954769999999997
0.07052436	0.0226809993	-0.1161398292	0.0254141555	0.017113372800000002	-0.0686934013	-0.0686123049	-0.0452818024	-0.0286340436	0.0777227516	-0.0594219737	0.00102889	0.0122319	-0.06933610000000001	-0.00251146	-0.00105299	-0.0006556439999999999
0.05829663999999999	-0.054305776900000005	-0.0637047129	0.0099961023	0.0471442887	0.0517227005	0.0184228878	-0.0459406864	-0.0271302159	0.0771251226	-0.0615201462	0.0302676	0.00253962	-0.060525	-0.00251384	-0.00105299	-0.0004469330000000001
0.29905203	-0.12658973199999998	0.2683101109	-0.1255106228	0.08574032470000001	-0.0306404333	0.16432436779999998	-0.046594942400000006	-0.0256154559	0.07645757110000001	-0.0635191694	-0.025787400000000002	0.0450148	-0.109895	-0.00337169	-0.00251306	-0.00115205
0.07501260000000001	-0.1594541235	0.2873568137	-0.06071350320000001	0.0946981286	-0.16804143929999998	-0.0153928755	-0.0472445043	-0.024090374	0.0757207024	-0.06541582139999999	-0.0245819	0.0440932	-0.11551700000000001	-0.00222871	-0.00245382	-0.001009
0.07071519999999998	-0.0784447505	0.285775687	-0.0505379859	0.0625790518	-0.059796561	-0.0175917991	-0.0478893067	-0.0225555848	0.0749151845	-0.06720704549999999	-0.0217013	0.0631403	-0.10764100000000001	-0.00249301	-0.00190723	-0.00100166
0.11535011	-0.0084399248	0.2499157302	-0.0277285926	-0.0122847676	-0.0640709317	0.034464607599999995	-0.0485292848	-0.0210117067	0.0740417477	-0.06888995490000001	0.00519091	0.046170800000000005	-0.0917085	-0.00208753	-0.0016134299999999995	-0.0005898219999999999
0.09270676000000004	-0.0122285618	0.2199367851	-0.0133598874	-0.0566884922	-0.0262536565	0.034856798700000004	-0.0491643739	-0.0194593619	0.07310118389999999	-0.07046183730000001	-0.00255475	0.040521499999999995	-0.09711030000000001	-0.0031051	-0.00207406	-0.0005898219999999999
0.044555	-0.001898674	0.1959793692000001	-0.0102418383	-0.0381987229	-0.0106143306	0.0066213403	-0.0497945101	-0.0178991758	0.0720943458	-0.0719201593	0.00769755	0.0405135	-0.0973615	-0.00288486	-0.0016134299999999995	-0.0005898219999999999
0.017738500000000008	0.0729653733	0.157725535	-0.0564281433	-0.0436847724	0.0540707131	-0.0101448652	-0.05041963	-0.0163317771	0.0710221462	-0.0732625707	-0.00100925	0.0405047	-0.09730760000000001	-0.0029947	-0.00168297	-0.0005898219999999999
0.06099174999999999	0.0428613493	0.12744144429999998	-0.074182863	-0.0428892307	0.092575104	0.0768544188	-0.0510396705	-0.0147577975	0.0698855571	-0.0744869079	-0.00955805	0.0287017	-0.126437	-0.00283999	-0.0016134299999999995	-0.000583861
0.045914689999999966	0.0509041368	0.1155009018	-0.0442084129	-0.0782914877	0.052591742	-0.0535150479	-0.0516545692	-0.0131778711	0.0686856091	-0.07559119780000001	0.00209954	0.022046400000000004	-0.114488	-0.00292203	-0.00142472	-0.000541555
0.05106082000000002	0.035786204	0.0905487646	-0.0185531459	-0.0643331166	0.08001462620000001	0.0385519173	-0.0522642642	-0.0115926346	0.06742339	-0.0765736605	0.00708691	0.025206799999999998	-0.0992652	-0.0025058000000000003	-0.00133969	-0.00048901
0.06783219	0.0258121134	0.0950847018	0.013023076399999998	-0.0782557725	0.0244554417	-0.0253875769	-0.052868694	-0.0100027269	0.0661000441	-0.0774327128	0.01881	0.0221083	-0.101668	-0.00274335	-0.00183145	-0.00020616400000000005
0.04811364999999999	0.0369539229	0.0936551367	-0.0087939442	-0.0576698455	0.0503709922	-0.0306365554	-0.0534677978	-0.0084087885	0.0647167712	-0.07816697	0.010035500000000001	0.0250628	-0.0937853	-0.00266086	-0.00144855	-0.000310813
0.06056870000000001	0.0888662703	0.1181671669	-0.08514726660000001	-0.0243126536	0.0281988568	-0.0464853484	-0.0540615151	-0.0068114617	0.0632748254	-0.0787752489	0.0140489	0.0350994	-0.0771318	-0.00217914	-0.00147959	-0.00022626900000000005
0.06597851500000003	0.0563675578	0.0784149618	-0.0052372681	-0.07506112940000001	-0.0118943215	-0.0486494458	-0.0546497862	-0.0052113902	0.061775514	-0.079256569	0.000901085	0.0291884	-0.0985695	-0.0026101999999999996	-0.00149076	-0.00029367900000000003
0.07939558500000002	0.009240812	0.0788537487	0.0102279437	-0.0680351112	0.0373007092	0.0340188624	-0.0552325519	-0.0036092188	0.0602201963	-0.0796101548	0.00115302	0.0104302	-0.125541	-0.00220668	-0.00165073	-0.00018889
0.037559700000000015	0.0182445156	0.061248933	0.0462546809	-0.08624866910000001	-0.025311069	-0.0116273545	-0.0558097533	-0.002005593	0.0586102822	-0.0798354362	0.00988602	0.0176165	-0.116907	-0.00223378	-0.0014209000000000001	-0.00019208799999999998
0.04060894999999999	-0.0151316526	0.0519647649	0.049230907699999986	-0.0580262576	-0.0019274083	0.0155506412	-0.05638133240000001	-0.000401159	0.0569472315	-0.0799320503	0.00469857	0.0125724	-0.126986	-0.00232303	-0.00173041	-0.00018488
0.07130362999999999	0.0088479791	0.0389853712	0.0464241322	-0.0760617409	0.0015267401999999998	-0.0273637513	-0.0569472315	0.0012034366	0.0552325519	-0.0798998413	0.012640299999999998	0.0219106	-0.104082	-0.00238983	-0.00119663	-0.00016306600000000001
0.03863839999999999	0.0303962309	0.0406534645	0.0235022119	-0.0591782912	-0.0036125651	0.0172452991	-0.0575073938	0.0028075473	0.0534677978	-0.0797388611	0.0035121	0.020606	-0.10111	-0.00219774	-0.00147057	-0.000201708
0.04474555	0.024736698	0.0269026921	0.0171748377	-0.0424385835	0.0108941533	-0.039041712400000005	-0.0580617626	0.0044105266	0.0516545692	-0.0794493692	0.0101792	0.0139124	-0.11475900000000006	-0.00240872	-0.00136264	-0.000237515
0.034435999999999994	0.0296333358	0.0193397023	0.0106122915	-0.0436661866	0.0325752043	0.0002046779	-0.0586102822	0.0060117288	0.0497945101	-0.0790318321	0.00683405	0.024584	-0.121233	-0.00245327	-0.00157681	-0.00021733
0.04882278	0.0034285994	0.0169078539	0.0011251077	-0.017091978	0.0304542263	-0.0029277171000000003	-0.0591528974	0.007610508399999999	0.0478893067	-0.0784869228	0.00543192	0.025587799999999997	-0.104254	-0.00259371	-0.00127941	-0.000368247
0.06430572999999999	-0.0017470996	-0.000838595	9.69894e-05	-0.0169535925	0.0634187033	-0.0254913019	-0.0596895534	0.0092062214	0.0459406864	-0.0778155195	0.0117519	0.0310584	-0.128354	-0.00245069	-0.00153183	-0.00019538400000000005
0.04471852	-0.0157227595	0.0033939913	0.0482646454	-0.0501396146	-0.0157660502	-0.0035405008	-0.0602201963	0.0107982247	0.0439504158	-0.0770187042	0.00637723	0.021428700000000002	-0.118998	-0.00220926	-0.00148209	-0.000311377
0.03388906999999998	0.0145222232	-0.000312065	0.0290045229	-0.033524693599999995	0.0241419143	0.0049690288	-0.0607447724	0.0123858767	0.0419202993	-0.0760977612	0.0142697	0.0263454	-0.11977	-0.00239105	-0.00160169	-0.00020660900000000001
0.05930050000000001	0.0129810161	-0.0046568074	0.0390193424	-0.043924412	0.0027654690000000004	0.0219811451	-0.0612632291	0.0139685379	0.0398521774	-0.0750541746	0.00242655	0.022278400000000004	-0.10839000000000001	-0.00209317	-0.00128795	-0.000235196
0.08045079	0.0386216105	-0.0125091723	-0.008727695799999999	-0.0338134396	-0.0019621893	0.042510719	-0.061775514	0.0155455703	0.037747925	-0.07388962639999999	0.00250124	0.0197055	-0.15273	-0.00198004	-0.00164517	-0.00043411
0.09260843999999996	0.0466226104	-0.022917704700000003	0.0053349708	-0.037763466	0.0081911114	0.0429695601	-0.062281575599999986	0.0171163386	0.035609450099999995	-0.0726059935	0.00573053	0.0152586	-0.10472999999999999	-0.00230399	-0.0012819000000000005	-0.000485535
0.08762408	0.0394909961	-0.0220045091	0.0151429868	-0.0188823734	-0.0489238108	0.0144299928	-0.0627813628	0.0186802098	0.0334386912	-0.0712053446	0.00919526	0.016267900000000002	-0.139249	-0.00228045	-0.00192702	-0.00018157400000000002
0.08711524000000001	0.0774460095	-0.0352713606	-0.0182727485	0.0106474997	-0.060600338	0.041247572	-0.0632748254	0.0202365536	0.0312376164	-0.06968993700000001	0.014750399999999999	0.022612900000000002	-0.0985417	-0.00217083	-0.0013526	-0.000175458
0.04132519999999999	0.06673055580000001	-0.0321886075	0.0018439343	0.0099908432	-0.047241866900000005	0.0265560333	-0.0637619136	0.0217847431	0.0290082213	-0.0680622132	0.018099200000000003	0.0249482	-0.110409	-0.00226836	-0.00172504	-0.00016995200000000002
0.057999700000000015	0.0618746562	-0.0489378732	0.027616747	-0.0344302561	-0.0475608129	-0.04835768	-0.0642425783	0.0233241543	0.026752527	-0.0663247964	0.0158386	0.021601699999999998	-0.143491	-0.00209102	-0.00192418	-0.00017968400000000002
0.058157449999999986	0.0577090822	-0.0514689122	0.0341338757	-0.0021471062	-0.0417412889	0.0948902628	-0.0647167712	0.0248541669	0.0244725786	-0.0644804868	0.014750799999999996	0.029265100000000002	-0.125921	-0.0019558	-0.00156219	-0.000319199
0.0515307	0.0671808899	-0.0426276644	0.0156918534	0.0027240236	-0.041981880599999986	0.0286188312	-0.0651844444	0.0263741644	0.0221704431	-0.0625322567	0.012952600000000002	0.0158286	-0.12792699999999999	-0.00225946	-0.00182428	-0.00019914900000000005
0.044029449999999984	0.0596598593	-0.0528961641	0.0268388702	-0.0147278983	-0.0607872432	-0.0046630438	-0.06564555080000001	0.0278835343	0.0198482077	-0.060483246	0.015996	0.0255571	-0.130295	-0.00187257	-0.00166498	-0.00023075
0.03605105	0.0635560862	-0.0542204481	0.0359222508	-0.0132314383	-0.0314156652	0.004630457100000001	-0.0661000441	0.0293816684	0.0175079777	-0.058336757	0.014989600000000004	0.024105900000000003	-0.13473800000000002	-0.00190613	-0.00122341	-0.00012287100000000004
0.04539566	0.0918975142	-0.0698289846	0.0191575998	-0.0004989707	-0.09005896109999999	-0.00884803	-0.0665478783	0.030867963	0.0151518747	-0.0560962492	0.00945969	0.016172100000000002	-0.142296	-0.00208201	-0.00147002	-0.00018786
0.08750566000000001	0.0710460437	-0.0670907553	-0.0090744993	0.0201993944	-0.0223926755	0.1377985729	-0.0669890084	0.0323418192	0.0127820349	-0.0537653335	0.014643799999999997	0.018015700000000003	-0.121831	-0.00117162	-0.00125677	-0.000111241
0.1185737	0.0620825499	-0.04864028150000002	-0.0223584233	0.0344905313	-0.0065765777	0.0671269514	-0.06742339	0.0338026431	0.0104006067	-0.0513477665	0.0225298	0.0263209	-0.12082000000000001	-0.00270072	-0.00167176	-0.00019458099999999999
0.07156495	0.0681687462	-0.0640743257	0.0107939695	0.0061459755	-0.0025770941	-0.007896269000000001	-0.0678509792	0.0352498461	0.0080097493	-0.0488474444	0.01342	0.033474000000000004	-0.131777	-0.00199983	-0.00173325	-0.000319102
0.05042679999999999	0.0893102815	-0.0704933117	-0.007295978299999999	0.0202572965	-0.0162693569	0.030667966	-0.068271733	0.0366828449	0.0056116301	-0.046268397	0.015355500000000001	0.0228318	-0.117452	-0.00221209	-0.0015385	-0.00025563
0.05765689999999999	0.060936498099999986	-0.0582877611	0.0025216305	0.042534415599999986	-0.0154394222	0.06299529940000001	-0.0686856091	0.0381010623	0.0032084234000000003	-0.0436147809	0.014443899999999999	0.0125148	-0.1356	-0.00169095	-0.001537	-0.00021266400000000002
0.08091884999999997	0.07619226379999999	-0.0482159525	-0.0033177856	0.0210958071	-0.0063848411	0.0023299511	-0.0690925657	0.0395039266	0.0008023078999999999	-0.0408908726	0.017080099999999997	0.0233431	-0.11692999999999999	-0.00208964	-0.00125677	-0.000509431
0.06913969999999997	0.0891613154	-0.0472280037	0.0252550903	0.0015876492	-0.0189238854	0.015382955	-0.06949256179999999	0.0408908726	-0.001604535	-0.0381010623	0.019890900000000003	0.031062700000000002	-0.144598	-0.00174627	-0.00125677	-0.000233975
0.11052245	0.0246919436	-0.036609783	-0.0222296945	0.04129075	0.0909557567	0.0469415122	-0.0698855571	0.0422613414	-0.0040099232	-0.0352498461	0.019027900000000004	0.0233414	-0.08600159999999997	-0.00224845	-0.00116331	-0.00050517
0.1109675	-0.0591937505	-0.0449875429	-0.0084027491	0.0914088426	0.1035640401	0.0566303343	-0.0702715121	0.0436147809	-0.006411676	-0.0323418192	0.015128	0.0182592	-0.141191	-0.00197052	-0.00145919	-0.00014306
0.056774270000000016	0.0241548399	-0.055555563200000005	0.0181387486	0.0330235425	0.0633138655	-0.0360448603	-0.0706503878	0.0449506455	-0.0088076158	-0.0293816684	0.00990428	0.0238535	-0.12191900000000006	-0.00219436	-0.00134382	-0.000337535
0.07939311999999997	0.0167469848	-0.0567459641	0.045686795	0.0216415621	0.050206107	-0.0408509651	-0.0710221462	0.046268397	-0.0111955706	-0.0263741644	0.019587	0.028060200000000004	-0.14407999999999999	-0.00185917	-0.00175607	-0.000218121
0.102672795	-0.1410110968	-0.0216689223	-0.081948705	0.007546872099999998	0.025789939	0.089438085	-0.0713867496	0.0475675045	-0.0135733754	-0.0233241543	0.00478139	0.00967482	-0.157346	-0.00237762	-0.00138929	2.0965100000000007e-05
0.08917174500000001	-0.2763509085	0.0023663826	-0.1985792525	0.0884537771	-0.1162658731	0.020263389	-0.0717441615	0.0488474444	-0.0159388744	-0.0202365536	0.0074796	0.0174207	-0.147235	-0.00139304	-0.00155968	-0.000196398
0.11479365	-0.1810225601	0.0228896206	-0.0602088824	0.1317702393	-0.0905545346	-0.044712082	-0.0720943458	0.050107701	-0.0182899231	-0.0171163386	0.0222961	0.0419685	-0.11243900000000001	-0.0021373	-0.00161629	-0.00018460099999999998
0.05346755	-0.1135482845	0.0247125148	-0.045985192300000005	0.1171598303	-0.0036209396	-0.0154399899	-0.0724372672	0.0513477665	-0.0206243899	-0.0139685379	0.0223165	0.0445266	-0.13986800000000002	-0.00191615	-0.00142837	-0.000244732
0.096660035	-0.1456320915	0.0361943926	-0.0500419706	0.158098004	-0.0495001279	0.01089657	-0.0727728912	0.052567141100000006	-0.0229401584	-0.0107982247	0.0321127	0.0489088	-0.0894198	-0.00185142	-0.00111105	1.38867e-05
0.04690409	-0.1453972743	0.032866657599999995	-0.0335088888	0.1145954041	-0.043120113	-0.1043869121	-0.07310118389999999	0.0537653335	-0.0252351292	-0.007610508399999999	0.027667200000000003	0.0624414	-0.07639329999999997	-0.00214312	-0.0011335999999999998	1.76265e-05
0.112171625	-0.0367076115	0.0338534848	0.014921621699999997	0.13084649210000002	0.0390686032	-0.1864813193	-0.0734221124	0.0549418609	-0.0275072215	-0.0044105266	0.0223766	0.05648490000000001	-0.134331	-0.00211403	-0.00157738	-0.00036924
0.05604155	0.0365336272	-0.0260927796	0.0331181827	0.0576474626	0.0505425403	-0.0090624806	-0.0737356442	0.0560962492	-0.0297543755	-0.0012034366	0.0121706	0.040550199999999995	-0.145673	-0.00224616	-0.00146022	-0.000247353
0.0726985085	-0.0492539887	-0.0111658066	0.006951061	0.045800306500000006	0.0084177698	-0.0153699704	-0.0740417477	0.0572280333	-0.0319745538	0.002005593	0.0215305	0.043353699999999995	-0.110803	-0.00201637	-0.00149303	3.3491699999999996e-06
0.059688058499999995	-0.0383500488	-0.0390037349	0.0739056361	0.0096639514	-0.0071598741000000014	-0.0928971387	-0.0743403923	0.058336757	-0.0341657437	0.0052113902	0.025108000000000002	0.0323429	-0.13366199999999998	-0.0021601	-0.00144037	-0.000245076
0.1042575	-0.0428809593	-0.0659284924	0.1064379744	-0.0460328772	-0.0331287008	-0.0198263094	-0.0746315476	0.0594219737	-0.0363259585	0.0084087885	0.019491400000000002	0.053365800000000005	-0.0997891	-0.00168914	-0.00107669	-0.00020481400000000002
0.06873544999999999	-0.0779605963	-0.0499819384	0.08048490629999999	-0.03681127	-0.0437233039	0.0184863574	-0.0749151845	0.060483246	-0.038453239900000005	0.0115926346	0.0192285	0.0529345	-0.117058	-0.00129885	-0.00127158	0.000225453
0.061588095	-0.0308435955	-0.029161044700000006	0.1049893204	-0.0269497219	-0.0400838827	-0.0183522764	-0.07519127440000001	0.0615201462	-0.0405456591	0.0147577975	0.0108661	0.05167669999999999	-0.138451	-0.0011407600000000002	-0.00112839	-8.47649e-05
0.110165155	-0.0259493899	-0.08554482050000001	0.1148960939	-0.0621820008	-0.0108159475	0.0483152366	-0.0754597894	0.0625322567	-0.0426013192	0.0178991758	0.0101355	0.03439469999999998	-0.155326	-0.00199073	-0.0016164999999999999	-0.000252236
0.03889323000000002	-0.06887674740000001	-0.0841223429	-0.0106515572	-0.0059811292	0.0539879862	0.1120708202	-0.0757207024	0.0635191694	-0.044618356500000005	0.0210117067	0.00935977	0.0339664	-0.16253399999999998	-0.00164715	-0.00146315	-0.000139542
0.04942050000000002	-0.045767985	-0.0527342606	-0.0226553449	-0.0048457913	0.0836661249	0.0351087655	-0.0759739873	0.0644804868	-0.046594942400000006	0.024090374	0.00558867	0.039385	-0.140173	-0.00155222	-0.00122148	-0.000160338
0.02677917999999997	-0.0032452831	-0.0771635442	-0.0283962793	0.0191504009	0.1736237573	-0.0494688299	-0.0762196185	0.06541582139999999	-0.0485292848	0.0271302159	0.014960900000000001	0.0393897	-0.139167	-0.00176819	-0.00123676	-0.000257013
0.04500876999999997	0.0810954667	-0.0979332035	-0.0120784554	-0.0256300881	0.1896817393	-0.087393481	-0.07645757110000001	0.0663247964	-0.05041963	0.0301263332	-0.00236877	0.029603700000000007	-0.150803	-0.0018441	-0.00123509	-0.000304575
0.08372632	0.08946629140000001	-0.0970706605	0.0096475719	-0.027788849	0.1541178873	-0.0284583361	-0.0766878214	0.06720704549999999	-0.0522642642	0.0330738971	0.0062176	0.0332505	-0.12476	-0.00123986	-0.0009629189999999999	-0.000271983
0.04568714	0.0666764749	-0.095928725	0.0287006411	-0.0991507424	0.1004142408	-0.0386590339	-0.07691034599999999	0.0680622132	-0.0540615151	0.0359681572	0.00677259	0.0287379	-0.10313199999999999	-0.00153755	-0.0009365560000000001	-0.000216205
0.10299336	-0.1572207784	-0.13036872089999998	-0.193997336	-0.1790010219	0.08497058019999999	-0.0085176747	-0.0771251226	0.06888995490000001	-0.0558097533	0.038804449	0.0147156	0.0106614	-0.09249299999999999	-0.000342615	-0.0010400000000000001	-0.000244523
0.15988955	-0.2495404201	-0.107675283	-0.3152908307	-0.1624808274	-0.1024340717	0.0144855256	-0.0773321295	0.06968993700000001	-0.0575073938	0.0415782013	-0.0214541	0.018269900000000002	-0.15934700000000002	-0.00118716	-0.00104023	-0.00010415100000000004
0.11924168	-0.1449483386	-0.0393669609	-0.163264634	-0.1428085324	-0.049173967	-0.0871678902	-0.07753134589999999	0.07046183730000001	-0.0591528974	0.0442849438	-0.00511483	0.0564712	-0.117648	-0.0008145249999999998	-0.000976353	-8.06208e-05
0.08813885000000002	-0.0883855908	-0.0272877226	-0.0716172909	-0.082466195	0.0389922955	-0.0446006943	-0.0777227516	0.0712053446	-0.0607447724	0.0469203142	-0.00171284	0.0500022	-0.097476	-0.00164108	-0.000716317	-0.000155947
0.10751142000000004	-0.078499877	-0.0296512539	-0.049188971	-0.1440240189	-0.0097068766	0.0320772843	-0.0779063275	0.0719201593	-0.062281575599999986	0.0494800651	-0.012927600000000001	0.0640531	-0.13486099999999998	-0.00108376	-0.0008016560000000001	9.86092e-05
0.11649589800000001	-0.1350300167	-0.0559754768	-0.124173647	-0.1406481334	0.0145217816	0.0109950856	-0.078082055	0.0726059935	-0.0637619136	0.051960071	0.0007806879999999998	0.0507735	-0.0704925	-0.00127738	-0.0008099639999999999	-0.000202253
0.16298626799999996	-0.041485022	0.0017540259	-0.1187753115	0.020820924	0.0196768163	-0.0489148243	-0.0782499164	0.0732625707	-0.0651844444	0.0543563352	-0.00585708	0.05996669999999999	-0.143056	-0.00241819	-0.00115412	-0.000209123
0.14618016999999994	0.1364170487	0.111809897	-0.0018124463	0.0939407404	0.0817702478	-0.0089012117	-0.0784098948	0.07388962639999999	-0.0665478783	0.0566649955	-0.034134500000000005	0.0684364	-0.100466	-0.00256159	-0.000418532	-0.0006669960000000001
0.07595604999999997	0.0939832007	0.1122150512	0.0281558882	0.0911707641	-0.0490890934	0.0612467124	-0.0785619741	0.0744869079	-0.0678509792	0.0588823313	-0.0105042	0.0674544	-0.100324	-0.00195367	-0.000500641	-0.00033299
0.10846486	0.1670106776	0.1123567079	0.0434495984	0.116986497	-0.0518167067	-0.07278792490000001	-0.0787061389	0.0750541746	-0.0690925657	0.061004769	-0.00538139	0.06004030000000001	-0.140234	-0.00227647	-0.00121768	-0.00025247
0.05318961000000001	0.0349353577	0.0721124024	0.0529432897	0.0711440311	-0.0369906186	0.0389951751	-0.0788423748	0.07559119780000001	-0.0702715121	0.0630288878	0.00230992	0.0577106	-0.152371	-0.00178461	-0.00132003	-0.000226048
0.037266819999999985	0.0617296291	0.0860336468	0.1000339745	0.0347581911	-0.0831553297	-0.0105086914	-0.0789706681	0.0760977612	-0.0713867496	0.06495142570000001	-0.00539355	0.05941990000000001	-0.155748	-0.00196451	-0.00104922	-0.00026487900000000004
0.049954659999999984	0.0537835262	0.0877695411	0.1147861726	0.0087966598	-0.0642804512	-0.048552140999999986	-0.07909100570000001	0.0765736605	-0.0724372672	0.0667692842	0.00437516	0.0524611	-0.142709	-0.00209479	-0.0008119269999999999	-0.00022868900000000002
0.07754691000000001	0.0292936663	0.0720664796	0.1330038476	-0.0154362855	-0.1103993848	4.89446e-05	-0.0792033756	0.0770187042	-0.0734221124	0.0684795334	-0.004578199999999999	0.057376199999999995	-0.140539	-0.00107997	-0.0009213410000000001	-0.00012275399999999998
0.034734749999999995	-0.0221074327	0.040511801	0.040676427	-0.0541370768	-0.0487044655	0.0600856887	-0.0793077664	0.0774327128	-0.0743403923	0.0700794171	-0.00587845	0.0549437	-0.126025	-0.00103365	-0.0008653119999999999	-0.000350165
0.07591448999999999	-0.08741947859999999	0.032199452	-0.0374514065	-0.0489210367	-0.1379856287	0.1005128263	-0.0794041677	0.0778155195	-0.07519127440000001	0.0715663568	-0.00584926	0.0253988	-0.139066	-0.00116564	-0.00044458199999999995	-0.00023689700000000002
0.07445346	0.0782665067	0.0579651081	0.0096486008	0.0624780986	0.0235510657	0.0190569186	-0.0794925697	0.07816697	-0.0759739873	0.072937956	-0.00615147	0.0484736	-0.160679	-0.00150417	-0.000608162	-0.00014973799999999998
0.07090732999999999	0.140833001	0.0534612322	0.0290862773	0.0776681895	0.040421489500000005	0.0677748958	-0.0795729635	0.0784869228	-0.0766878214	0.0741920043	0.00345681	0.046695099999999996	-0.135207	-0.00109454	-0.000787652	-0.000241589
0.044961215	0.1483809119	0.0426358693	0.055409113	0.0492694481	0.0549939204	-0.0251064887	-0.079645341	0.0787752489	-0.0773321295	0.0753264804	0.00465162	0.0471774	-0.137202	-0.00136414	-0.0011859000000000001	-8.36549e-05
0.05134843	0.13071451539999998	0.0343019677	0.029075763	0.04484874900000002	0.05546825230000002	0.0514828778	-0.079709695	0.0790318321	-0.0779063275	0.0763395561	0.0060983	0.054905600000000006	-0.12829000000000002	-0.000976892	-0.000941242	-5.03299e-05
0.05627673499999999	0.097457609	0.0410499677	0.0562774425	0.017880521	0.049220211500000006	0.0369265954	-0.0797660189	0.079256569	-0.0784098948	0.0772295986	0.00318363	0.0471926	-0.11767300000000006	-0.00150733	-0.00109467	-6.71052e-05
0.06938171	0.0472517539	0.0207713098	0.0714283725	-0.0012214757	0.0209695837	-0.0883399089	-0.0798143071	0.0794493692	-0.0788423748	0.07799517339999999	0.0216064	0.0374875	-0.130524	-0.00175712	-0.00118617	-0.000293872
0.09596412	-0.008606426	0.0282533842	-0.03771348	0.0138386227	0.0310990264	0.0681110004	-0.0798545546	0.0796101548	-0.0792033756	0.0786350467	0.0106701	0.054774199999999995	-0.11625	-0.00117694	-0.00100334	1.24604e-05
0.05183581499999999	-0.0036216899	0.037084127	0.0048836698	0.0067152396	-0.0458151655	0.0001914626	-0.0798867576	0.0797388611	-0.0794925697	0.0791481873	0.008454879999999998	0.0439477	-0.123982	-0.000867675	-0.0007548110000000001	-5.09875e-05
0.04620625849999997	-0.0289291409	0.0316446338	0.0324450373	-0.034315433900000004	-0.0512147651	-0.030711399700000006	-0.0799109126	0.0798354362	-0.079709695	0.0795337681	0.0132776	0.0480711	-0.10360899999999999	-0.0009946360000000001	-0.000603353	8.336269999999996e-06
0.07984923149999999	-0.0540834937	0.0321207146	-0.0140072643	-0.044763059800000005	-0.0892497498	0.0051943376000000005	-0.0799270173	0.0798998413	-0.0798545546	0.0797911678	-0.000345055	0.054233900000000015	-0.13535	-0.0007629499999999998	-0.0008880449999999999	5.84138e-05
0.08986982199999999	-0.0031157784	0.0313701768	0.0276530513	-0.0136175874	-0.0143148655	-0.0292709054	-0.07993507009999999	0.0799320503	-0.0799270173	0.0799199714	0.0005180769999999999	0.0571072	-0.11774000000000001	-0.00161329	-0.000426331	0.0
