0.0	0.0543589206	-0.0165439589	0.0712788879	-0.0449558119	0.0151610928	-0.0074745196	0.07993507009999999	0.0799320503	0.0799270173	0.0799199714	-0.00745146	0.00617082	-0.0287692	0.0008031819999999999	0.000270727	-0.00055574
0.08616370240000001	0.056776169400000014	-0.0519478612	0.0528912676	-0.0340895148	-0.0219624005	0.011303783799999998	0.0799270173	0.0798998413	0.0798545546	0.0797911678	-0.008791699999999998	0.00237264	6.01829e-05	3.63601e-06	0.000193362	-0.00038873300000000016
0.024745459100000002	0.0648646304	0.0018673724	0.0446385778	-0.007561954799999999	0.027223332000000003	-0.0691414271	0.0799109126	0.0798354362	0.079709695	0.0795337681	2.77351e-05	2.68196e-05	6.246600000000001e-05	-4.03014e-05	-2.8663e-24	-0.00042299199999999996
0.0257428045	0.0694808284	-0.0228933647	0.0234208063	-0.0258829478	0.0469809139	0.02291469	0.0798867576	0.0797388611	0.0794925697	0.0791481873	2.4928699999999997e-05	2.52835e-05	-0.010738	-5.448480000000002e-06	-0.0	-0.000159085
0.04063660353000001	0.0707196653	-0.0072030986	0.0424827442	0.0212002196	0.0578605567	-0.0390752244	0.0798545546	0.0796101548	0.0792033756	0.0786350467	7.81567e-06	0.0109164	-0.0167102	0.000218945	0.000106142	-0.000303673
0.045383208230000006	0.0786952779	-0.015902099	0.0418630176	-0.0092086015	0.035477357599999995	0.004865491	0.0798143071	0.0794493692	0.0788423748	0.07799517339999999	3.09232e-05	2.6049299999999998e-05	-0.0105641	-0.000176782	-0.0	-0.000239069
0.0504330175	0.0447900663	-0.0191568323	0.00540864	0.0353290038	0.0632208566	-0.0553008489	0.0797660189	0.079256569	0.0784098948	0.0772295986	0.00349523	0.013483199999999999	-0.025469299999999997	-9.85982e-05	-0.000125387	-7.05126e-05
0.0474617683	0.0126427041	-0.0454868397	-0.0679504088	-0.022931041800000003	-0.0156426554	-0.0549623754	0.079709695	0.0790318321	0.0779063275	0.0763395561	3.30357e-05	4.383600000000001e-05	-0.0105632	-0.00015173	-5.558590000000001e-24	-0.00020507599999999997
0.035762663800000004	-0.0769180822	-0.0129977074	-0.1204853199	-0.0158753294	0.032205320600000004	-0.1317039032	0.079645341	0.0787752489	0.0773321295	0.0753264804	4.60355e-05	0.00529526	-0.020197299999999998	3.5521799999999996e-05	-9.450370000000001e-05	-6.95487e-05
0.0573757055	-0.1004099827	-0.0274363947	-0.034456463300000004	0.0030439833	0.0025104229	-0.1345701293	0.0795729635	0.0784869228	0.0766878214	0.0741920043	-0.00797159	-0.0115514	-0.030917400000000005	-5.41149e-05	0.000251686	-6.95487e-05
0.0301365273	-0.0684304877	0.001295632	0.0058253441	-0.0094444347	-0.0269651991	-0.1461061411	0.0794925697	0.07816697	0.0759739873	0.072937956	4.5023500000000014e-05	4.75138e-05	-0.0245792	-5.33979e-05	0.000334625	-6.95487e-05
0.05204139150000001	-0.0250850216	-0.0696431519	0.0180329952	-0.0107467692	0.00862696	-0.0563330472	0.0794041677	0.0778155195	0.07519127440000001	0.0715663568	-0.00899479	4.38108e-05	0.00131592	-0.00028885200000000003	0.000228024	-6.95487e-05
0.011098721000000002	0.0344913604	-0.0401655787	0.0636300516	-0.0059851513	0.0123017012	-0.0575440854	0.0793077664	0.0774327128	0.0743403923	0.0700794171	-0.008857119999999998	4.3809799999999995e-05	0.00983672	-0.00028885200000000003	0.00017921900000000002	-6.95487e-05
0.06664407522	0.0616880541	-0.08531567470000001	-0.0202961984	0.0135225514	0.0268684716	0.0296371249	0.0792033756	0.0770187042	0.0734221124	0.0684795334	0.00192943	3.9545800000000005e-06	-0.00136868	-0.0008643439999999999	-0.0	6.79857e-05
0.07071215042000001	0.0608002504	0.0030383844	-0.0814007158	-0.0002550191	0.0129725765	-0.0622405072	0.07909100570000001	0.0765736605	0.0724372672	0.0667692842	0.00366525	0.0105998	-0.013173700000000005	-0.00028885200000000003	-0.000246309	0.00017769400000000002
0.04875694999999999	0.013022801	-0.0495184292	-0.08576797470000001	-0.1017140919	-0.0385135426	-0.0029258375	0.0789706681	0.0760977612	0.0713867496	0.06495142570000001	-0.00619098	0.00437713	-0.0082692	-0.00046878400000000003	0.000100083	0.000148547
0.07941519179999999	-0.0477178463	0.0051190545	-0.0448247287	-0.0716302946	-0.0578002411	-0.0544999066	0.0788423748	0.07559119780000001	0.0702715121	0.0630288878	0.0009641910000000001	3.52592e-05	-0.027884500000000003	0.000345251	-0.0	0.000200486
0.0583722852	-0.0022749432000000003	0.0070115722	0.0520124892	-0.081855181	-0.0476170532	-0.06124545610000001	0.0787061389	0.0750541746	0.0690925657	0.061004769	0.00096321	-0.0175137	-0.0330724	-9.74032e-05	-0.0	-6.95487e-05
0.0573684255	0.0137358085	-0.0011676379	0.0397288432	-0.0374673218	-0.0696345501	-0.0511029326	0.0785619741	0.0744869079	0.0678509792	0.0588823313	0.0085777	-0.010063899999999999	-0.0387616	0.000424365	0.000137453	3.52881e-06
0.07623919249999997	0.021487694900000003	0.017928753500000002	0.0677172969	-0.0923625286	-0.0197428333	-0.0183085413	0.0784098948	0.07388962639999999	0.0665478783	0.0566649955	0.000969558	-0.020981299999999998	-0.033059899999999996	-0.000289223	9.61148e-05	-0.00028178400000000004
0.072675228	0.0369747656	-0.04066874	0.0776106674	0.0158679337	-0.016770882	0.0184449278	0.0782499164	0.0732625707	0.0651844444	0.0543563352	0.00096321	-0.00560715	-0.00114045	-9.006749999999997e-05	-9.425600000000002e-25	-6.95487e-05
0.045861139899999986	0.0379373736	-0.0127958149	0.0052498014	0.037797103	0.0519405763	-0.0279230808	0.078082055	0.0726059935	0.0637619136	0.051960071	-0.00327578	4.3679899999999995e-05	-0.030547300000000006	-0.000147357	-7.39999e-05	-6.95487e-05
0.0576899051	-0.0457267817	-0.027642683900000003	-0.07576682	-0.0224374871	-0.0082376185	-0.0078876408	0.0779063275	0.0719201593	0.062281575599999986	0.0494800651	0.00096321	0.0122672	-0.029406900000000007	0.0005803830000000001	-0.0	-6.95487e-05
0.0770887491	-0.0301537185	0.0256275431	-0.0578653976	-0.0568873184	-0.0485846144	-0.0308640064	0.0777227516	0.0712053446	0.0607447724	0.0469203142	0.00096475	4.78959e-05	-0.012559899999999999	-0.000317785	6.22501e-05	-6.95487e-05
0.0526702809	-0.0594424536	0.0193653899	-0.006198509499999999	0.0009122657	-0.0935590048	-0.0048319187	0.07753134589999999	0.07046183730000001	0.0591528974	0.0442849438	0.0141251	-0.00359435	-0.00873921	0.000130939	9.08881e-05	9.40292e-05
0.053705812	-0.0223727475	0.0075859905	0.0094058924	-0.014825197	-0.0089695157	0.0006304912999999999	0.0773321295	0.06968993700000001	0.0575073938	0.0415782013	0.0009606630000000001	-0.016954900000000002	-0.0146561	-1.03509e-05	0.00021129900000000002	-6.95487e-05
0.037824232	-0.0038284173	-0.027253549	0.0297344651	0.0012063826	-0.0990174069	0.0491041151	0.0771251226	0.06888995490000001	0.0558097533	0.038804449	0.008350949999999998	-0.0203006	-0.013086600000000002	0.000376794	8.8069e-05	-6.95487e-05
0.06145100349999999	0.0316706131	0.0216522759	0.0773479562	-0.0221440328	-0.0207559546	0.0288435205	0.07691034599999999	0.0680622132	0.0540615151	0.0359681572	0.000967775	-0.016941399999999995	-0.0243871	-9.05027e-06	-4.1358999999999995e-25	-0.00038379800000000003
0.05460308849999999	0.0283790029	-0.0368383512	0.0598836508	0.0415500541	-0.0377358146	0.054894564400000005	0.0766878214	0.06720704549999999	0.0522642642	0.0330738971	0.00436406	-0.0067393999999999996	-0.00112253	3.1505100000000004e-05	-0.0	-6.95487e-05
0.04424561	0.0549372317	0.0119627672	0.0235037785	0.07184450099999999	0.0661070659	0.0673348835	0.07645757110000001	0.0663247964	0.05041963	0.0301263332	0.00872174	-0.00289986	-0.0174618	-0.000216729	-5.84105e-24	-0.00021549700000000001
0.058040432999999995	0.0252741479	-0.030847841400000006	-0.0825692673	0.035164033500000004	-0.0078303357	0.0251080075	0.0762196185	0.06541582139999999	0.0485292848	0.0271302159	0.00382092	-0.000110642	-0.00760147	0.000170823	-0.000276301	-6.95487e-05
0.069603257	-0.0526092446	0.0800497978	-0.0523347779	-0.0271057446	-0.008685657900000001	0.0348778769	0.0759739873	0.0644804868	0.046594942400000006	0.024090374	0.0009586460000000001	-0.00575788	-0.020410499999999998	-0.000565066	-0.00017029	-0.00019334299999999998
0.104129359	-0.0878689824	0.0187985232	-0.0098517484	0.0451461533	-0.0712039364	-0.0219598659	0.0757207024	0.0635191694	0.044618356500000005	0.0210117067	0.0127531	-0.016962599999999998	-0.0370814	0.000374417	5.56184e-05	-6.95487e-05
0.028106494999999995	-0.0155856821	0.0597897953	0.0354567086	0.0511494109	0.0198501169	0.0033180006	0.0754597894	0.0625322567	0.0426013192	0.0178991758	0.008185599999999998	-0.0169886	-0.0366828	0.00018321	0.000210652	-0.00018559599999999998
0.05576613900000001	0.0282393154	-0.0151495369	0.0264513762	0.0344699258	0.0218038462	0.1175588235	0.07519127440000001	0.0615201462	0.0405456591	0.0147577975	0.0009585860000000001	-0.00138341	-0.0435272	0.0004513430000000001	7.304159999999998e-05	-6.95487e-05
0.06450863400000001	0.0557417581	0.0258162705	0.0024366999999999995	0.08812966259999999	0.0350711898	0.1022790704	0.0749151845	0.060483246	0.038453239900000005	0.0115926346	0.010667	-0.00153165	-0.028311799999999998	-0.000153912	-0.000110435	-6.95487e-05
0.02722125	0.0854940179	0.0087456725	-0.0180937522	-0.0099735536	0.008872322	0.1137624804	0.0746315476	0.0594219737	0.0363259585	0.0084087885	0.00845038	-0.00601913	-0.0361121	-0.00035124	-0.00016744400000000002	-6.95487e-05
0.063684626	0.0292219379	0.0341264348	-0.0725812397	0.020745188	-0.0403064979	0.05990702	0.0743403923	0.058336757	0.0341657437	0.0052113902	-0.000878016	0.00339775	-0.0376639	0.000349067	-0.0	-6.95487e-05
0.041612496	-0.0228780154	0.0894160397	-0.0438385288	-0.0176596646	-0.0124909703	0.0513910606	0.0740417477	0.0572280333	0.0319745538	0.002005593	0.00243349	-0.00935164	-0.0350051	-0.00010878899999999999	-0.0	-6.95487e-05
0.043597220000000006	-0.0888900842	0.08259523839999999	-0.0456397905	0.0685841446	-0.0523756664	-0.047128223600000005	0.0737356442	0.0560962492	0.0297543755	-0.0012034366	0.0115117	-0.0182486	-0.0384791	0.000334172	-0.0	-6.95487e-05
0.0546931	-0.0552096606	0.0808178504	0.0409821653	0.0827902603	0.023667311	0.0226140854	0.0734221124	0.0549418609	0.0275072215	-0.0044105266	0.006823899999999999	-0.0346148	-0.033100300000000006	-0.000164629	6.6405e-05	-6.95487e-05
0.047919615	-0.054972380300000005	0.0683674126	0.0449972548	0.1110945576	0.0181937392	0.0656259977	0.07310118389999999	0.0537653335	0.0252351292	-0.007610508399999999	0.011514700000000001	-0.0109086	-0.020953	-0.000164629	-0.0	-0.00015065
0.07347682499999998	0.0400649086	0.0500267107	0.006802902800000001	0.055619539	0.0582690441	0.1331647517	0.0727728912	0.052567141100000006	0.0229401584	-0.0107982247	0.0115051	0.00793011	-0.054654999999999995	-0.000327442	-0.000174616	-6.95487e-05
0.0676506675	0.0217394129	-0.0020176719	-0.0704014856	0.0349076334	0.0055078691	0.1282981127	0.0724372672	0.0513477665	0.0206243899	-0.0139685379	0.011510200000000002	0.007909219999999998	-0.030779200000000007	0.000300123	-0.0	3.24785e-06
0.0841047525	-0.002363067	0.0814061745	-0.0319057042	-0.0271442459	-0.0758250186	0.1704379064	0.0720943458	0.050107701	0.0182899231	-0.0171163386	-0.00399905	-0.00673893	-0.0262538	-0.000231625	5.0188199999999995e-05	-0.000403255
0.059227269999999985	-0.0543315926	0.0806252818	-0.0234398459	-0.0003404121	-0.05936394	0.099986675	0.0717441615	0.0488474444	0.0159388744	-0.0202365536	0.00252504	-0.022959900000000002	-0.0363944	-8.86873e-05	-0.0	-6.95487e-05
0.02852608	-0.0549925637	0.1058007589	0.0198976128	0.07465705339999999	0.0093513941	0.0214333062	0.0713867496	0.0475675045	0.0135733754	-0.0233241543	-0.00184242	-0.0270887	-0.0362434	-8.86874e-05	0.000128	-0.000339125
0.0658888	-0.0474187735	0.0612976991	-0.0381936618	0.1278982898	0.053346273	0.0307829369	0.0710221462	0.046268397	0.0111955706	-0.0263741644	-0.00287126	-0.022940900000000004	-0.0477165	-0.000258977	-0.000266935	8.04316e-05
0.04588791	-0.1163043683	0.0769431353	-0.06156655530000001	0.0117413462	0.0241844946	0.031085772200000007	0.0706503878	0.0449506455	0.0088076158	-0.0293816684	-0.00664174	-0.0229398	-0.039611	-0.000371178	0.000248988	2.8339e-05
0.037762665	-0.06841853860000001	0.054850690300000005	0.0405698423	0.0448454591	0.0013217834	0.014908863400000003	0.0702715121	0.0436147809	0.006411676	-0.0323418192	-0.00667644	-0.022959900000000002	-0.0499546	-8.86873e-05	8.208109999999998e-05	-6.95487e-05
0.04419652	0.0101058457	0.0279541814	0.0371669952	0.0129731985	0.0843050664	0.0660103888	0.0698855571	0.0422613414	0.0040099232	-0.0352498461	-0.00670963	-0.018502200000000003	-0.026844200000000002	-0.000340831	0.000161842	-6.95487e-05
0.055630725	0.0467850304	0.0431854283	-0.0231506833	-0.0102817298	0.0624645365	0.08736755289999999	0.06949256179999999	0.0408908726	0.001604535	-0.0381010623	-0.00672059	-0.015059799999999996	-0.0534207	-0.00021229200000000002	0.000433986	4.17856e-05
0.06880314	-0.0362441923	0.0697032085	-0.0589849981	-0.0137915824	-0.0083182664	0.0892693932	0.0690925657	0.0395039266	-0.0008023078999999999	-0.0408908726	-0.00357539	-0.00111065	-0.032889800000000004	-0.00030115700000000003	-1.89364e-05	0.000123556
0.04717088499999999	-0.0784800558	0.0922363087	-0.0011468842	0.039311452	-0.0802221924	0.0576257082	0.0686856091	0.0381010623	-0.0032084234000000003	-0.0436147809	-0.00667677	-0.022958000000000003	-0.0328509	-0.000279307	0.000209774	-6.95487e-05
0.034777325	-0.0357704764	0.029170719700000007	0.0477285477	0.0806131277	0.0044551463	0.083760271	0.068271733	0.0366828449	-0.0056116301	-0.046268397	-0.00668963	-0.022963400000000002	-0.00931678	-0.00034046300000000005	4.64311e-05	-6.95487e-05
0.04902191499999999	-0.0190956862	-0.0181620851	-0.01205833	0.1323855065	0.0944760519	0.1236731919	0.0678509792	0.0352498461	-0.0080097493	-0.0488474444	-0.00274689	-0.022956	-0.00524913	-0.000962643	-5.94928e-05	2.2429899999999997e-05
0.13742316	-0.053549876100000005	-0.042411097800000006	-0.0637858821	-0.006677725799999999	0.010883176	0.0793282007	0.06742339	0.0338026431	-0.0104006067	-0.0513477665	-0.016587599999999997	-0.009237700000000001	-0.0352813	0.00041935199999999995	8.048840000000001e-05	9.70933e-05
0.050602465	-0.111768119	0.0107227641	-0.0302399584	0.015295114	-0.0106814301	0.018747293600000003	0.0669890084	0.0323418192	-0.0127820349	-0.0537653335	-0.0106299	-0.008848049999999998	-0.0362694	0.000137389	0.000649789	0.00011117
0.07247318999999999	-0.0584853537	0.0629286475	0.0555984442	0.0504290258	-0.0040025786	0.0189716687	0.0665478783	0.030867963	-0.0151518747	-0.0560962492	-0.011731900000000005	-0.020643099999999998	-0.0284423	-0.000526066	0.000458982	-6.954880000000001e-05
0.05651111	-0.0035761936	-0.0104700851	0.0430692603	0.052062515700000006	0.0792885034	0.0241377455	0.0661000441	0.0293816684	-0.0175079777	-0.058336757	-0.00714587	-0.00972236	-0.0352519	-0.00033939800000000003	0.000549454	0.000337206
0.034356257	-0.0618708634	-0.0191582004	-0.0675743417	-0.0186939478	-0.007513181	0.06765282110000001	0.06564555080000001	0.0278835343	-0.0198482077	-0.060483246	-0.00716956	0.00014325700000000001	-0.0235354	-0.00033939800000000003	0.000294445	0.000337206
0.13562186300000004	-0.0992533645	0.023361995	0.038587209	-0.0142335096	-0.0277944924	0.0386151544	0.0651844444	0.0263741644	-0.0221704431	-0.0625322567	-0.00709801	0.00503832	-0.07685789999999999	0.0008910139999999998	0.000311225	3.7743e-05
0.15710976	0.0177252152	-0.0690022458	0.041358971	0.0438728309	0.0780260341	0.014837943700000003	0.0647167712	0.0248541669	-0.0244725786	-0.0644804868	-0.012528000000000001	-0.0229105	-0.013070300000000005	-8.1968e-05	0.00031899	0.000255863
0.06936785000000001	0.0258752717	-0.0595711542	-0.0429501015	-0.05805817150000001	0.0358961634	0.0164203316	0.0642425783	0.0233241543	-0.026752527	-0.0663247964	-0.0203736	-0.00585015	-0.031827499999999995	-8.1968e-05	0.0007517410000000001	0.000337206
0.101242305	-0.0419489609	0.042244474	0.0102539652	-0.0872519459	-0.0215584721	0.0001472456	0.0637619136	0.0217847431	-0.0290082213	-0.0680622132	-0.0115206	-0.014270500000000004	-0.036818800000000006	-0.0007881139999999999	0.000142624	7.291589999999997e-05
0.047716355	-0.0049051363	-0.06015914980000001	0.0372085117	-0.0276997192	0.0630641897	-0.0537425162	0.0632748254	0.0202365536	-0.0312376164	-0.06968993700000001	-0.015287299999999997	-0.0229825	-0.0448669	-0.0011255700000000002	0.000142624	0.000279251
0.061736800000000015	-0.0121933092	-0.0901316086	-0.084517093	-0.1076179677	0.0374569454	-0.0049635751	0.0627813628	0.0186802098	-0.0334386912	-0.0712053446	-0.013939400000000001	-0.022940900000000004	-0.0326152	-0.00101014	0.000522995	0.0007453619999999997
0.08599460000000002	-0.0338577496	-0.0037239963	0.0690448937	-0.0929853845	-0.0140900653	-0.0559913272	0.062281575599999986	0.0171163386	-0.035609450099999995	-0.0726059935	-0.0149055	-0.0229368	-0.0714313	-0.000483765	0.000630382	0.00045495800000000004
0.12655274000000002	0.0511158021	-0.0847513858	0.0314412891	-0.005377930699999999	0.0950314718	-0.013956973700000002	0.061775514	0.0155455703	-0.037747925	-0.07388962639999999	-0.00717701	-0.0138033	-0.0216977	-0.0013865	0.00037023300000000003	0.000491217
0.06331084	0.0599807685	-0.0488056293	-0.0026556563	-0.0779605521	0.0346596291	-0.0169748729	0.0612632291	0.0139685379	-0.0398521774	-0.0750541746	-0.013741999999999999	-0.00425865	-0.0376644	-0.00117111	0.000142624	0.0006729080000000001
0.13739086	-0.0537025344	-0.0299534157	0.0344285782	-0.0514284669	-0.05913676530000001	-0.0591249192	0.0607447724	0.0123858767	-0.0419202993	-0.0760977612	-0.00978748	-0.00848159	-0.08502329999999997	0.000388047	0.000142624	0.000594975
0.08676504000000003	0.0125264008	-0.0649964831	0.036718187	0.0288065518	0.0371643982	-0.0791451323	0.0602201963	0.0107982247	-0.0439504158	-0.0770187042	-0.0122024	0.00937068	-0.07318869999999998	0.00109193	0.00024260700000000002	0.0008843739999999998
0.022591712000000003	0.0108229333	-0.1086723951	-0.0588011783	-0.0738849642	0.007395425699999999	-0.0950478423	0.0596895534	0.0092062214	-0.0459406864	-0.0778155195	-0.014654399999999996	0.00030611799999999997	-0.0662571	0.00102093	0.000254478	0.0008843739999999998
0.10854131800000001	-0.046667427699999986	-0.0786263234	0.0322806983	-0.0644429352	-0.0455318606	-0.0918387873	0.0591528974	0.007610508399999999	-0.0478893067	-0.0784869228	-0.0110005	-0.030510900000000007	-0.0596504	0.000115085	0.000383239	0.000569706
0.10761595	0.0229743255	-0.1118579301	0.0547684876	-0.0168241417	0.0265041605	-0.0941654135	0.0586102822	0.0060117288	-0.0497945101	-0.0790318321	-0.0140696	-0.0264102	-0.0349569	-0.00109023	0.000142624	0.0005005830000000001
0.12345222	0.0625880801	-0.1366797582	-0.0696316304	-0.08308818429999999	0.047849317800000006	-0.0474846253	0.0580617626	0.0044105266	-0.0516545692	-0.0794493692	-0.009976670000000005	-0.030609800000000006	-0.07736169999999999	-0.00022495099999999998	-6.340479999999999e-05	0.000884373
0.08075009000000001	0.0112182668	-0.07047731019999999	-0.0125886649	-0.09410292039999996	-0.0514792601	-0.0539729926	0.0575073938	0.0028075473	-0.0534677978	-0.0797388611	-0.012692100000000001	-0.0241184	-0.0446617	-0.00022495099999999998	-0.000321841	0.000365944
0.12771285	-0.0034358904	-0.07424556610000001	0.06281873	-0.0243698471	-0.0026369064	-0.0546744232	0.0569472315	0.0012034366	-0.0552325519	-0.0798998413	-0.0127773	-0.0648288	-0.04494190000000002	-0.0010515600000000002	0.000143582	0.0008066529999999997
0.08777129999999997	0.0475893577	-0.0733798272	0.0912320397	0.0333538032	0.0410909469	-0.08592120240000001	0.05638133240000001	-0.000401159	-0.0569472315	-0.0799320503	-0.0178801	-0.0397092	-0.014045400000000001	-0.00147694	0.000246941	0.0008023439999999998
0.08548415	0.0517990764	-0.0653755149	-0.0125780827	0.0569776421	0.0660425658	-0.1064736241	0.0558097533	-0.002005593	-0.0586102822	-0.0798354362	-0.012541799999999999	-0.027161400000000002	-0.0412913	-0.00181212	-0.00014289200000000001	0.0008843739999999998
0.052813346500000004	-0.0174692223	-0.0093212637	-0.0588685154	-0.0280428361	-0.011131736399999998	-0.1507794849	0.0552325519	-0.0036092188	-0.0602201963	-0.0796101548	-0.0169209	-0.0271577	-0.026190699999999997	-0.00136217	-6.479069999999997e-06	0.000804138
0.13906384650000006	-0.055012964	-0.0050671649	-0.0021989203	-0.0160046456	-0.0003910472	-0.1498352941	0.0546497862	-0.0052113902	-0.061775514	-0.079256569	-0.013731499999999999	-0.0348189	-0.08010199999999999	-0.000228658	-0.000108018	0.00055315
0.11376155	-0.0049622638	-0.0318466093	0.0373953694	0.0241546665	-0.017304641699999998	-0.1235211485	0.0540615151	-0.0068114617	-0.0632748254	-0.0787752489	-0.013747899999999999	-0.0317811	-0.0428814	-0.00146054	-0.000321841	0.00057718
0.055439725	0.0625287335	0.0039728424	0.0377983301	0.0020998458	0.08535819609999999	-0.0189962975	0.0534677978	-0.0084087885	-0.0647167712	-0.07816697	-0.023606400000000003	-0.0330249	-0.0368425	-0.0018395	1.47265e-05	0.000526737
0.06308977500000001	0.0983965692	-0.0719571936	-0.06779454509999999	-0.0982674587	-0.0063377819	-0.0216079389	0.052868694	-0.0100027269	-0.0661000441	-0.0774327128	-0.017684799999999997	-0.0277492	-0.06412709999999999	-0.00181505	-0.000166985	0.000812733
0.06976065	-0.0388552874	0.0404110619	-0.0239714211	-0.0446397813	-0.051097003200000005	-0.1010389371	0.0522642642	-0.0115926346	-0.06742339	-0.0765736605	-0.0057899	-0.0501051	-0.0639549	-0.0012631700000000005	-0.000321841	0.0008127160000000001
0.06534208000000001	0.0198467536	0.0205577519	0.05034396	-0.0007734596000000001	-0.0278219434	-0.1012503005	0.0516545692	-0.0131778711	-0.0686856091	-0.07559119780000001	-0.009702100000000005	-0.06671569999999999	-0.08078019999999997	-0.0011602000000000001	5.745560000000001e-05	0.0007351029999999998
0.10762967999999996	0.0131160025	-0.044810254400000006	0.0542104559	0.027096568	0.025126574	-0.032236829	0.0510396705	-0.0147577975	-0.0698855571	-0.0744869079	-0.010474200000000001	-0.0384827	-0.0356433	-0.0016420000000000002	-0.000118975	0.00072358
0.07199001	0.0504044009	-0.0943658189	-0.0229507914	0.0920378154	0.0163597763	-0.0864419667	0.05041963	-0.0163317771	-0.0710221462	-0.0732625707	-0.00734216	-0.0135035	-0.0462279	-0.00191256	-6.55816e-05	0.00106551
0.07193196	0.0502701217	-0.0129092728	-0.0101063959	-0.1369821217	-0.0410056061	-0.0151131591	0.0497945101	-0.0178991758	-0.0720943458	-0.0719201593	-0.0145185	-0.024959400000000003	-0.043133099999999994	-0.0012812800000000005	-0.000135481	0.0007625909999999999
0.06606162	0.0402674708	-0.0460352046	0.0608834626	-0.0609465997	-0.036701667400000006	-0.0408431223	0.0491643739	-0.0194593619	-0.07310118389999999	-0.07046183730000001	-0.00515568	-0.016483900000000003	-0.0517576	-0.00184189	-0.000100161	0.0009586369999999999
0.05627055	0.098642258	-0.0692192632	0.0558426789	-0.0365081552	0.0207507336	0.0141859044	0.0485292848	-0.0210117067	-0.0740417477	-0.06888995490000001	-0.00293808	-0.015793	-0.0198017	-0.00197407	-0.000321841	0.0008843739999999998
0.09067797	0.1069411503	-0.0558020243	-0.013611228799999998	-0.0794986593	0.0703187408	0.014545618	0.0478893067	-0.0225555848	-0.0749151845	-0.06720704549999999	-0.00861866	-0.014502899999999999	-0.052602499999999996	-0.00131064	3.28588e-05	0.0008843739999999998
0.06130832	0.0903395669	0.0389282984	-0.0655146331	-0.1106016643	-0.057255893	-0.002240937	0.0472445043	-0.024090374	-0.0757207024	-0.06541582139999999	-0.00984877	0.00019857	-0.049288	-0.00177079	-0.00026137400000000004	0.000797512
0.045363384999999985	0.023711713	0.0200258442	0.0305288993	-0.0836822277	-0.0856706546	-0.0200615408	0.046594942400000006	-0.0256154559	-0.07645757110000001	-0.0635191694	-0.00722812	-0.011467100000000001	-0.059009900000000004	-0.00173982	-4.17427e-05	0.00062101
0.074796285	0.048175069800000005	0.0485384441	0.0592994855	-0.0247520519	-0.0648653391	-0.08041915849999999	0.0459406864	-0.0271302159	-0.0771251226	-0.0615201462	0.006437600000000001	-0.0185311	-0.0544812	-0.00109651	-0.000321841	0.0006883589999999999
0.070041585	0.0476386551	0.0154275809	0.0513667765	0.015789196499999998	-0.0814405398	-0.0361516664	0.0452818024	-0.0286340436	-0.0777227516	-0.0594219737	-0.00258979	-0.026143700000000002	-0.05910880000000001	-0.00144759	2.88129e-05	0.00041461300000000004
0.143915575	0.0701268411	0.060377586	0.0700290458	0.0104472396	-0.0013610414	-0.0906317751	0.044618356500000005	-0.0301263332	-0.0782499164	-0.0572280333	-0.00734472	-0.0220425	-0.0172553	-0.00265231	-0.00058564	0.00036966699999999996
0.10890161	0.0824420045	-0.035253348	0.0249453873	0.0782997441	0.0326332338	0.0214813094	0.0439504158	-0.0316064831	-0.0787061389	-0.0549418609	0.00159264	-0.0185733	-0.041533099999999996	-0.00152658	-0.000321841	0.000314851
0.056505737999999986	0.0759568314	0.0372297083	-0.0309860272	0.07221224700000001	0.0591514962	-0.011954218	0.0432780475	-0.0330738971	-0.07909100570000001	-0.052567141100000006	0.000982302	-0.030838	-0.056555600000000004	-0.00145761	-0.000629797	0.000510089
0.038888602	0.0869637114	-0.0173088551	-0.0727044132	-0.0260495803	0.0207468327	-0.0079015106	0.0426013192	-0.0345279838	-0.0794041677	-0.050107701	-0.010252500000000001	-0.0296931	-0.0580832	-0.00125912	-0.00038569900000000004	0.000567127
0.05614604	0.0835255851	0.0480121476	-0.0747429635	-0.0651162707	-0.038542937	-0.0392303451	0.0419202993	-0.0359681572	-0.079645341	-0.0475675045	-0.00595251	-0.0357652	-0.06763939999999999	-0.00096526	-0.000741508	0.000492441
0.031675283	0.0543828017	0.0294164664	-0.0729004413	-0.1112118288	-0.0754131374	0.1027689446	0.0412350562	-0.0373938371	-0.0798143071	-0.0449506455	-0.0007325269999999999	-0.041767900000000004	-0.08248819999999997	-0.0009936839999999999	-0.000741508	0.000408789
0.050065057	0.0356059588	0.0808085541	-0.0333264106	-0.0362089953	-0.0844279637	0.0638333923	0.0405456591	-0.038804449	-0.0799109126	-0.0422613414	0.00670813	-0.037156	-0.07525880000000001	-0.000884896	-0.001111	0.000271407
0.05300552	0.0231500673	0.0527357115	-0.0294103153	-0.0534301786	-0.0810925552	0.0397151488	0.0398521774	-0.0401994245	-0.07993507009999999	-0.0395039266	0.013586	-0.048519	-0.0919421	-0.0010114700000000002	-0.00101911	0.00041457
0.0416968	0.008863760600000001	0.0750428202	0.0086234616	0.0331909059	-0.1140405316	0.0459999258	0.0391546809	-0.0415782013	-0.0798867576	-0.0366828449	0.021687599999999998	-0.037168900000000005	-0.084958	-0.000923326	-0.00099658	0.0006091159999999999
0.08714980000000001	0.0080086779	0.083493522	0.0346502613	0.0092435693	-0.0490459564	0.0584426006	0.038453239900000005	-0.0429402241	-0.0797660189	-0.0338026431	0.0153548	-0.044616199999999995	-0.06785980000000001	-0.00187141	-0.000922517	0.000505833
0.0736773	-0.0199094849	0.0763990021	0.0224485446	0.0989777135	-0.0824770271	-0.043505791399999987	0.037747925	-0.0442849438	-0.0795729635	-0.030867963	0.018589599999999998	-0.0337625	-0.055575900000000004	-0.00120719	-0.00076729	0.000632484
0.13430514999999998	-0.0117127487	0.1036352247	0.021192424	0.025083326	-0.0150805027	-0.0498284334	0.037038807400000005	-0.0456118188	-0.0793077664	-0.0278835343	0.011058799999999999	-0.0371651	-0.102199	-0.00022967200000000002	-0.000427749	0.00041457
0.0934895	-0.031040446	0.03169845	-0.006959625	0.08482813539999999	-0.0735424623	-0.039441988	0.0363259585	-0.0469203142	-0.0789706681	-0.0248541669	0.00834865	-0.0492361	-0.0614722	-0.000731575	-0.0006854760000000001	0.000414569
0.08704291500000001	-0.0397461778	0.1125479244	0.0293105263	0.006488697	0.0140904923	-0.0222335654	0.035609450099999995	-0.0482099028	-0.0785619741	-0.0217847431	0.008418699999999998	-0.0532764	-0.0480711	-0.00153482	-0.000442105	7.05557e-05
0.055563364000000004	-0.0592512922	-0.0116157171	0.0179239829	0.08977676109999999	-0.0300692544	-0.0158369273	0.0348893543	-0.0494800651	-0.078082055	-0.0186802098	0.00030025099999999997	-0.0662852	-0.0303682	-0.00136874	-0.00047743	0.000203815
0.048500380999999995	-0.006081738000000001	0.0824884281	0.0366377861	0.0354222657	0.06807455650000001	-0.0318515838	0.0341657437	-0.0507302891	-0.07753134589999999	-0.0155455703	-0.00781938	-0.0695558	-0.056422300000000015	-0.00132125	-0.000626598	0.000228278
0.043143240000000006	0.0053829848	-0.0147306333	0.0244633294	0.133739846	-0.00032483720000000003	0.0513905589	0.0334386912	-0.051960071	-0.07691034599999999	-0.0123858767	-0.00771435	-0.0682367	-0.0343745	-0.00137651	-0.000765771	2.92848e-05
0.01596850499999999	-0.0118933257	0.021511517400000003	0.0245386027	0.1120521567	0.095073746	0.0059308396	0.03270827	-0.0531689154	-0.0762196185	-0.0092062214	-0.00772086	-0.066433	-0.03700440000000002	-0.00126876	-0.000652793	3.9124699999999995e-05
0.096723035	0.0025107043	-0.0605891277	-0.03889924	0.1199758213	0.047137146500000005	0.0618610951	0.0319745538	-0.0543563352	-0.0754597894	-0.0060117288	0.00513931	-0.061916999999999986	-0.07260180000000001	-0.0010734000000000002	-0.000956977	0.00041457
0.04470885000000002	0.0099534368	0.032723913	-0.1289601592	0.0576406261	0.0012239857000000002	-0.0044019606	0.0312376164	-0.0555218517	-0.0746315476	-0.0028075473	0.00931096	-0.048378199999999996	-0.07525319999999999	-0.00105008	-0.001353	0.00034697300000000004
0.023502140000000026	-0.0524257808	-0.0050777420000000005	-0.08583585980000001	0.0130902118	-0.08870520890000001	0.0985485927	0.0304975321	-0.0566649955	-0.0737356442	0.000401159	0.0102904	-0.0488407	-0.07334210000000001	-0.00108952	-0.0010275	0.000308931
0.02983059999999999	-0.0342327697	0.043540537	-0.0804733772	-0.0161864918	-0.0663761945	0.1151037038	0.0297543755	-0.0577853059	-0.0727728912	0.0036092188	0.012998599999999999	-0.0434944	-0.062042999999999994	-0.00119647	-0.00111053	0.000328491
0.0264805	-0.0320337202	0.0048660512	-0.0445128806	-0.0356348996	-0.0998858579	0.0698606709	0.0290082213	-0.0588823313	-0.0717441615	0.0068114617	0.013005700000000002	-0.0512547	-0.0677793	-0.00133772	-0.0010275	0.000293235
0.0598105	-0.0413935441	0.0679461878	-0.0129584093	-0.0120917695	-0.070765772	0.045166897699999986	0.0282591448	-0.059955629800000014	-0.0706503878	0.0100027269	0.0170708	-0.056838699999999985	-0.0676723	-0.0009472360000000001	-0.00151677	0.000414569
0.07123660000000001	-0.0659079037	0.0212631827	-0.0058028103	0.045188512400000005	-0.0766455088	0.0916934218	0.0275072215	-0.061004769	-0.06949256179999999	0.0131778711	0.022003599999999998	-0.0641684	-0.07811909999999997	-0.00124948	-0.0010275	0.00023553700000000002
0.06629128499999999	-0.0381920732	0.0591349393	0.0052454641000000005	0.0859058195	-0.048001365199999986	0.0572536656	0.026752527	-0.0620293259	-0.068271733	0.0163317771	0.0280568	-0.0645481	-0.0676295	-0.0007860449999999998	-0.00141206	9.615630000000004e-05
0.06649827500000001	-0.05223209	0.0265064905	-0.000408771	0.0803808132	-0.0123679306	0.0421275051	0.0259951375	-0.0630288878	-0.0669890084	0.0194593619	0.019199200000000003	-0.0654547	-0.08870609999999997	-0.00109934	-0.00115409	-4.57282e-05
0.052281025000000016	-0.0143074211	0.069918458	0.0436340086	0.1145170773	-0.0101338237	0.0497808068	0.0252351292	-0.06400305190000001	-0.06564555080000001	0.0225555848	0.026177099999999995	-0.047758300000000004	-0.08333759999999997	-0.0009705689999999999	-0.00143412	-8.169169999999998e-05
0.061145060000000015	-0.0164991217	0.0007048947999999999	0.0397429005	0.09189059	0.0434768616	0.0891547116	0.0244725786	-0.06495142570000001	-0.0642425783	0.0256154559	0.0191676	-0.0570433	-0.0771197	-0.00138647	-0.00115318	-5.8795e-06
0.091117025	0.0108266004	0.0143206196	0.0426130787	0.1560192901	0.0388848072	0.083795013	0.0237075627	-0.065873627	-0.0627813628	0.0286340436	0.0312157	-0.0301644	-0.08838229999999997	-0.001504	-0.0008802499999999998	0.000422209
0.03785175	0.0052849027	-0.0117600509	-0.0418507431	0.07461392309999999	0.0823622272	0.081217766	0.0229401584	-0.0667692842	-0.0612632291	0.0316064831	0.0262183	-0.0239632	-0.100101	-0.00161753	-0.0007956939999999999	0.000522812
0.06297685	-0.0141542281	0.0243553684	-0.0720350753	0.0171033421	0.0342718681	-0.010982715	0.0221704431	-0.0676380363	-0.0596895534	0.0345279838	0.018142099999999998	-0.020144099999999998	-0.08777999999999997	-0.000987856	-0.0009039419999999999	0.000485523
0.10296409999999996	-0.1175701981	0.0514622088	-0.06255141139999999	0.0039105153	0.0205001625	0.0025498009	0.0213984944	-0.0684795334	-0.0580617626	0.0373938371	0.025991300000000002	-0.0239602	-0.0577509	-0.00203179	-0.000943831	0.000627094
0.18211235	-0.1261723731	0.0265498849	-0.0180613405	0.0574838009	0.0188473924	-0.0465993267	0.0206243899	-0.0692934363	-0.05638133240000001	0.0401994245	0.0133609	-0.042145300000000004	-0.10389100000000001	-0.000558117	-0.00047663699999999997	0.000464826
0.12396511	-0.0589388979	0.0113263428	0.0552236625	0.006502699200000001	0.0335463157	-0.0362303339	0.0198482077	-0.0700794171	-0.0546497862	0.0429402241	0.00993144	-0.0368016	-0.0518021	-0.0015942999999999999	-0.000692995	0.000474346
0.029886559999999975	-0.0046218883	-0.0207341698	0.0365532245	0.0215964048	0.0721987599	0.0642723031	0.019070026	-0.07083715900000001	-0.052868694	0.0456118188	0.0133987	-0.036249699999999996	-0.0463309	-0.00165757	-0.0010275	0.00046419699999999996
0.0480483	0.0013347057	-0.0467813293	-0.0753984434	-0.0412461834	0.08518768880000001	0.0916254447	0.0182899231	-0.0715663568	-0.0510396705	0.0482099028	0.021298599999999997	-0.031916900000000005	-0.06620830000000001	-0.00158008	-0.000808808	0.000486779
0.07216310000000001	-0.0252133834	0.0115633914	-0.1080464073	-0.0990954827	0.0072660738	0.12627969349999998	0.0175079777	-0.07226671650000001	-0.0491643739	0.0507302891	0.0135019	-0.0406329	-0.0861756	-0.00136341	-0.0010807	0.000261679
0.039576099999999996	-0.0398399844	0.0830990212	0.0265982115	-0.0861299905	-0.0775076912	0.0642833991	0.016724268400000002	-0.072937956	-0.0472445043	0.0531689154	0.0217416	-0.042386300000000016	-0.0922817	-0.00114428	-0.0010275	6.4471e-05
0.10725869999999996	-0.0282456275	0.005770631	0.0429926461	0.0146905574	-0.0363275107	-0.0076764004	0.0159388744	-0.07357980480000001	-0.0452818024	0.0555218517	0.0341589	-0.050362699999999996	-0.06287809999999999	-0.000841395	-0.00151512	0.000423194
0.09469630000000001	-0.0416234206	-0.0146602981	0.024294315	-0.0194627195	0.0295620541	0.087041508	0.0151518747	-0.0741920043	-0.0432780475	0.0577853059	0.0281464	-0.0449652	-0.06535419999999999	-0.00155929	-0.000909447	0.000130558
0.05671540000000001	0.0109647075	-0.0847810636	0.0148086086	0.0166332528	0.0793430058	0.112653789	0.0143633485	-0.0747743077	-0.0412350562	0.059955629800000014	0.030942200000000007	-0.023963599999999998	-0.0705336	-0.00140512	-0.000820415	0.000442128
0.06439785	-0.0240262414	-0.0027219221000000004	-0.0414569274	-0.0716704853	0.0232678208	0.0477836642	0.0135733754	-0.0753264804	-0.0391546809	0.0620293259	0.023972999999999998	-0.0239584	-0.09174539999999999	-0.00147209	-0.00117364	0.00013809
0.04891690000000001	-0.1161685071	0.0115499166	0.055558108	0.0028461782	0.0200349215	-0.015888416399999997	0.0127820349	-0.07584830000000001	-0.037038807400000005	0.06400305190000001	0.025726	-0.042220999999999995	-0.08243599999999998	-0.0014665	-0.00110304	0.000453738
0.10454935	-0.071728953	-0.056420763	-0.025270717	0.0091260083	0.0988491768	3.99588e-05	0.0119894067	-0.0763395561	-0.0348893543	0.065873627	0.012461700000000001	-0.017437999999999995	-0.05774600000000001	-0.00167442	-0.000734735	0.0007137539999999999
0.07843666000000002	-0.0510408401	-0.0576841943	0.0106723459	-0.0663534269	0.048231728	-0.0870736494	0.0111955706	-0.0768000508	-0.03270827	0.0676380363	0.00240889	-0.0343214	-0.0777478	-0.00200051	-0.000634857	0.000509749
0.02269716	-0.0399061499	-0.1186121314	-0.0210293785	-0.025052861800000003	0.1046379658	-0.0279307804	0.0104006067	-0.0772295986	-0.0304975321	0.0692934363	0.0034109	-0.0423217	-0.08267580000000001	-0.00191205	-0.0007217339999999999	0.000509749
0.03859047	-0.0459516684	-0.0815395292	-0.0395427628	-0.1467371261	0.0488710512	0.0138083252	0.0096045951	-0.0776280263	-0.0282591448	0.07083715900000001	0.00392927	-0.0542569	-0.0639502	-0.00186881	-0.0008267199999999998	0.000509749
0.07572613	0.0413605954	0.059077453899999986	0.0793302722	-0.0880739658	0.0590607396	-0.0049722194	0.0088076158	-0.07799517339999999	-0.0259951375	0.07226671650000001	0.012192	-0.057161699999999996	-0.0963327	-0.00189327	-0.00118706	0.000251027
0.06431999999999999	0.1028793716	0.0581052934	-0.0144665857	-0.1082133255	0.1008327817	-0.0061663902	0.0080097493	-0.078330892	-0.0237075627	0.07357980480000001	0.0237213	-0.0338927	-0.0827479	-0.00213297	-0.00122092	0.00020584900000000005
0.06140045	0.0075215348	0.0514395037	0.0081598661	-0.1350691935	0.0519831263	-0.0058715215	0.0072110759	-0.0786350467	-0.0213984944	0.0747743077	0.019071599999999998	-0.0520381	-0.102258	-0.00195869	-0.00118839	0.00038094400000000003
0.028458099999999997	0.0009238423	0.0213181048	0.1020224266	-0.0282670892	0.0410561451	-0.0434682218	0.006411676	-0.07890751509999999	-0.019070026	0.07584830000000001	0.0212726	-0.0544721	-0.097464	-0.00173977	-0.0013158000000000006	0.000415196
0.28834876	0.0189685384	-0.0599564752	0.0125147895	0.0245053909	0.1111184389	0.034253578	0.0056116301	-0.0791481873	-0.016724268400000002	0.0768000508	0.0283043	-0.007906939999999998	-0.168099	0.00115299	-0.00109018	0.000579154
0.13853481	0.0166405504	-0.0097121192	-0.0350962774	-0.0997439087	0.0369393884	-0.018225714	0.004811019000000001	-0.07935696639999999	-0.0143633485	0.0776280263	0.017054	-0.0136525	-0.12956700000000002	-0.0005066690000000001	-0.00109066	0.000579154
0.14070425	-0.0103345355	0.0151752315	0.0768424078	-0.084141719	-0.0107016358	-0.0028991464	0.0040099232	-0.0795337681	-0.0119894067	0.078330892	0.0259185	-0.0363733	-0.127498	-0.00161105	-0.00167151	0.00012338600000000001
0.03379026	0.0431168036	0.0213071663	0.1003576994	-0.0280285246	0.1067945628	-0.0090531437	0.0032084234000000003	-0.0796785214	-0.0096045951	0.07890751509999999	0.0254021	-0.033839	-0.110174	-0.00176936	-0.00169374	3.56148e-05
0.07765980999999998	-0.0226045737	-0.1661744069	-0.0131485769	-0.004856871	0.0313560124	-0.0117466228	0.0024066004	-0.0797911678	-0.0072110759	0.07935696639999999	0.0252656	-0.0363205	-0.09281489999999999	-0.00232224	-0.00151512	0.000457769
0.07284509999999997	-0.0265417513	-0.0436352157	-0.0135242967	-0.0308020642	-0.0222633801	-0.0640041535	0.001604535	-0.0798716619	-0.004811019000000001	0.0796785214	0.0227663	-0.0338832	-0.130212	-0.00210669	-0.00167631	0.00022428099999999998
0.1211855	-0.08386623160000001	-0.11295602	0.0617411153	0.0045808915	-0.015140638400000003	-0.0606082894	0.0008023078999999999	-0.0799199714	-0.0024066004	0.0798716619	0.0298808	-0.054184300000000005	-0.0912665	-0.0015714000000000001	-0.0013486	0.000457769
0.06596350000000001	-0.0500169087	-0.1617768209	0.0065491286	0.1027616268	0.0678379775	-0.0320556634	0.0	-0.0799360767	-0.0	0.0799360767	0.0391328	-0.045264599999999995	-0.0981273	-0.0022234999999999998	-0.00151512	0.000457769
0.0727266	-0.0743170967	-0.06400960110000001	0.0018771265	-0.0277260678	-0.0066179791	-0.005074080900000001	-0.0008023078999999999	-0.0799199714	0.0024066004	0.0798716619	0.024103299999999998	-0.050743199999999995	-0.0922728	-0.00315078	-0.00151512	0.000457769
0.033345200000000026	-0.0913562202	0.0097449981	0.0681952288	0.0414215293	0.0654501069	-0.13716457599999998	-0.001604535	-0.0798716619	0.004811019000000001	0.0796785214	0.0210303	-0.0507214	-0.0978668	-0.00298353	-0.00151512	0.000131891
0.08603340000000001	-0.08408701539999999	-0.1286401877	-0.0513082834	-0.0167350366	0.0609654836	-0.0566501167	-0.0024066004	-0.0797911678	0.0072110759	0.07935696639999999	0.0335249	-0.0507247	-0.08923459999999997	-0.00251382	-0.00116034	0.0006054669999999999
0.07704314999999999	-0.0795869549	-0.047702181100000005	0.0322645312	-0.0867145518	0.0051901528	-0.0082365226	-0.0032084234000000003	-0.0796785214	0.0096045951	0.07890751509999999	0.025162900000000002	-0.043422699999999995	-0.11914000000000001	-0.00253181	-0.00151512	0.00034876199999999997
0.08103985000000001	-0.0602348424	-0.09187362	0.0392376599	0.026188959700000004	0.03762898	-0.1020440651	-0.0040099232	-0.0795337681	0.0119894067	0.078330892	0.022968000000000002	-0.057229999999999996	-0.09027410000000001	-0.00302504	-0.0013695300000000005	0.000433377
0.04758700000000001	-0.0244151783	-0.1054195289	-0.040066207	0.038898277200000005	0.0647744107	0.0072270022	-0.004811019000000001	-0.07935696639999999	0.0143633485	0.0776280263	0.0252018	-0.049994800000000006	-0.0988925	-0.00285652	-0.00109389	0.000287545
0.05451971000000001	0.0119250325	-0.051366345300000005	-0.0189295451	-0.0834575738	-0.0526218158	-0.0038575875	-0.0056116301	-0.0791481873	0.016724268400000002	0.0768000508	0.028666300000000002	-0.041681499999999996	-0.10270699999999999	-0.00273948	-0.00151512	4.726680000000001e-05
0.03475024999999999	0.0029963055	0.0259417717	0.0718106807	-0.0350031576	-0.0324284922	-0.0359353482	-0.006411676	-0.07890751509999999	0.019070026	0.07584830000000001	0.042111300000000004	-0.046680400000000004	-0.102701	-0.00265476	-0.00173818	6.54938e-05
0.07574841	0.08174018870000001	0.0415324443	0.0209185853	-0.0309520957	0.0592951054	0.0336049794	-0.0072110759	-0.0786350467	0.0213984944	0.0747743077	0.0417788	-0.030771499999999997	-0.11054	-0.00338308	-0.00158769	-8.905639999999997e-05
0.118001375	0.0762821818	0.0320570808	-0.0636836083	-0.0502655666	-0.0149792069	0.0168708709	-0.0080097493	-0.078330892	0.0237075627	0.07357980480000001	0.046708	-0.030626499999999997	-0.167374	-0.00282352	-0.00204205	1.88871e-05
0.05897028	0.0509264892	0.0268110246	-0.0011036676	-0.1066157863	-0.0856967981	0.0569496042	-0.0088076158	-0.07799517339999999	0.0259951375	0.07226671650000001	0.0510092	-0.0306545	-0.13405700000000004	-0.00310193	-0.00189599	2.08987e-05
0.017365995000000026	0.047869867	0.06425103730000001	0.0401948193	0.0036207575	-0.0698293205	-0.015408167	-0.0096045951	-0.0776280263	0.0282591448	0.07083715900000001	0.0510423	-0.0306693	-0.127973	-0.0030965	-0.00204205	-5.2293199999999996e-05
0.06562969500000003	0.0185539173	-0.0221896058	0.0415262715	0.0401968663	-0.0502186114	-0.0566643414	-0.0104006067	-0.0772295986	0.0304975321	0.0692934363	0.0542585	-0.0429887	-0.111348	-0.00325696	-0.00157164	-9.08051e-05
0.07655325500000001	0.0422495225	-0.1198531509	0.0517400308	0.1012528093	-0.0107163607	0.00482415	-0.0111955706	-0.0768000508	0.03270827	0.0676380363	0.0447725	-0.030637900000000006	-0.08809219999999998	-0.00305514	-0.00138578	0.00015072799999999998
0.13978735	0.0536919352	-0.0408765143	-0.0287751867	0.03344779	-0.1008868376	-7.688069999999999e-05	-0.0119894067	-0.0763395561	0.0348893543	0.065873627	0.0685863	-0.013022700000000005	-0.102385	-0.00407701	-0.00204205	0.000147557
0.09784865034999997	-0.0406920617	-0.0147066078	0.0051187962	0.004329114	-0.0879550291	-0.0111672457	-0.0127820349	-0.07584830000000001	0.037038807400000005	0.06400305190000001	0.0553033	-0.00917098	-0.12187200000000001	-0.00353753	-0.0015054	-8.51607e-07
0.08459360764999994	0.0812446652	0.049439199	-0.0028145633	-0.0014694945000000002	-0.0661127518	-0.0106084173	-0.0135733754	-0.0753264804	0.0391546809	0.0620293259	0.0509994	-0.000863292	-0.108122	-0.00449137	-0.00161036	-0.000106692
0.08333514800000001	0.0977342544	-0.0302573396	-0.040814809	0.0680432187	-0.0403046601	-0.0186905214	-0.0143633485	-0.0747743077	0.0412350562	0.059955629800000014	0.06664289999999999	-0.00979227	-0.128116	-0.00478844	-0.00204205	-6.00786e-05
0.07518895	0.0853560194	-0.0323850197	-0.0221015015	-0.0422409346	-0.1404307685	0.0085552471	-0.0151518747	-0.0741920043	0.0432780475	0.0577853059	0.0614005	-0.024356799999999998	-0.108171	-0.00430996	-0.00185738	-0.000105669
0.09791489999999996	0.0611293693	-0.0290918406	0.0185315024	-0.0218754652	-0.0929773552	0.0243733915	-0.0159388744	-0.07357980480000001	0.0452818024	0.0555218517	0.0658192	-0.030698200000000002	-0.124376	-0.003568	-0.00147424	0.000188227
0.0836496	0.1017649335	-0.0005162131	0.0589486764	0.0047596423	-0.1124681337	0.0008513634	-0.016724268400000002	-0.072937956	0.0472445043	0.0531689154	0.06013640000000001	-0.019803499999999998	-0.15549200000000002	-0.00391029	-0.00149923	-0.000163615
0.07544149499999997	0.1594193941	0.0286061321	0.0324749738	0.050832900999999986	-0.0355648961	-0.0246128108	-0.0175079777	-0.07226671650000001	0.0491643739	0.0507302891	0.0651885	-0.0103368	-0.12523199999999998	-0.00418342	-0.00175405	-7.831109999999997e-05
0.06923596465000001	0.114417456	0.0068049958	-0.0472543551	0.0325273086	-0.0842539806	0.0012145492	-0.0182899231	-0.0715663568	0.0510396705	0.0482099028	0.0657989	-0.00422271	-0.157839	-0.0039134	-0.00150344	-8.51607e-07
0.06390427964999999	0.0186463701	0.0304363305	-0.0563067541	0.0110323856	-0.1480380322	-0.0385829601	-0.019070026	-0.07083715900000001	0.052868694	0.0456118188	0.062114300000000004	-0.007551269999999999	-0.14230299999999999	-0.00356912	-0.00188001	-0.000107104
0.018263519999999967	0.0992024617	0.1211640323	0.0096366315	0.0348710409	-0.0145733422	-0.1104595145	-0.0198482077	-0.0700794171	0.0546497862	0.0429402241	0.0621054	-0.00604455	-0.147052	-0.00355936	-0.00165468	-0.00011199200000000001
0.07776773999999999	0.1119896423	0.1041490159	0.0290595033	0.0264637095	-0.012616401	-0.0232723438	-0.0206243899	-0.0692934363	0.05638133240000001	0.0401994245	0.062194900000000004	-0.00387576	-0.134499	-0.00441693	-0.0016592899999999995	-0.000508941
0.05932334000000001	0.133145302	0.0438917402	-0.05569252400000002	-0.0084485692	0.031910959700000005	0.0179496933	-0.0213984944	-0.0684795334	0.0580617626	0.0373938371	0.062203699999999994	-0.0140458	-0.154077	-0.0040436	-0.00180634	-0.000437991
0.06515006965	0.0724612124	0.0147467531	-0.06995417599999999	0.0290123759	-0.1086551367	-0.0437400902	-0.0221704431	-0.0676380363	0.0596895534	0.0345279838	0.0665321	-0.012027600000000001	-0.16000999999999999	-0.00342333	-0.00180634	-8.51607e-07
0.056096297650000015	0.070469532	0.0795878585	-0.027297603	-0.0127244989	-0.017152609	-0.0418276732	-0.0229401584	-0.0667692842	0.0612632291	0.0316064831	0.062129899999999995	-0.000688172	-0.159422	-0.00392128	-0.0016821099999999995	-0.000174005
0.06640589765000003	0.0203221379	-0.0029567301	0.0151851315	0.04536008	-0.1392377204	-0.0236239684	-0.0237075627	-0.065873627	0.0627813628	0.0286340436	0.0620865	-0.014068	-0.145922	-0.00336215	-0.00162474	-8.51607e-07
0.030865260000000005	0.0498524649	0.0420235692	0.0219409132	0.1092808056	-0.0920510522	-0.0973205958	-0.0244725786	-0.06495142570000001	0.0642425783	0.0256154559	0.0620864	-0.00942884	-0.148398	-0.00365555	-0.00180634	-8.51607e-07
0.06683525964999999	0.0889172498	0.0837311206	0.0082340651	0.0801065663	0.0218053553	-0.06603373230000001	-0.0252351292	-0.06400305190000001	0.06564555080000001	0.0225555848	0.058168899999999996	0.0108212	-0.136037	-0.00374367	-0.0014359100000000005	-0.000148436
0.029281905	0.0980972945	0.04638965900000002	-0.068392385	0.050464769400000005	0.0330484165	-0.0324475878	-0.0259951375	-0.0630288878	0.0669890084	0.0194593619	0.0622519	0.00860135	-0.154125	-0.0037541	-0.00146225	-8.738489999999997e-05
0.051759035	0.0411960054	0.08067795309999999	-0.0925270585	0.031620840899999995	-0.0505978163	-0.015811241599999998	-0.026752527	-0.0620293259	0.068271733	0.0163317771	0.052497699999999994	-0.00888363	-0.146293	-0.00395583	-0.00156393	-0.000117732
0.07150066999999996	0.0377012987	0.1399237357	-0.0567080276	-0.0413255387	0.0508008171	-0.0569577358	-0.0275072215	-0.061004769	0.06949256179999999	0.0131778711	0.053346199999999996	-0.0156899	-0.167096	-0.00347261	-0.0017525799999999995	-0.00030672
0.04684949	-0.0335900228	0.0552035281	-0.0215722088	-0.0427542175	0.0004215972	-0.0162238483	-0.0282591448	-0.059955629800000014	0.0706503878	0.0100027269	0.053572	-0.00886146	-0.181842	-0.00307961	-0.00167036	-0.000332485
0.027026689999999992	-0.0451652066	0.0712864743	0.0127968122	0.0454510754	-0.0371572655	-0.0371245654	-0.0290082213	-0.0588823313	0.0717441615	0.0068114617	0.0535206	-0.028424599999999998	-0.176541	-0.00305796	-0.00167036	-0.000311912
0.04606235	0.0394477544	0.1009503645	0.0363312025	0.0066086659	0.0490637192	0.0118255119	-0.0297543755	-0.0577853059	0.0727728912	0.0036092188	0.0561211	-0.0254834	-0.172014	-0.00340366	-0.00159744	-0.000613165
0.05185244999999997	0.0292016458	-0.0379725899	0.0394836843	0.08780192699999999	-0.0325560949	0.0288338813	-0.0304975321	-0.0566649955	0.0737356442	0.000401159	0.0478281	-0.0278942	-0.156924	-0.00385048	-0.00152321	-0.000613288
0.05605234999999999	0.0557102638	0.0501438963	0.008194106	0.0751131753	0.0681579229	0.0243970326	-0.0312376164	-0.0555218517	0.0746315476	-0.0028075473	0.0613111	-0.0253157	-0.175932	-0.00367468	-0.00167036	-0.000709995
0.07334577999999999	0.0394126004	-0.0004904878	-0.035049624700000004	0.0127481661	0.0337039454	0.0319909663	-0.0319745538	-0.0543563352	0.0754597894	-0.0060117288	0.0631846	-0.00885752	-0.20029	-0.00309106	-0.00167036	-0.000680493
0.05143682999999999	0.0374662731	0.0273362506	-0.1305723735	0.1149873438	-0.0200841976	0.008929200600000001	-0.03270827	-0.0531689154	0.0762196185	-0.0092062214	0.0553785	-0.0246276	-0.192053	-0.00296142	-0.00182683	-0.00057413
0.07105834999999998	0.0267157087	0.0733439323	-0.1001635676	-0.0300627652	0.0384205799	0.0053154821	-0.0334386912	-0.051960071	0.07691034599999999	-0.0123858767	0.0590271	-0.026035000000000003	-0.175975	-0.00353006	-0.00159304	-0.00037807300000000004
0.037597900000000004	-0.053705122800000005	0.057383823	-0.0203110793	-0.0565111747	0.0214728014	0.0183436672	-0.0341657437	-0.0507302891	0.07753134589999999	-0.0155455703	0.059013499999999997	-0.017456299999999998	-0.188677	-0.00349417	-0.00133687	-0.000344061
0.03568629999999999	-0.0959496446	0.0303618878	0.0029380753	0.0059803746	-0.005801342199999999	-0.0364067507	-0.0348893543	-0.0494800651	0.078082055	-0.0186802098	0.0547755	-0.022190099999999997	-0.194356	-0.00318306	-0.00124003	-0.000356821
0.056588539999999986	-0.0972412585	0.0048971985	0.0155151743	0.0058621851	0.0186411384	-0.0200096262	-0.035609450099999995	-0.0482099028	0.0785619741	-0.0217847431	0.0590158	-0.00641756	-0.182739	-0.00332841	-0.0009226530000000001	-0.000320374
0.05225058000000001	-0.0774071549	-0.0035395057	0.0515478551	0.0416569818	-0.0051866989	-0.0195179175	-0.0363259585	-0.0469203142	0.0789706681	-0.0248541669	0.0590271	0.00599732	-0.176815	-0.00390396	-0.0009226530000000001	-0.000422832
0.05313927999999999	-0.0033434766	-0.0548481331	0.0705855614	0.0727507972	0.0373014058	0.0292640758	-0.037038807400000005	-0.0456118188	0.0793077664	-0.0278835343	0.051235800000000005	0.00314754	-0.15199299999999996	-0.00413163	-0.0007967989999999999	-0.000422832
0.06348853000000003	-0.0318320268	-0.0623197299	-0.0036985166	0.117943296	0.0137702511	0.0172117986	-0.037747925	-0.0442849438	0.0795729635	-0.030867963	0.0472684	0.00506352	-0.18040499999999998	-0.00390731	-0.000922654	-0.000189144
0.040577480000000006	-0.0362463943	0.0045085381	-0.1089491232	0.0252172019	0.0622746986	-0.0370152001	-0.038453239900000005	-0.0429402241	0.0797660189	-0.0338026431	0.0466639	0.012671300000000005	-0.173395	-0.00382461	-0.00111337	-0.000422832
0.034513550000000004	-0.1316277974	-0.0341741851	-0.028451929	-0.0119525454	-0.0099544575	0.0336686917	-0.0391546809	-0.0415782013	0.0798867576	-0.0366828449	0.041071699999999996	0.011752	-0.180069	-0.00352134	-0.000990079	-0.000422832
0.05144586000000001	-0.1362018545	-0.0313086198	-0.046792845	-0.0126852932	-0.0042195615	0.0367942666	-0.0398521774	-0.0401994245	0.07993507009999999	-0.0395039266	0.050291699999999995	-0.00312161	-0.178008	-0.0032861999999999995	-0.000841258	-0.000300968
0.057783410000000014	-0.08888652130000001	0.0186799055	-0.015878453	-0.0756238421	0.046974885999999993	0.0468148416	-0.0405456591	-0.038804449	0.0799109126	-0.0422613414	0.043435	0.0156048	-0.170764	-0.00368343	-0.000922654	-0.000321468
0.030388000000000005	-0.1096803789	-0.0028175033	-0.0526244192	-0.0114520497	0.005946088100000001	0.0783581524	-0.0412350562	-0.0373938371	0.0798143071	-0.0449506455	0.046624	0.012620399999999999	-0.179261	-0.00358814	-0.000804956	-0.000422832
0.035474010000000014	-0.1173035538	0.0238109651	-0.0560155509	-0.046750628	0.1028258526	-0.0116862847	-0.0419202993	-0.0359681572	0.079645341	-0.0475675045	0.043902699999999996	0.00754494	-0.166961	-0.00382663	-0.0007359009999999999	-0.000422832
0.03444976	-0.1429045504	0.0130530321	-0.0411168977	-0.0641048256	0.0401651302	0.0196661563	-0.0426013192	-0.0345279838	0.0794041677	-0.050107701	0.0425636	0.0144468	-0.175225	-0.00370508	-0.000922654	-0.000372239
0.061152839999999986	-0.1300983475	0.039793553	-0.0259786252	-0.0613997135	0.0725207028	-0.0508713959	-0.0432780475	-0.0330738971	0.07909100570000001	-0.052567141100000006	0.0426041	-0.00946364	-0.16560999999999998	-0.00352151	-0.00113953	-0.0005235309999999999
0.04573091	-0.1596954771	0.0125576943	-0.0428040504	-0.0604786402	0.0702798458	0.0574401246	-0.0439504158	-0.0316064831	0.0787061389	-0.0549418609	0.039048400000000004	-0.016454199999999995	-0.17857699999999999	-0.00332402	-0.000922654	-0.000553518
0.033535900000000014	-0.155704686	-0.0537201841	-0.0136531671	-0.0573708233	0.0026014213	0.0153914464	-0.044618356500000005	-0.0301263332	0.0782499164	-0.0572280333	0.042575699999999994	-0.0285975	-0.17562	-0.0034915	-0.000922654	-0.000422832
0.023361350000000017	-0.1081830158	0.0600539263	-0.023219461	-0.1039316673	0.1095776179	0.0512436908	-0.0452818024	-0.0286340436	0.0777227516	-0.0594219737	0.0426225	-0.019258	-0.17866700000000002	-0.00357264	-0.000922654	-0.000560253
0.015557950000000013	-0.1259449568	-0.0419835305	0.0048787309	-0.0580438055	-0.0373465215	0.0199554404	-0.0459406864	-0.0271302159	0.0771251226	-0.0615201462	0.042607599999999995	-0.022150200000000002	-0.17863800000000002	-0.00341736	-0.0009749030000000001	-0.000515345
0.023277949999999995	-0.1106362253	0.0160694599	0.0487068916	-0.0274823437	0.0541623341	0.0476285467	-0.046594942400000006	-0.0256154559	0.07645757110000001	-0.0635191694	0.042649099999999995	-0.019500999999999998	-0.178563	-0.00323115	-0.000824078	-0.000588555
0.017244100000000026	-0.0658570364	-0.0577836211	0.0731960666	-0.0678597523	-0.0420219475	0.0648300393	-0.0472445043	-0.024090374	0.0757207024	-0.06541582139999999	0.042630400000000006	-0.017432	-0.184426	-0.00332096	-0.0007796129999999999	-0.000536962
0.03956295	-0.045584991500000005	-0.0231680973	0.0722322705	-0.05667400070000001	0.0074618133	0.019783056	-0.0478893067	-0.0225555848	0.0749151845	-0.06720704549999999	0.0426444	-0.0116586	-0.17871099999999998	-0.00364189	-0.000560725	-0.000558355
0.0222321	-0.0186385372	-0.045548934000000006	0.0739084815	-0.0963827524	-0.0038957348	0.07098833339999999	-0.0485292848	-0.0210117067	0.0740417477	-0.06888995490000001	0.0426787	-0.011660700000000001	-0.190107	-0.00353492	-0.000586446	-0.000641658
0.23297495	-0.0264682358	-0.0846388092	0.1175388108	-0.0282943679	-0.0537974661	0.0437030363	-0.0491643739	-0.0194593619	0.07310118389999999	-0.07046183730000001	0.040429400000000004	0.0178552	-0.239731	-0.000952875	-0.00017387299999999998	-0.000604561
0.23510961	0.0369000943	-0.0023822801	0.1465794389	-0.0889060376	0.0025839209	0.0105655153	-0.0497945101	-0.0178991758	0.0720943458	-0.0719201593	0.037556900000000004	-0.00306511	-0.179621	-0.00345286	-0.000516294	-0.000422831
0.04372606	0.0259310164	-0.0358866281	0.1321292497	-0.0319847863	-0.0249599573	0.062159549400000014	-0.05041963	-0.0163317771	0.0710221462	-0.0732625707	0.040189499999999996	-0.00638602	-0.17411500000000002	-0.00399332	-0.000621164	-0.000422832
0.04643068999999997	0.0621365086	0.0147955165	0.1159682979	-0.0570742281	0.0790124474	0.0622681547	-0.0510396705	-0.0147577975	0.0698855571	-0.0744869079	0.0402268	0.00498222	-0.173939	-0.00357835	-0.0007620409999999998	-0.000563968
0.07788708000000001	0.0545212362	-0.08966031960000001	0.0741534046	-0.0081731491	-0.0026702001	0.0932718751	-0.0516545692	-0.0131778711	0.0686856091	-0.07559119780000001	0.0503694	-0.00639126	-0.179698	-0.00420967	-0.00106977	-0.000637159
0.08142188999999997	0.043420588	-0.0401207953	0.1404788501	0.0110726247	0.0243640926	0.0478361969	-0.0522642642	-0.0115926346	0.06742339	-0.0765736605	0.0428645	-0.023228	-0.14961	-0.00428127	-0.000973496	-0.00100913
0.11463302	0.0782416918	0.0171950113	0.1499698478	-0.1005505311	0.1335757594	0.1020241533	-0.052868694	-0.0100027269	0.0661000441	-0.0774327128	0.0427844	-0.00225373	-0.173927	-0.00353887	-0.000652494	-0.0006872989999999999
0.040578930000000006	0.0406784616	-0.0823683395	0.1054246486	0.027703378	-0.061552609	0.0489732996	-0.0534677978	-0.0084087885	0.0647167712	-0.07816697	0.0508103	-0.00242771	-0.187854	-0.00361552	-0.000813055	-0.0005554690000000001
0.04755561000000001	0.0103218288	0.0094743811	0.0736650988	0.0548461151	0.0765605636	-0.0294439064	-0.0540615151	-0.0068114617	0.0632748254	-0.0787752489	0.051893499999999995	0.0199917	-0.199479	-0.00367167	-0.000652494	-0.000587318
0.05446865	-0.0011002469	-0.1193715978	0.0046593617	0.0899792728	0.0068464676	0.0325927996	-0.0546497862	-0.0052113902	0.061775514	-0.079256569	0.0427641	0.011441	-0.17400099999999996	-0.00370711	-0.000652494	-0.00039654699999999997
0.022111530000000032	0.0044916208	-0.01778999	-0.0327062922	0.07396953690000001	0.0356621637	-0.0601105421	-0.0552325519	-0.0036092188	0.0602201963	-0.0796101548	0.0427623	0.00637742	-0.174039	-0.00392385	-0.000735645	-0.000436819
0.04884811	-0.0248848517	-0.0887491522	-0.0298710185	0.035978839500000005	0.0482881229	-0.0065221931	-0.0558097533	-0.002005593	0.0586102822	-0.0798354362	0.042736500000000004	-0.00236279	-0.15743	-0.00414884	-0.000887042	-0.000343744
0.039663739999999975	0.0147217581	-0.0402647275	-0.0495665993	0.1060950514	0.0231354809	-0.0249584116	-0.05638133240000001	-0.000401159	0.0569472315	-0.0799320503	0.0427546	-0.00238203	-0.143349	-0.00387248	-0.000652494	-0.000343744
0.03981337	0.026530131	-0.0539485037	-0.0678391254	-0.0337042329	0.0596289719	0.0092451602	-0.0569472315	0.0012034366	0.0552325519	-0.0798998413	0.0376063	0.008803389999999998	-0.15249000000000001	-0.00377007	-0.000652494	-0.000528107
0.046329279999999966	0.0345191939	-0.08115518299999999	-0.0521923212	0.027732467200000003	-0.0691018876	0.0104857027	-0.0575073938	0.0028075473	0.0534677978	-0.0797388611	0.0391784	-0.00646449	-0.1506	-0.00349328	-0.0008415419999999999	-0.000441959
0.05739165	0.07621145160000001	-0.0211763188	-0.0352437786	-0.0536173143	0.0523434629	0.0399880872	-0.0580617626	0.0044105266	0.0516545692	-0.0794493692	0.038023400000000006	0.00327566	-0.1633	-0.00343977	-0.000652494	-0.000875331
0.11581129	0.07332254860000001	-0.0920575598	-0.0221986717	0.0088512895	-0.08619932720000001	0.0052464098	-0.0586102822	0.0060117288	0.0497945101	-0.0790318321	0.042906400000000004	0.01792	-0.193446	-0.00274599	-0.00121834	-0.0008121979999999997
0.04695461000000002	0.0956370739	0.0310824146	0.0052846143000000005	-0.0236740902	0.0814191064	0.0592527814	-0.0591528974	0.007610508399999999	0.0478893067	-0.0784869228	0.0429325	0.00722244	-0.181616	-0.00306768	-0.0011169900000000002	-0.0008771769999999999
0.02775801	0.1069338446	-0.0404849011	-0.016323234199999998	-0.021911769900000003	-0.0612557522	0.003650527	-0.0596895534	0.0092062214	0.0459406864	-0.0778155195	0.0429351	0.017936299999999995	-0.19169	-0.00293959	-0.0011169900000000002	-0.0008659160000000001
0.03888504	0.0782648822	0.0832169979	-0.0334596669	-0.038378135	0.0741233086	0.0340341531	-0.0602201963	0.0107982247	0.0439504158	-0.0770187042	0.0429351	0.00701031	-0.181328	-0.00329153	-0.0011169900000000002	-0.0008659149999999997
0.06367883999999999	0.0223168548	-0.0417046735	-0.0233891948	0.0329529673	-0.1350239355	0.0710999753	-0.0607447724	0.0123858767	0.0419202993	-0.0760977612	0.040782	0.0137775	-0.170223	-0.0035549999999999996	-0.0006924839999999999	-0.00068082
0.06894575000000004	0.0472250914	0.0509405671	-0.0503017826	0.0293503259	0.07120426519999999	-0.0321115872	-0.0612632291	0.0139685379	0.0398521774	-0.0750541746	0.0429351	0.0019559	-0.163482	-0.00391	-0.0011169900000000002	-0.0008659149999999997
0.06616610000000005	0.0233563969	-0.006566556	-0.05031138	0.0247894812	-0.0160465791	-0.0182066377	-0.061775514	0.0155455703	0.037747925	-0.07388962639999999	0.042897199999999996	-0.010331700000000001	-0.180047	-0.00338686	-0.00101468	-0.000745853
0.04349625000000002	0.0311148478	0.064115716	-0.05253692	0.0439563819	0.0356314038	-0.0854045909	-0.062281575599999986	0.0171163386	0.035609450099999995	-0.0726059935	0.0428531	-0.017069400000000002	-0.16810799999999998	-0.003691	-0.0011169900000000002	-0.0006567939999999999
0.03306325	-0.0222023699	-0.0205161554	-0.0416550978	0.0468953621	-0.0122107977	0.0036532156	-0.0627813628	0.0186802098	0.0334386912	-0.0712053446	0.042875699999999996	-0.012618899999999999	-0.180045	-0.00342073	-0.0011169900000000002	-0.0007195869999999999
0.02311525000000001	-0.0129399031	0.021211453	-0.0900564349	0.08339436360000001	0.0242275887	-0.0614546349	-0.0632748254	0.0202365536	0.0312376164	-0.06968993700000001	0.040907900000000004	-0.0164397	-0.169545	-0.00346679	-0.0011169900000000002	-0.00081006
0.045655159999999986	-0.0184357754	-0.0165882298	-0.0343256399	0.0276998772	0.0342482468	-0.0091079401	-0.0637619136	0.0217847431	0.0290082213	-0.0680622132	0.0296577	-0.00795144	-0.17573699999999998	-0.00335013	-0.0008475860000000001	-0.0008184899999999997
0.049633809999999966	0.0080234556	-0.011807108500000002	-0.0412866165	0.0281502268	-0.025840374	-0.06627690110000001	-0.0642425783	0.0233241543	0.026752527	-0.0663247964	0.0391705	-0.0145428	-0.17313499999999998	-0.0034919000000000005	-0.00103182	-0.000525941
0.032888109999999984	-0.0227535007	-0.0029536941	-0.0415352962	0.004974093	-0.0075724937	-0.02102827	-0.0647167712	0.0248541669	0.0244725786	-0.0644804868	0.0374038	0.00189276	-0.175784	-0.00347278	-0.000908498	-0.000624236
0.04897156999999999	0.0387452983	-0.0013332729999999998	-0.038925411	0.0912091189	-0.0524821259	-0.0483901172	-0.0651844444	0.0263741644	0.0221704431	-0.0625322567	0.0402279	-0.007320659999999999	-0.163134	-0.0037220999999999995	-0.0010350200000000002	-0.000514397
0.054105600000000004	0.0225876198	0.0234804864	-0.0566656168	0.036576408	0.0431960267	-0.0337386977	-0.06564555080000001	0.0278835343	0.0198482077	-0.060483246	0.0429161	0.00486794	-0.179636	-0.00376369	-0.0011169900000000002	-0.0008453729999999997
0.03226020999999999	0.0013255495	-0.031178906	0.0126704441	0.050181116	-0.1544938851	0.033380637799999995	-0.0661000441	0.0293816684	0.0175079777	-0.058336757	0.042903699999999996	0.010141299999999999	-0.162626	-0.00371887	-0.00102129	-0.000786604
0.030415100000000018	-0.0091507422	0.0785425909	-0.031004206	-0.0330093071	0.099484399	-0.0430460814	-0.0665478783	0.030867963	0.0151518747	-0.0560962492	0.042889	0.0137659	-0.174567	-0.00367749	-0.000868072	-0.0006845060000000001
0.03465125	-0.0238524306	-0.0673391855	-0.0238979686	0.0234681306	-0.087911066	0.0266210183	-0.0669890084	0.0323418192	0.0127820349	-0.0537653335	0.042972199999999995	0.0212455	-0.166724	-0.00370471	-0.00067125	-0.0008453729999999997
0.07229385	0.0203092033	0.0471695372	-0.047949818600000006	0.0409131684	0.0254364535	-0.0956027306	-0.06742339	0.0338026431	0.0104006067	-0.0513477665	0.0428119	0.0049351	-0.154222	-0.00404847	-0.000621595	-0.000372365
0.05570244000000001	0.0210501085	-0.0108039644	-0.029365372400000006	0.0101524829	-0.021079056	-0.0008312395	-0.0678509792	0.0352498461	0.0080097493	-0.0488474444	0.0429255	0.00478036	-0.175985	-0.00377798	-0.000534883	-0.000688585
0.06082761	0.0111924547	0.0203093578	-0.0483165001	0.0892646517	0.0437837992	-0.0925542505	-0.068271733	0.0366828449	0.0056116301	-0.046268397	0.042878	-0.0061604	-0.163449	-0.0041272	-0.00084939	-0.000606245
0.05602625000000002	0.052582835	-0.0170389851	-0.022262608	0.0189501899	0.0104368118	0.0175549325	-0.0686856091	0.0381010623	0.0032084234000000003	-0.0436147809	0.0398932	0.0071258	-0.17915799999999998	-0.00376618	-0.000772346	-0.000563384
0.04119048	0.055147197300000006	-0.0540150451	-0.0516280722	0.048997836	-0.0737742964	0.002389004	-0.0690925657	0.0395039266	0.0008023078999999999	-0.0408908726	0.0377868	-0.00245968	-0.174783	-0.00376987	-0.0011169900000000002	-0.000717522
0.03740637999999999	0.0451709097	-0.007987074200000001	-0.0265988564	-0.0389650228	0.0167440501	-0.0076274518999999985	-0.06949256179999999	0.0408908726	-0.001604535	-0.0381010623	0.0359537	0.00758125	-0.17457899999999998	-0.0032914000000000003	-0.0011169900000000002	-0.000745619
0.06007111000000001	-0.006101141700000001	-0.0457508573	0.0017313968	0.002049739	-0.0849120071	-0.0388333794	-0.0698855571	0.0422613414	-0.0040099232	-0.0352498461	0.042896300000000005	-0.00193741	-0.15421700000000002	-0.0035210000000000007	-0.000946468	-0.0006807839999999999
0.030609600000000025	0.0509256375	0.0820345898	-0.0300890184	-0.0648541738	0.0671357234	-0.0353434388	-0.0702715121	0.0436147809	-0.006411676	-0.0323418192	0.0449408	0.00775259	-0.164117	-0.00356844	-0.00098337	-0.000775944
0.05235875000000001	0.0257722937	-0.0333185348	0.0047758694	-0.0249802555	-0.0745708208	0.0033990567	-0.0706503878	0.0449506455	-0.0088076158	-0.0293816684	0.0428944	-0.00254821	-0.14974200000000001	-0.00342601	-0.000752673	-0.00063634
0.04884201000000001	0.0572966529	0.0481174384	-0.0204951104	-0.0197684346	-0.0262757272	-0.0395203612	-0.0710221462	0.046268397	-0.0111955706	-0.0263741644	0.040512099999999995	0.00227805	-0.149815	-0.00369308	-0.000977019	-0.000976133
0.01353612000000002	0.0237806201	-0.0438243984	-0.0340970122	-0.0162884681	-0.06648737240000001	0.0084475951	-0.0713867496	0.0475675045	-0.0135733754	-0.0233241543	0.03988030000000002	0.00268752	-0.149753	-0.00349603	-0.0009504019999999999	-0.0009511430000000002
0.03479216999999999	0.0001468942	0.0713332735	-0.0023494252	-0.0367822444	-0.006668423000000001	-0.044620813	-0.0717441615	0.0488474444	-0.0159388744	-0.0202365536	0.0429603	0.007814339999999998	-0.14980099999999996	-0.00372569	-0.000739457	-0.000861001
0.061398160000000014	-0.0373845491	0.0307594943	0.0355758452	-0.0510860252	-0.0333834813	0.0291292411	-0.0720943458	0.050107701	-0.0182899231	-0.0171163386	0.05349119999999999	0.0239133	-0.159896	-0.00341887	-0.0007942989999999999	-0.000992805
0.018166700000000008	-0.0276003356	0.0049349713	0.0087328289	-0.047137706900000007	-0.1153514023	-0.0267865332	-0.0724372672	0.0513477665	-0.0206243899	-0.0139685379	0.053425099999999996	0.0239078	-0.14968999999999996	-0.00353991	-0.0007575569999999997	-0.000992805
0.024877100000000023	0.0004793249	0.08334102110000001	0.0286691598	-0.1352001525	0.0020220088	-0.0063450198	-0.0727728912	0.052567141100000006	-0.0229401584	-0.0107982247	0.053628199999999994	0.0239055	-0.156868	-0.00380782	-0.0008395209999999998	-0.000992805
0.03257051999999998	-0.0442776167	0.0072062097	0.0713772377	-0.0072319927	-0.1033006706	0.0262426996	-0.07310118389999999	0.0537653335	-0.0252351292	-0.007610508399999999	0.055546500000000006	0.008683879999999998	-0.149767	-0.00382172	-0.0006868289999999999	-0.000992805
0.03203497999999997	-0.0047864979	0.1239240207	0.0615598034	-0.0920727129	0.0507688806	-0.0131824102	-0.0734221124	0.0549418609	-0.0275072215	-0.0044105266	0.0555034	0.00904741	-0.161436	-0.00352498	-0.0007892760000000001	-0.000992805
0.07224401000000001	-0.0395967288	0.0034005764000000003	0.0784002395	0.0397948714	-0.1155276648	-0.0284738658	-0.0737356442	0.0560962492	-0.0297543755	-0.0012034366	0.0429435	-0.0158489	-0.15408	-0.0033770000000000002	-0.000564755	-0.00081667
0.029419099999999983	-0.0011573111	0.1427360604	0.0700159307	-0.0517942852	0.0634945398	-0.07115647509999999	-0.0740417477	0.0572280333	-0.0319745538	0.002005593	0.0429975	-0.007644599999999999	-0.149645	-0.00331975	-0.0006658860000000001	-0.000992805
0.04862425000000002	-0.0362572039	-0.0098710521	0.0985989254	-0.0061485973	-0.0716909371	-0.011404141	-0.0743403923	0.058336757	-0.0341657437	0.0052113902	0.0478756	-0.0161309	-0.156278	-0.00346768	-0.000706287	-0.000608599
0.06648804	-0.0092174251	0.1543839411	0.0892223797	-0.0058643402	0.045000075999999986	-0.0968646866	-0.0746315476	0.0594219737	-0.0363259585	0.0084087885	0.0429704	-0.00196601	-0.152934	-0.00338111	-0.0011169900000000002	-0.000992805
0.07387309	-0.0405813417	0.053367542	0.0500126252	0.0062587599	-0.0569663727	-0.0298833694	-0.0749151845	0.060483246	-0.038453239900000005	0.0115926346	0.042857099999999995	-0.010890100000000002	-0.176317	-0.00351885	-0.0007752169999999999	-0.000643264
0.05853024	-0.0271607352	0.1005307448	0.062391002	0.011375683300000002	-0.0014245128	-0.1025970292	-0.07519127440000001	0.0615201462	-0.0405456591	0.0147577975	0.0556668	-0.00759926	-0.160445	-0.00390943	-0.0008987960000000002	-0.000626269
0.12119494	-0.0365119899	0.08086501139999999	0.049670942	-0.0494983809	0.008291686500000001	-0.0119871649	-0.0754597894	0.0625322567	-0.0426013192	0.0178991758	0.051693499999999996	0.00271808	-0.195162	-0.0029303000000000003	-0.000800715	-0.000992804
0.04665236000000001	-0.0540179973	0.0342371739	0.08931922099999999	0.0464321658	-0.07361585080000001	-0.0648572964	-0.0757207024	0.0635191694	-0.044618356500000005	0.0210117067	0.0429895	0.00158972	-0.17165899999999998	-0.00308266	-0.000914695	-0.000992804
0.06182306999999997	-0.0095199915	0.0557386963	0.1049019506	-0.0434255165	0.0189918314	-0.0119269567	-0.0759739873	0.0644804868	-0.046594942400000006	0.024090374	0.04799	0.00947304	-0.1951	-0.00277499	-0.0011169900000000002	-0.000992804
0.11562075999999995	-0.0255833153	0.0117336154	0.1265126778	0.0399459277	-0.0576837361	-0.0402802192	-0.0762196185	0.06541582139999999	-0.0485292848	0.0271302159	0.046863999999999996	0.012942500000000001	-0.16450499999999998	-0.00399553	-0.0007289239999999999	-0.000992804
0.016877650000000025	0.0081742634	0.0295610149	0.0968640787	-0.0015533532999999998	0.0562052648	0.0224926692	-0.07645757110000001	0.0663247964	-0.05041963	0.0301263332	0.042986	0.010295	-0.157586	-0.00404264	-0.0007504769999999999	-0.000992804
0.02740695000000001	-0.01029909	-0.0620466513	0.0425481992	0.063958874	-0.0168842011	0.0586278356	-0.0766878214	0.06720704549999999	-0.0522642642	0.0330738971	0.0429925	0.019141599999999998	-0.164518	-0.00394134	-0.0008816129999999998	-0.000992805
0.04648605	0.0039154366	-0.0501055052	0.0179587325	0.00193494	0.0364151358	0.0090458821	-0.07691034599999999	0.0680622132	-0.0540615151	0.0359681572	0.0430126	0.0123095	-0.169294	-0.00352198	-0.000603817	-0.000992804
0.06288885	0.0117728034	-0.0850300055	-0.0763588596	0.0053271639	-0.0282577825	0.0196054097	-0.0771251226	0.06888995490000001	-0.0558097533	0.038804449	0.0428421	0.0075578	-0.157487	-0.00390292	-0.0007109810000000001	-0.000557715
0.05256985	0.0132051121	0.0041438478	-0.0823627271	-0.0787981614	0.0132321419	0.0200348375	-0.0773321295	0.06968993700000001	-0.0575073938	0.0415782013	0.0429034	0.029129000000000002	-0.164405	-0.0036991999999999997	-0.0008315169999999999	-0.0007138460000000001
0.057940550000000014	0.0166367684	-0.0843898215	-0.0800312639	0.0057607463	-0.07623569549999999	-0.0091407185	-0.07753134589999999	0.07046183730000001	-0.0591528974	0.0442849438	0.039343300000000005	0.017622099999999998	-0.15476700000000002	-0.00351076	-0.00102883	-0.000992804
0.04229540000000001	0.0675283785	0.0369562937	-0.0588808325	-0.0034769647	0.0430078778	0.0004123274	-0.0777227516	0.0712053446	-0.0607447724	0.0469203142	0.0429165	0.014649200000000001	-0.164448	-0.00377942	-0.000963968	-0.0008049599999999999
0.0286125	0.0245760736	-0.0171778482	-0.0973983114	0.0043298722	-0.0382303545	0.0333410317	-0.0779063275	0.0719201593	-0.062281575599999986	0.0494800651	0.0428778	0.014903399999999999	-0.1582	-0.00356211	-0.0011169900000000002	-0.00073386
0.04220289999999997	0.0149889506	0.040662918	-0.088001582	-0.0576287392	0.0501222256	0.0267292223	-0.078082055	0.0726059935	-0.0637619136	0.051960071	0.0429477	0.023303099999999997	-0.16181700000000002	-0.00332747	-0.0008746039999999999	-0.00085916
0.0468551	-0.0002958149	-0.06047670910000001	-0.0660255417	0.0071666637	-0.054220033	-0.0045686612	-0.0782499164	0.0732625707	-0.0651844444	0.0543563352	0.042979699999999996	0.029121699999999997	-0.149949	-0.00364379	-0.00100737	-0.000992804
0.05470819999999997	0.0302163415	0.0203919568	-0.112783974	-0.0029502573	0.0012335303	-0.0269636542	-0.0784098948	0.07388962639999999	-0.0665478783	0.0566649955	0.05281759999999999	0.039183800000000005	-0.176553	-0.00365287	-0.00100212	-0.00084305
0.02415864999999997	0.0350552875	-0.062861646	-0.0821360451	0.0260947775	-0.0326065662	-0.0133094066	-0.0785619741	0.0744869079	-0.0678509792	0.0588823313	0.05535219999999999	0.032716	-0.166742	-0.00363612	-0.00102976	-0.0007805349999999997
0.0385993	0.021064544	0.047088450199999986	-0.0596812581	0.0400094754	0.0700687206	-0.06266237549999999	-0.0787061389	0.0750541746	-0.0690925657	0.061004769	0.054437900000000004	0.0411194	-0.174765	-0.00347958	-0.000890596	-0.000910003
0.04654655000000001	0.0060402704000000005	-0.0556229141	-0.0818802705	0.0425187483	-0.0240110061	0.0106543089	-0.0788423748	0.07559119780000001	-0.0702715121	0.0630288878	0.0535644	0.048454699999999996	-0.16438699999999998	-0.00372958	-0.0011169900000000002	-0.000992804
0.04246590000000002	0.0268088002	0.0719366511	-0.0600476737	0.0243358766	0.1434643234	-0.0459941327	-0.0789706681	0.0760977612	-0.0713867496	0.06495142570000001	0.049447500000000005	0.031118700000000006	-0.18035199999999998	-0.00372958	-0.00101603	-0.000992804
0.029336999999999964	-0.0247380223	-0.0312120676	-0.1148657631	0.0432133433	0.0131923344	0.031790008	-0.07909100570000001	0.0765736605	-0.0724372672	0.0667692842	0.050568699999999994	0.0232877	-0.18179800000000002	-0.00389392	-0.0011169900000000002	-0.0008793279999999999
0.02113175	-0.0241377072	0.0641038558	-0.0904369967	0.0439900621	0.1385225606	-0.0672115427	-0.0792033756	0.0770187042	-0.0734221124	0.0684795334	0.0505621	0.027472800000000002	-0.181695	-0.00363805	-0.0010434900000000002	-0.0008719569999999999
0.02461384999999997	-0.0425883216	-0.0506395054	-0.1328270816	0.0179152378	0.0016736427	0.0237649014	-0.0793077664	0.0774327128	-0.0743403923	0.0700794171	0.042913400000000004	0.025619	-0.181652	-0.00350309	-0.000988263	-0.000760777
0.03867555000000001	-0.0063891544	-0.011849149	-0.0805678308	0.0154501934	0.0172922859	-0.05440522	-0.0794041677	0.0778155195	-0.07519127440000001	0.0715663568	0.0428956	0.0211237	-0.16304200000000002	-0.00363805	-0.0008712739999999999	-0.0007016769999999999
0.03876915	0.0404818127	-0.0329740691	-0.037706334	-0.0909267826	0.0704684535	0.077512521	-0.0794925697	0.07816697	-0.0759739873	0.072937956	0.0428938	0.0318752	-0.179509	-0.00359662	-0.000691164	-0.00069224
0.04508544999999998	0.0132683271	-0.08485529609999999	0.0033167739	0.0151084133	-0.0146995713	0.0676290285	-0.0795729635	0.0784869228	-0.0766878214	0.0741920043	0.05242909999999999	0.0165358	-0.169889	-0.00363805	-0.0008476529999999998	-0.0007061360000000001
0.07295455	0.0397818362	0.0348490365	0.0767832173	-0.0670182369	0.0815839504	0.0910696064	-0.079645341	0.0787752489	-0.0773321295	0.0753264804	0.0429705	0.015504599999999999	-0.142092	-0.00387275	-0.00101964	-0.000992804
0.04881520000000001	0.0076539168	-0.0522921355	0.06282591	0.003062305	-0.0422465371	0.1525664359	-0.079709695	0.0790318321	-0.0779063275	0.0763395561	0.0531658	0.0149537	-0.16075799999999998	-0.00358204	-0.0011169900000000002	-0.000992804
0.03567840000000004	0.013438556200000002	0.0485240209	0.0693190087	-0.031099563700000006	0.0512948347	0.0976395656	-0.0797660189	0.079256569	-0.0784098948	0.0772295986	0.0429704	0.0181462	-0.143989	-0.00369247	-0.0011169900000000002	-0.000992804
0.02806530000000005	-0.028190718	-0.0743101712	0.1014001156	0.0332905059	-0.0162412377	0.074164246	-0.0798143071	0.0794493692	-0.0788423748	0.07799517339999999	0.043002099999999994	0.015335499999999997	-0.143831	-0.00353371	-0.0008262579999999999	-0.00104461
0.04949163	-0.0191440665	-0.0194123758	0.0592300449	0.0047414211	-0.005462004300000001	-0.0135777765	-0.0798545546	0.0796101548	-0.0792033756	0.0786350467	0.0503213	0.00152877	-0.13961099999999999	-0.00381431	-0.000976766	-0.000992804
0.047434849999999966	-0.0414883125	-0.0381139743	0.0837136669	0.0299565079	-0.0051977262	0.0191087888	-0.0798867576	0.0797388611	-0.0794925697	0.0791481873	0.042992800000000005	-0.00265003	-0.160851	-0.0038347	-0.000703405	-0.000992804
0.036359669999999976	-0.0470597018	0.003371786	0.0901701188	0.0580752437	0.0088418788	-0.0338273221	-0.0799109126	0.0798354362	-0.079709695	0.0795337681	0.0429845	-0.008974849999999998	-0.14713900000000002	-0.00406624	-0.0007981559999999997	-0.000992804
0.05462506099999999	-0.0771364101	-0.08664310480000001	0.07882776009999999	-0.0182040816	0.006452922099999999	0.045893213700000005	-0.0799270173	0.0798998413	-0.0798545546	0.0797911678	0.0381416	0.000117811	-0.16087100000000001	-0.00384376	-0.000481486	-0.000992804
0.0347316225	-0.034644954	-0.0236274128	0.0714766743	-0.0153192219	-0.0374883726	-0.0372403762	-0.07993507009999999	0.0799320503	-0.0799270173	0.0799199714	0.03702	5.21385e-05	-0.13973600000000005	-0.00407611	-0.000486427	-0.0010037000000000002
