0.0	-0.0336534013	-0.0417534543	0.0764728798	-0.05678693820000001	0.0775897228	-0.0033630941	0.07993507009999999	0.0799320503	0.0799270173	0.0799199714	0.0130136	-0.172513	-0.07787739999999999	-0.000194655	-0.0009038000000000001	-0.000474827
0.19473813	0.0023515171	-0.0415548244	0.08903046740000001	-0.0490316166	0.0834949321	-0.0252264438	0.0799270173	0.0798998413	0.0798545546	0.0797911678	-0.00440803	-0.11643699999999994	-0.06491330000000001	0.00106046	-0.000360385	-0.000841825
0.08337114000000001	0.0099100055	-0.0402998335	0.120583144	-0.061200250199999987	0.029018689700000006	0.0069142127	0.0799109126	0.0798354362	0.079709695	0.0795337681	0.00421246	-0.132936	-0.051212400000000005	0.000640623	-0.000508897	-0.000519159
0.182592982	-0.0029106289	-0.0549937632	0.099545759	-0.0591705245	0.0879073695	-0.033688685600000004	0.0798867576	0.0797388611	0.0794925697	0.0791481873	0.00016852799999999998	-0.154656	-0.071063	-0.000900942	0.000361967	-0.000192019
0.12259599300000001	-0.0021461916	-0.0466669412	0.0994875464	-0.0491501584	0.049078873200000005	-0.0384591098	0.0798545546	0.0796101548	0.0792033756	0.0786350467	-0.00852097	-0.09615189999999996	-0.0564646	-0.000351014	9.663610000000001e-05	-0.00019119799999999998
0.152917232	-0.0099146156	-0.0529040023	0.112827834	-0.0768473991	0.0388938861	-0.0301502136	0.0798143071	0.0794493692	0.0788423748	0.07799517339999999	0.000472757	-0.148308	-0.056523199999999996	-0.00125337	-0.000321458	-0.0007049239999999999
0.127418555	-0.0176496004	-0.0664965281	0.1153372729	-0.05449501	0.0188673071	-0.0247250681	0.0797660189	0.079256569	0.0784098948	0.0772295986	0.00039010199999999997	-0.196933	-0.07539560000000001	-0.0008761249999999997	-0.0002355290000000001	2.8672e-05
0.22112979800000002	-0.0151343249	-0.0380498969	0.0570751292	-0.0168492419	-0.0206833551	-0.023453389100000003	0.079709695	0.0790318321	0.0779063275	0.0763395561	0.013594499999999999	-0.06204220000000001	-0.04246880000000002	-0.000676936	-0.000154637	0.000550747
0.14932561499999994	-0.0185063693	-0.0302261436	0.0578498532	-0.0485972471	0.0356256676	0.0047350671	0.079645341	0.0787752489	0.0773321295	0.0753264804	0.024052700000000003	-0.11621300000000001	-0.0308072	-0.00120571	-0.0006330180000000001	9.72017e-05
0.137046105	-0.0337901584	-0.0246698138	0.0239463843	-0.0145350319	0.00765983	-0.0201740974	0.0795729635	0.0784869228	0.0766878214	0.0741920043	0.0204527	-0.09084260000000001	0.007849369999999998	-0.00217434	-0.000639397	-0.000316172
0.12530308999999998	-0.02889262	-0.008372759	0.017422741999999998	-0.0172575046	-0.0428678575	0.0061512203	0.0794925697	0.07816697	0.0759739873	0.072937956	0.0116466	-0.059781799999999996	0.00789976	-0.000946483	-0.0010215100000000002	-0.000218426
0.19014161	-0.0119274745	0.0073261129	0.0009019543	-0.0102062307	0.0058544288	0.0136440576	0.0794041677	0.0778155195	0.07519127440000001	0.0715663568	0.012409700000000001	-0.0142497	-0.0232125	-0.000329727	-0.000214379	0.00061237
0.07988415999999998	-0.0294634271	0.0006711121000000001	0.0088552133	-0.0265127631	-0.0261044629	0.0279679103	0.0793077664	0.0774327128	0.0743403923	0.0700794171	0.00360065	-0.0177549	-0.0230833	-0.00054209	3.46202e-05	-0.000275082
0.16791646	-0.0300931845	-0.0093631082	0.0094217267	-0.024150352000000003	0.0035745682000000007	0.0008934847	0.0792033756	0.0770187042	0.0734221124	0.0684795334	0.0111651	-0.0868985	-0.0244646	-0.00125332	-0.00044447	-0.0008813039999999999
0.11276824999999994	-0.0250939471	0.0027367061	0.0004675377	-0.0303426712	0.0351738753	0.0036233325	0.07909100570000001	0.0765736605	0.0724372672	0.0667692842	0.0122477	-0.0456577	-0.0116833	-0.0008969710000000002	-0.000778657	-0.00041856900000000004
0.10978133	-0.0265218098	-0.0064121001	0.0081221661	0.010270915	-0.0229877854	0.0010524733	0.0789706681	0.0760977612	0.0713867496	0.06495142570000001	0.0212074	-0.0492426	-0.007227319999999998	-0.00124113	-0.00035803699999999996	0.0006722669999999999
0.07262298	-0.0416374261	-0.0079668254	-0.0227059939	0.0308497737	-0.0481640734	0.0413024214	0.0788423748	0.07559119780000001	0.0702715121	0.0630288878	0.00736304	-0.0466535	-0.00884354	-0.00121833	-0.000256909	-0.000295271
0.25766382000000004	-0.040227984	-0.0323113915	0.0042345895	0.006043992	0.0673902033	-0.0128502381	0.0787061389	0.0750541746	0.0690925657	0.061004769	0.014067099999999999	-0.161642	-0.0317059	-0.00259608	-0.00017751	-0.0011003
0.31057638000000004	-0.044761048	0.0129402819	-0.0473948605	0.035703864	-0.0149681815	-0.0033929275	0.0785619741	0.0744869079	0.0678509792	0.0588823313	-0.00429883	-0.022993200000000002	0.018508	-0.000958306	-0.00017751	-0.000671119
0.197956825	-0.017639763899999997	0.0247064675	-0.032398604500000004	0.0261337145	0.0182355864	0.011405866200000002	0.0784098948	0.07388962639999999	0.0665478783	0.0566649955	0.000511175	-0.04093	-0.0257351	0.0007936719999999999	-4.7495e-05	6.62264e-05
0.11834912	-0.0196789297	0.025305486600000003	-0.0400928985	0.033176801400000004	-0.0759266129	0.0093994228	0.0782499164	0.0732625707	0.0651844444	0.0543563352	0.000533145	0.00898086	-0.0103638	-0.00016496099999999998	-1.69378e-05	0.00013793600000000002
0.07987100499999998	-0.0138082871	0.0207140414	-0.0254426404	0.0054750301	0.0379948244	0.0132808985	0.078082055	0.0726059935	0.0637619136	0.051960071	-0.00479936	-0.009199100000000002	-0.0198144	-0.000178758	0.00018957200000000002	-0.000579916
0.109786294	-0.0148175574	0.012265266100000002	-0.0212084652	-0.0013155554	-0.0312627556	-0.0002211223	0.0779063275	0.0719201593	0.062281575599999986	0.0494800651	0.000622484	-0.0249723	-0.0104228	-0.0005256530000000001	-0.000570612	-0.00105683
0.081819324	-0.035770192400000005	0.009818278	-0.0472521867	0.0406741661	-0.0256639665	-0.0113119657	0.0777227516	0.0712053446	0.0607447724	0.0469203142	-0.00433414	-0.035283800000000004	-0.025425299999999998	0.000159509	-0.000638333	-0.0007787389999999998
0.09193467599999999	-0.0151323392	0.0310888781	-0.0410405323	0.0014887332999999998	-0.0311606074	0.011403546100000002	0.07753134589999999	0.07046183730000001	0.0591528974	0.0442849438	0.0006140130000000001	-0.0136499	0.000962173	-0.00022768299999999998	-0.000638333	-0.00117085
0.150579301	-0.0092876776	0.0287563922	-0.0351601561	0.0261438242	0.0222224549	0.031680315099999995	0.0773321295	0.06968993700000001	0.0575073938	0.0415782013	-0.013822	-0.030983999999999998	-0.010290299999999999	0.000187916	-9.36884e-05	2.00407e-05
0.103141845	-0.0082554813	0.0139716026	-0.028711012400000006	0.0364388275	0.0041778402	0.0261641531	0.0771251226	0.06888995490000001	0.0558097533	0.038804449	0.00682776	-0.016138299999999998	-0.0443592	0.00022030900000000002	0.000315257	0.000250252
0.169309606	0.0088336207	0.009862139	-0.0271228345	0.0064163941	0.022351587000000003	0.0153559516	0.07691034599999999	0.0680622132	0.0540615151	0.0359681572	0.0007715039999999999	-0.0403888	-0.0294781	0.000248207	-0.0009697900000000002	-0.0009192380000000001
0.077436564	0.0255442661	0.011582143799999998	-0.0098371582	0.011567411299999998	0.0226661084	0.0215660072	0.0766878214	0.06720704549999999	0.0522642642	0.0330738971	-0.00915706	-0.023703400000000003	-0.0330665	0.000631321	-0.0007941619999999997	-0.0005332959999999999
0.11337472999999998	0.0278104105	0.0176471572	-0.0153888472	0.0211126846	0.0169271476	-0.0021188501000000003	0.07645757110000001	0.0663247964	0.05041963	0.0301263332	-0.00384281	0.0119121	-0.027455200000000003	0.000651084	-7.84181e-05	6.78707e-05
0.134368975	0.0220635668	0.013538145	-0.0136919947	0.034066238	-0.0711628387	-0.0134198846	0.0762196185	0.06541582139999999	0.0485292848	0.0271302159	-0.00331928	-0.00542762	0.0245091	-0.00047345	3.61428e-05	1.6137100000000002e-05
0.130418214	0.0260344884	0.0370087756	-0.0359119218	0.0022201623	-0.0312871	-0.0123629268	0.0759739873	0.0644804868	0.046594942400000006	0.024090374	0.0007396289999999999	-0.00277531	-0.0243653	0.000554453	-0.00013499	-0.000281479
0.19148815100000002	-0.0111169211	0.0040138807	-0.0305414082	0.08342450280000001	-0.052826463	-0.0096575248	0.0757207024	0.0635191694	0.044618356500000005	0.0210117067	0.000675118	-0.021616299999999998	0.04508669999999999	-0.000856957	-0.000650181	-0.000417491
0.14983619199999998	-0.0355032297	-0.0164536701	-0.042148753600000005	0.1371262828	-0.1250379378	0.0607905066	0.0754597894	0.0625322567	0.0426013192	0.0178991758	0.00782476	-0.0422763	-0.032117400000000004	-0.000705773	-0.000492857	0.00017045
0.15034635	-0.0144288878	0.0128906879	-0.0614291321	0.0518294318	0.0483315879	0.048425982	0.07519127440000001	0.0615201462	0.0405456591	0.0147577975	-0.00580773	0.00883006	-0.0163757	-0.00018880400000000002	0.000288185	7.1145e-05
0.16188318	0.0134007037	-0.0032685719	-0.0444636106	0.0427286676	0.0420609332	0.0519427847	0.0749151845	0.060483246	0.038453239900000005	0.0115926346	0.0238461	-0.0201878	-0.00511476	-0.00039097599999999996	-0.000860018	-0.000417491
0.05354557	0.0216654367	0.013792835	-0.0449016126	0.0428936083	0.0197813838	0.0277937883	0.0746315476	0.0594219737	0.0363259585	0.0084087885	0.011750300000000005	-0.016650799999999997	0.00460841	-0.0006572419999999999	-0.0005624930000000001	-0.000417492
0.14272203000000006	-0.0099195996	0.0030473703000000003	-0.0532423757	0.0994829362	-0.1113172641	0.0256182627	0.0743403923	0.058336757	0.0341657437	0.0052113902	-0.011758	-0.0505305	0.0348727	-0.000172048	-0.000401437	3.76528e-05
0.16045378	0.0074999272	0.0144349306	-0.0510400455	0.0446497643	0.0077399958999999985	0.0577704179	0.0740417477	0.0572280333	0.0319745538	0.002005593	-0.00334869	-0.0257155	0.00592092	0.000288478	0.00041240300000000004	-0.000653535
0.19375523	0.0455417412	0.0023033986	-0.0300107433	0.0690577439	0.1247298182	0.0442513942	0.0737356442	0.0560962492	0.0297543755	-0.0012034366	0.00125397	-0.07733729999999997	-0.05708	0.00080272	0.000213455	0.000123872
0.12233143999999994	0.0542277892	0.013942151399999998	-0.0367276778	0.0352545361	-0.0011127209	0.0019423313	0.0734221124	0.0549418609	0.0275072215	-0.0044105266	-0.0174488	-0.00984006	-0.0435484	0.0007844010000000001	0.000485274	-3.79866e-05
0.13824824000000002	0.0593452689	0.0202227034	-0.0429478888	0.0368621165	-0.0154733966	-0.0014894077	0.07310118389999999	0.0537653335	0.0252351292	-0.007610508399999999	-0.00604097	-0.028402999999999998	-0.013952899999999999	-0.000262691	0.00042809900000000004	-0.000507359
0.05232486	0.0576763537	0.0192956639	-0.0298823916	0.0232234646	-0.0284389003	-0.0007990342	0.0727728912	0.052567141100000006	0.0229401584	-0.0107982247	-0.00629397	-0.0256916	-0.00622004	0.00010682600000000001	0.000213455	-0.00075575
0.033542389999999984	0.0653373166	0.0242558996	-0.0486715245	0.021423176	-0.0002426488	-0.018926339	0.0724372672	0.0513477665	0.0206243899	-0.0139685379	-0.013397799999999998	-0.0206812	-0.011842299999999998	0.00041825300000000016	0.000213455	-0.000760441
0.08539710000000003	0.0671964091	0.0259844782	-0.0352406794	0.0086854303	-0.0484671546	-0.006813253399999999	0.0720943458	0.050107701	0.0182899231	-0.0171163386	-0.0134165	-0.012807299999999995	0.025772500000000004	0.000161692	-0.00029921	-0.0007318729999999999
0.07168529	0.0755442806	0.0296586828	-0.042084201	0.0214846898	-0.0333098501	-0.0048776671	0.0717441615	0.0488474444	0.0159388744	-0.0202365536	-0.00646139	-0.00913646	0.00628566	0.000171185	0.000302108	-0.0005112340000000001
0.066385415	0.044446352	0.0321641835	-0.057729415	0.0638489989	-0.07177091299999999	-0.0417457584	0.0713867496	0.0475675045	0.0135733754	-0.0233241543	-0.0165456	-0.00616708	0.0181269	0.000233062	2.98196e-05	-1.55877e-05
0.06661678500000001	0.0386691845	0.0435266168	-0.0577432844	0.0515834214	-0.1126241539	0.0239629019	0.0710221462	0.046268397	0.0111955706	-0.0263741644	-0.00534992	0.00695167	0.0372952	0.000470663	0.000135541	0.000103771
0.206595775	0.0603089079	0.043175932	-0.0696771582	0.0068141524	-0.0152308913	0.0211623766	0.0706503878	0.0449506455	0.0088076158	-0.0293816684	-0.014448500000000001	-0.0206864	-0.0190044	0.00144489	-8.371049999999999e-05	-0.0009739410000000001
0.043019305	0.08128446339999999	0.0427277787	-0.0559767464	0.0152577937	0.0535479888	-0.0128198816	0.0702715121	0.0436147809	0.006411676	-0.0323418192	-0.00842239	-0.020595	-0.00864618	0.00163705	0.000191762	-0.00103718
0.09516636999999996	0.08613166929999999	0.0450974933	-0.0532621278	0.0040428953	-0.0192163906	0.0120059495	0.0698855571	0.0422613414	0.0040099232	-0.0352498461	-0.009984570000000005	-0.0048097	0.00892747	0.000556109	9.666819999999999e-05	-0.00106605
0.10534828999999996	0.082946512	0.0300320867	-0.056536161	0.0316569104	-0.0063680536	-0.0166062127	0.06949256179999999	0.0408908726	0.001604535	-0.0381010623	-0.012962399999999999	-0.034232	-0.0154349	0.0009947030000000002	0.00031457	-0.00138127
0.215179865	0.0668858229	0.0332709878	-0.0787798953	0.0831395046	-0.0897013245	-0.0090916938	0.0690925657	0.0395039266	-0.0008023078999999999	-0.0408908726	-0.00615647	-0.015108799999999999	0.0266392	-1.2691e-05	0.0008849399999999999	-1.55013e-05
0.105304675	0.0774931421	0.0366147127	-0.08772656029999999	0.04369236730000002	-0.0349136046	0.011152911399999998	0.0686856091	0.0381010623	-0.0032084234000000003	-0.0436147809	-0.00413999	0.00120423	-0.00536438	0.00040746900000000004	0.000472123	-0.000281956
0.06045305	0.0664024447	0.026986948700000003	-0.0732208108	0.0596826783	-0.0760608439	0.0341241333	0.068271733	0.0366828449	-0.0056116301	-0.046268397	-0.00790585	0.0127329	-0.00539361	-0.000262691	0.000472123	-4.95302e-05
0.085604105	0.0819065641	0.0559687301	-0.0751278125	0.044406000300000005	0.0097219335	0.0474086197	0.0678509792	0.0352498461	-0.0080097493	-0.0488474444	-0.019365200000000003	0.017170999999999995	-0.00537927	0.0009550400000000002	0.000342097	-9.56195e-05
0.083250795	0.079810141	0.06890648690000001	-0.0562028553	-0.0065588163	-0.0611649152	-0.0148975494	0.06742339	0.0338026431	-0.0104006067	-0.0513477665	-0.012212700000000005	0.0131616	0.0301023	0.0006674280000000001	0.000472123	-0.00041012800000000016
0.18652225	0.0841793338	0.080629983	-0.038919671	-0.0268282801	-0.0446001883	-0.041937928	0.0669890084	0.0323418192	-0.0127820349	-0.0537653335	-0.00939927	-0.00760877	0.0360386	0.00189427	-0.00042553599999999996	-0.00142567
0.13760850000000002	0.044588255	0.0908680316	0.0110388668	-0.0816048994	-0.07256167690000001	-0.0688997551	0.0665478783	0.030867963	-0.0151518747	-0.0560962492	-0.0031604	-0.051475599999999996	0.0783137	0.00133461	-0.000236232	-0.00158126
0.17138047	0.0616299642	0.1008020007	0.096726793	-0.0989822226	0.081924385	-0.053036872	0.0661000441	0.0293816684	-0.0175079777	-0.058336757	0.00597487	-0.15537	0.0651207	0.0008468059999999998	-0.00019426	-0.00195464
0.10124457500000003	0.0176073658	0.09224716210000004	0.0345463083	-0.0809710396	-0.0565400341	-0.0696256573	0.06564555080000001	0.0278835343	-0.0198482077	-0.060483246	0.0103654	-0.08642049999999997	0.058298699999999995	0.000843201	7.97659e-05	-0.00181062
0.189027445	0.0467556774	0.0888147524	-0.0185862763	-0.0666395291	-0.0478334371	-0.0236814385	0.0651844444	0.0263741644	-0.0221704431	-0.0625322567	0.00418213	-0.0646048	0.00203137	0.00181709	-0.000550538	-0.00131959
0.09344069999999996	0.0215497228	0.08463934349999999	-0.0015358982	-0.101327541	0.0619970161	-0.1287640234	0.0647167712	0.0248541669	-0.0244725786	-0.0644804868	0.00155709	-0.10379200000000001	0.008669329999999998	0.00183692	-0.0004998180000000001	-0.00214885
0.10702730000000002	0.0064901849	0.0965122637	0.0557494684	-0.128026601	0.0756798104	-0.1210256271	0.0642425783	0.0233241543	-0.026752527	-0.0663247964	-0.00993779	-0.116873	0.0230101	0.0006731889999999999	-0.000444836	-0.00229235
0.091845655	-0.0208114192	0.0486045727	0.0222548838	-0.1193605533	-0.0201934534	-0.0711860154	0.0637619136	0.0217847431	-0.0290082213	-0.0680622132	0.000291915	-0.124778	0.031168099999999997	0.0008096539999999999	-0.00109262	-0.00281916
0.096549125	-0.0576827321	0.0079714216	0.0141066538	-0.0907138978	-0.0964724468	-0.0950653703	0.0632748254	0.0202365536	-0.0312376164	-0.06968993700000001	-0.007498409999999999	-0.129248	0.015411099999999999	0.000258621	-0.000363537	-0.00290968
0.05684504	-0.0644737338	-0.0173009844	0.0319161175	-0.1088970652	-0.0271613916	-0.0735137149	0.0627813628	0.0186802098	-0.0334386912	-0.0712053446	-0.015074	-0.132002	0.025764599999999995	-0.00011344899999999999	-0.000696856	-0.00292753
0.12082986	-0.0678508638	-0.021865169	0.0613683468	-0.1052382235	0.0170024742	-0.0352004761	0.062281575599999986	0.0171163386	-0.035609450099999995	-0.0726059935	-0.00641759	-0.127404	-0.0161665	0.0006415009999999999	-0.000859453	-0.00253219
0.02863297999999999	-0.05788553320000001	-0.0109844085	0.0765458783	-0.1282826134	0.09881706	-0.0538797505	0.061775514	0.0155455703	-0.037747925	-0.07388962639999999	-0.008575869999999998	-0.11559000000000001	-0.017488199999999995	0.000462344	-0.0009108660000000001	-0.00249598
0.08333962999999997	-0.0671115226	-0.0432146706	0.04833586980000002	-0.1058181956	-0.0112568218	-0.0384305817	0.0612632291	0.0139685379	-0.0398521774	-0.0750541746	-0.0095071	-0.158243	-0.0362599	0.000558266	-0.0008638139999999999	-0.00277268
0.12511065	-0.0751764462	-0.0616364484	0.017804161699999998	-0.05650702570000001	0.0088012175	-0.0519495518	0.0607447724	0.0123858767	-0.0419202993	-0.0760977612	0.00555879	-0.178947	0.00318376	0.00115854	-0.0006724760000000001	-0.00297901
0.22755214	-0.089566319	-0.1101189486	0.0607385454	-0.0103000583	-0.0418929444	0.0568375757	0.0602201963	0.0107982247	-0.0439504158	-0.0770187042	-0.0018920000000000002	-0.176798	-0.0332152	-0.000412029	9.922280000000001e-05	-0.00169021
0.05406317	-0.0779227159	-0.1061104367	0.0449421247	-0.0007799692	0.0395894774	0.0147535218	0.0596895534	0.0092062214	-0.0459406864	-0.0778155195	-0.00105422	-0.162474	-0.0427304	-0.000551649	-0.00018669099999999998	-0.0018524000000000001
0.07142957500000001	-0.08029637419999999	-0.1387246833	0.0820723074	0.0139532606	-0.0319633707	0.022169487	0.0591528974	0.007610508399999999	-0.0478893067	-0.0784869228	-0.0146551	-0.15775	-0.0616058	-0.000175535	6.61509e-05	-0.00190803
0.13582888099999998	-0.0809291518	-0.0944170014	0.0388306203	-0.0077555987	0.093392079	0.06367571009999999	0.0586102822	0.0060117288	-0.0497945101	-0.0790318321	-0.000560064	-0.160526	-0.07977679999999998	0.000990547	-0.000673164	-0.00179769
0.118832946	-0.07387044429999999	-0.0939654851	0.0484435094	0.0018365995	0.0259767675	0.0294324456	0.0580617626	0.0044105266	-0.0516545692	-0.0794493692	-0.00417121	-0.157751	-0.0451164	-0.000149145	-0.000529058	-0.00152576
0.08868049	-0.07767000980000001	-0.08665890529999999	0.0423623783	-0.0011690738	0.0535715975	0.005443142099999999	0.0575073938	0.0028075473	-0.0534677978	-0.0797388611	-0.00685695	-0.155699	-0.07618079999999999	0.00012880000000000001	-0.00018595599999999998	-0.00196228
0.09978523	-0.0729564573	-0.0809651104	0.0442358126	-0.0425152997	0.0417058043	0.0149715026	0.0569472315	0.0012034366	-0.0552325519	-0.0798998413	-0.00788193	-0.14430199999999999	-0.0438105	0.000667834	-0.00044778099999999996	-0.00226128
0.07055093999999999	-0.06511155519999999	-0.0753939638	0.0356201389	-0.0540764242	0.0415803592	0.0176408358	0.05638133240000001	-0.000401159	-0.0569472315	-0.0799320503	-0.00382264	-0.139718	-0.055959400000000006	0.0011237999999999999	-0.00079549	-0.00245278
0.059312860000000016	-0.0675530022	-0.0557494659	0.0247989205	-0.0420766399	0.0750004566	-0.008374810699999999	0.0558097533	-0.002005593	-0.0586102822	-0.0798354362	-0.00103848	-0.133127	-0.03698219999999999	0.000616366	-0.000864706	-0.00241022
0.07064047	-0.0557349417	-0.0723996216	0.040197169	-0.0377092239	-0.0091383811	-0.0041813339000000005	0.0552325519	-0.0036092188	-0.0602201963	-0.0796101548	-0.00343645	-0.14989	-0.028329200000000002	0.00046825800000000004	-0.000452204	-0.0021143
0.08520060999999997	-0.0722241277	-0.1235050589	0.0485589472	0.0292198884	-0.0451544373	-0.0054410632	0.0546497862	-0.0052113902	-0.061775514	-0.079256569	-0.00178844	-0.17444400000000002	-0.0368921	-0.000149145	-0.000490715	-0.0017614999999999996
0.05322853999999999	-0.0652708699	-0.1350609869	0.0409040684	0.0307279691	-0.0520660463	0.0832775151	0.0540615151	-0.0068114617	-0.0632748254	-0.0787752489	0.00429835	-0.174431	-0.0459163	-0.000149145	-0.00010316399999999999	-0.00138696
0.15296047	-0.0635812276	-0.1383582715	0.0452956815	0.023227704	-0.0076870433	0.051778942	0.0534677978	-0.0084087885	-0.0647167712	-0.07816697	-0.00131972	-0.207608	-0.07616569999999999	0.000417431	-0.000789228	-0.00181264
0.14818598000000002	-0.07201116980000001	-0.1134560113	0.0038235941	0.0095009393	0.0704985831	0.0813727343	0.052868694	-0.0100027269	-0.0661000441	-0.0774327128	-0.0232179	-0.182837	-0.08462739999999999	0.00176248	-0.000487895	-0.00202736
0.13132020000000005	-0.0661271339	-0.0917099322	-0.0101474565	-0.0184006396	0.0888406886	0.0121758058	0.0522642642	-0.0115926346	-0.06742339	-0.0765736605	-0.012779299999999999	-0.178362	-0.0516061	0.00102377	-0.000634651	-0.0028096
0.04306925000000003	-0.07219144870000001	-0.1248011163	0.011814215	-0.0042676497	0.020211772	0.0197665465	0.0516545692	-0.0131778711	-0.0686856091	-0.07559119780000001	-0.0177738	-0.180621	-0.061809699999999995	0.0009106610000000001	-0.000866545	-0.00264236
0.08127425	-0.060727701	-0.1150817938	0.0036041197	0.0194013305	0.0365934897	0.0413027734	0.0510396705	-0.0147577975	-0.0698855571	-0.0744869079	-0.0156421	-0.18036300000000002	-0.0796434	0.00164169	-0.000603767	-0.00241515
0.13984156	-0.0655523399	-0.1261347953	0.0140101484	0.0656509383	-0.0019450095	0.0326566996	0.05041963	-0.0163317771	-0.0710221462	-0.0732625707	-0.0156622	-0.16615	-0.06991710000000001	-6.69122e-05	-0.000371006	-0.00203887
0.110955875	-0.06484134820000001	-0.1148841367	0.0073602668	0.0697671985	-0.005255581	0.0694370458	0.0497945101	-0.0178991758	-0.0720943458	-0.0719201593	-0.015091299999999997	-0.19943699999999998	-0.048690699999999996	-0.0006853919999999999	1.77157e-05	-0.00192864
0.125972335	-0.0657061088	-0.1130408729	0.0082504011	0.0731073834	0.019370636	0.0314233702	0.0491643739	-0.0194593619	-0.07310118389999999	-0.07046183730000001	-0.013490899999999998	-0.188695	-0.0758414	0.000609415	-0.000357612	-0.00186919
0.040760150000000016	-0.0660606604	-0.1044758724	-0.0047214578	0.0617035997	-0.0104822758	0.0735720709	0.0485292848	-0.0210117067	-0.0740417477	-0.06888995490000001	-0.0271443	-0.189814	-0.0780026	0.000303168	-0.000420756	-0.00197633
0.20856312	-0.052892089	-0.0529839194	-0.0348705621	0.0272532532	0.0443991114	0.06596584	0.0478893067	-0.0225555848	-0.0749151845	-0.06720704549999999	-0.0415824	-0.21492399999999998	-0.00410278	0.000361599	0.0006412869999999999	-0.00275816
0.18557567	-0.030880951	-0.0090739721	-0.0476035666	0.0495327927	0.1067479797	0.0665535215	0.0472445043	-0.024090374	-0.0757207024	-0.06541582139999999	-0.0200754	-0.239909	-0.0379191	-0.000525292	0.000153571	-0.00202742
0.1600699	0.0102314039	0.0634122136	-0.016053013600000002	0.016459998	0.1592640816	0.0205813428	0.046594942400000006	-0.0256154559	-0.07645757110000001	-0.0635191694	-0.0212997	-0.237711	0.033887099999999996	0.000972474	0.00014472899999999996	-0.00221764
0.10408228	0.051882528	0.0915502583	-0.0094196325	0.0075698669	0.1360590617	0.0209573739	0.0459406864	-0.0271302159	-0.0771251226	-0.0615201462	-0.024693200000000002	-0.21148000000000008	0.011641799999999999	0.00173433	-3.25146e-05	-0.00232279
0.18269146	0.0563624994	0.0945858558	-0.0030324838	-0.0049565998	0.0285572641	-0.0104917365	0.0452818024	-0.0286340436	-0.0777227516	-0.0594219737	-0.00873516	-0.172508	0.0320967	0.00086246	-0.000484305	-0.00150032
0.06373194000000001	0.06425010610000001	0.0969003057	-0.007346653000000002	0.0029333732	-0.0013125616	0.0137762735	0.044618356500000005	-0.0301263332	-0.0782499164	-0.0572280333	-0.0122274	-0.166177	0.013656200000000002	0.0006389809999999999	-0.00019826	-0.00130048
0.06492594999999997	0.07020279	0.0989845118	0.002399917	0.010839617	0.021381864700000003	-0.016356523300000002	0.0439504158	-0.0316064831	-0.0787061389	-0.0549418609	-0.024359400000000003	-0.164446	0.040006900000000005	0.000533299	0.000184763	-0.00129494
0.10526097	0.0633681485	0.0930827343	0.024256629100000003	0.017801903600000002	-0.0249236916	-0.0071696643999999985	0.0432780475	-0.0330738971	-0.07909100570000001	-0.052567141100000006	-0.031598900000000006	-0.163708	0.00999578	0.00129488	-0.000262883	-0.00143116
0.137284664	0.0577282136	0.0894835722	0.052485647	0.0236109495	-0.015993912199999998	-0.0323992132	0.0426013192	-0.0345279838	-0.0794041677	-0.050107701	-0.0129004	-0.13380899999999998	-0.0007192339999999999	0.000608063	-0.0008249889999999999	-0.00174168
0.09923379099999996	0.0732375587	0.0926832421	0.0487820279	0.0440653208	0.0103837482	0.008306290400000001	0.0419202993	-0.0359681572	-0.079645341	-0.0475675045	-0.015113399999999999	-0.1419	-0.0105758	0.00115661	-1.55815e-05	-0.0015181699999999995
0.070695175	0.0713931923	0.0830080072	0.0583597698	0.031218338	-0.0286493428	-0.0036208488	0.0412350562	-0.0373938371	-0.0798143071	-0.0449506455	-0.0249741	-0.148477	-0.0007707499999999997	0.000526244	-0.00019459400000000005	-0.0015978399999999995
0.07000921000000003	0.050819948	0.0744960399	0.0102830028	0.0144322286	-0.0188402336	-0.0156409287	0.0405456591	-0.038804449	-0.0799109126	-0.0422613414	-0.0321568	-0.14036500000000002	0.00276161	0.00015411100000000002	-0.000639714	-0.00180423
0.08662784000000001	0.0703779862	0.0827705428	0.0225302161	-0.0270774986	0.0016870567000000002	0.0037698876	0.0398521774	-0.0401994245	-0.07993507009999999	-0.0395039266	-0.0288125	-0.157168	0.0184949	0.00040598800000000003	-0.000417826	-0.00234541
0.028450599999999996	0.0752046232	0.0878963222	0.0350323484	0.0130123364	0.0752770395	-0.009445129	0.0391546809	-0.0415782013	-0.0798867576	-0.0366828449	-0.0318919	-0.151103	0.0188458	0.000297099	-0.0006517830000000001	-0.00238167
0.037500099999999995	0.0783666395	0.0946330788	0.0229069896	-0.0206630211	0.0056455676	-0.0119203409	0.038453239900000005	-0.0429402241	-0.0797660189	-0.0338026431	-0.0319621	-0.158936	0.0210452	0.000222882	-0.00020207	-0.00240569
0.07790425	0.0743001608	0.0832769308	0.005429498299999999	-0.0225001596	0.0132632486	-0.0276281786	0.037747925	-0.0442849438	-0.0795729635	-0.030867963	-0.024597400000000002	-0.153419	-0.010961700000000001	-0.000234251	-0.00011193	-0.00229265
0.1369476	0.0622172878	0.0799040011	0.007367678199999998	-0.0254892385	-0.0300065483	0.007388055799999999	0.037038807400000005	-0.0456118188	-0.0793077664	-0.0278835343	-0.017099	-0.143201	0.049442099999999996	0.000342388	-0.0006417290000000001	-0.00222254
0.21795343	0.0341248184	0.0495137617	-0.068902635	0.0237979623	-0.0811619324	0.0381278956	0.0363259585	-0.0469203142	-0.0789706681	-0.0248541669	-0.0358351	-0.175581	-0.0108869	-0.000144699	6.032060000000001e-05	-0.00128151
0.1081983615	-0.017540491499999998	-0.0192239111	-0.08165300219999999	0.09665030210000004	-0.076960534	-0.0411272641	0.035609450099999995	-0.0482099028	-0.0785619741	-0.0217847431	-0.0606952	-0.226252	0.00455893	7.222229999999999e-06	0.000207048	-0.00123573
0.20550416850000008	-0.024663164	-0.01412821	-0.0315963015	0.0978608186	-0.1089251729	0.0539388875	0.0348893543	-0.0494800651	-0.078082055	-0.0186802098	-0.080207	-0.22583899999999998	-0.0366225	0.00178262	0.000672839	-0.0018824999999999998
0.07969800000000002	0.0128030744	0.037087504900000005	-0.016609921899999998	0.0643996501	0.0524792456	0.0435239882	0.0341657437	-0.0507302891	-0.07753134589999999	-0.0155455703	-0.0709336	-0.208677	-0.0140696	0.00182131	0.000102665	-0.00187717
0.12869471999999998	0.0159113922	0.0404701157	0.0108524262	0.0341235565	-0.010944191200000002	0.0272975491	0.0334386912	-0.051960071	-0.07691034599999999	-0.0123858767	-0.062013900000000004	-0.198193	0.0210231	0.0008780879999999999	5.006060000000001e-05	-0.00236531
0.06261757	0.0461597939	0.0498897114	0.0318574291	0.0467925835	-0.0008894262	-0.0067657282	0.03270827	-0.0531689154	-0.0762196185	-0.0092062214	-0.055273800000000005	-0.20362	0.0223249	0.000726145	0.000775671	-0.00247073
0.06294635000000001	0.0550347743	0.0571826689	0.065248381	0.0643624553	0.0183395142	-0.0089519826	0.0319745538	-0.0543563352	-0.0754597894	-0.0060117288	-0.0439592	-0.204746	0.0445097	0.0007316589999999997	0.000223836	-0.00246166
0.05890299999999999	0.0691491659	0.0546867165	0.0799587891	0.0736603262	-0.0099977788	-0.0131783035	0.0312376164	-0.0555218517	-0.0746315476	-0.0028075473	-0.0372533	-0.18673399999999998	0.027098900000000002	0.00045467	0.00021178900000000001	-0.00241521
0.04104945000000002	0.0743562184	0.0640635031	0.0812748104	0.0548664804	0.0080393281	-0.0364838524	0.0304975321	-0.0566649955	-0.0737356442	0.000401159	-0.037258	-0.17422200000000002	0.0327265	0.000560908	0.00042490400000000004	-0.00255396
0.04221045	0.0836636276	0.0656935068	0.0909047929	0.0412126256	-0.0331032807	-0.035713534500000005	0.0297543755	-0.0577853059	-0.0727728912	0.0036092188	-0.0371623	-0.191948	0.0283615	0.000423606	0.000229211	-0.00262144
0.0248463	0.0885772701	0.0661748606	0.0913328945	0.0497704918	0.0452169912	-0.0220742973	0.0290082213	-0.0588823313	-0.0717441615	0.0068114617	-0.0372402	-0.191193	0.016827	0.000389423	0.000280696	-0.00245753
0.030472500000000007	0.074865658	0.0593324972	0.07282676490000001	0.0504594319	-0.0017140570000000002	-0.0426563511	0.0282591448	-0.059955629800000014	-0.0706503878	0.0100027269	-0.0422037	-0.191578	0.022397200000000003	0.000487211	0.00042490400000000004	-0.00260661
0.06772547	0.04655535400000002	0.0468812223	0.0600125497	0.0280599833	-0.1127523683	-0.053694449500000005	0.0275072215	-0.061004769	-0.06949256179999999	0.0131778711	-0.0344254	-0.18325999999999998	0.0170149	0.0007865259999999997	-9.17384e-05	-0.00249763
0.12057964	0.031547739500000005	0.0281512675	0.0367961506	0.0486200248	-0.0436526113	-0.046445017000000005	0.026752527	-0.0620293259	-0.068271733	0.0163317771	-0.0318577	-0.183024	-0.015063900000000003	-0.0002613	-2.2561599999999998e-05	-0.00190069
0.037664430000000006	0.0197408894	0.0205583317	0.0400193536	0.0550337044	-0.1229659239	-0.0217280141	0.0259951375	-0.0630288878	-0.0669890084	0.0194593619	-0.037550099999999996	-0.195098	-0.014992400000000001	-0.00012350799999999998	0.000165687	-0.0018302
0.024077569999999986	0.0040008603	-0.0086268829	0.0046417592	0.0709156844	-0.0578250274	-0.0511909907	0.0252351292	-0.06400305190000001	-0.06564555080000001	0.0225555848	-0.0371181	-0.19411199999999998	-0.015026699999999999	-0.00020856799999999999	-9.17384e-05	-0.00172018
0.01844795	-0.0098641243	-0.0092778126	0.008149419599999999	0.0175971507	-0.1154862354	0.0128597639	0.0244725786	-0.06495142570000001	-0.0642425783	0.0256154559	-0.0383267	-0.20760599999999998	-0.0149804	-0.00013459700000000005	-9.17384e-05	-0.00172017
0.09972538000000004	-0.0019176905	0.004731749600000001	-0.0384168309	-0.017484496699999998	0.0431904983	0.0083017061	0.0237075627	-0.065873627	-0.0627813628	0.0286340436	-0.0374819	-0.174777	-0.009582799999999999	0.000580709	-0.00012843200000000002	-0.00218125
0.08486734	-0.0214674585	-0.006014593299999999	-0.0656633241	-0.0398528364	-0.0275095385	0.0370477647	0.0229401584	-0.0667692842	-0.0612632291	0.0316064831	-0.0364957	-0.192235	0.00968949	0.0008786329999999998	-0.000292285	-0.00266249
0.12728298999999998	-0.021636907	-0.0067909446	-0.0595886528	-0.0497130193	5.41521e-05	-0.0028028209000000004	0.0221704431	-0.0676380363	-0.0596895534	0.0345279838	-0.0357351	-0.182069	-0.0261873	0.00180694	-0.00064183	-0.00233075
0.040637400000000004	-0.0410372863	-0.032947032700000004	-0.0663655987	-0.0414775279	-0.0585308094	-0.0089951654	0.0213984944	-0.0684795334	-0.0580617626	0.0373938371	-0.0324711	-0.19347	-0.017595699999999995	0.00159505	-0.000553264	-0.00237791
0.038005300000000006	-0.0311048875	-0.0203850144	-0.0721728667	-0.0602901386	0.0104474077	0.0034999206	0.0206243899	-0.0692934363	-0.05638133240000001	0.0401994245	-0.034060900000000005	-0.176756	-0.0179346	0.00158169	-0.000824776	-0.00248029
0.04377725000000001	-0.0364381136	-0.0351378026	-0.0603255073	-0.0612827712	-0.0293016536	-0.0002587116	0.0198482077	-0.0700794171	-0.0546497862	0.0429402241	-0.033275900000000004	-0.178984	-0.014036000000000002	0.00118859	-0.000674783	-0.00267451
0.05335514999999999	-0.0219020269	-0.011212091100000002	-0.0675264605	-0.0768406113	0.0080715675	0.0094393563	0.019070026	-0.07083715900000001	-0.052868694	0.0456118188	-0.029280200000000006	-0.1869	-0.0214426	0.00175363	-0.000569256	-0.00268468
0.06672847999999999	-0.0341091482	-0.0178721796	-0.06987449700000001	-0.0719192413	0.0140675591	-0.0086583415	0.0182899231	-0.0715663568	-0.0510396705	0.0482099028	-0.0276839	-0.185789	-0.00740247	0.00112424	-0.000908607	-0.0026538
0.07082542999999998	-0.0233063517	-0.0201990771	-0.070074837	-0.0820878674	-0.0003857737	-0.0070632492000000015	0.0175079777	-0.07226671650000001	-0.0491643739	0.0507302891	-0.028766800000000002	-0.190199	-0.0203798	0.00172996	-0.00048518300000000003	-0.00267176
0.023693800000000008	-0.0432404578	-0.0230926562	-0.0701211238	-0.0675913492	0.0279220518	-0.0383478856	0.016724268400000002	-0.072937956	-0.0472445043	0.0531689154	-0.0237648	-0.189158	-0.0205072	0.00148194	-0.0005562809999999999	-0.00270311
0.013003650000000005	-0.0411808697	-0.0237688141	-0.0621811011	-0.0765222294	-0.018947496100000003	-0.0159121622	0.0159388744	-0.07357980480000001	-0.0452818024	0.0555218517	-0.0248181	-0.192351	-0.0204458	0.0015855	-0.000491722	-0.00269731
0.0217627	-0.051429065700000005	-0.0371096819	-0.07635964740000001	-0.0634591972	-0.0328414495	-0.009629301	0.0151518747	-0.0741920043	-0.0432780475	0.0577853059	-0.029164	-0.190436	-0.0204797	0.00151587	-0.00050623	-0.00292253
0.0709586	-0.0197440737	-0.0106543453	-0.1045864289	-0.0656803943	0.0545804006	0.0497280401	0.0143633485	-0.0747743077	-0.0412350562	0.059955629800000014	-0.0251263	-0.17996799999999996	-0.020306	0.00191661	-0.0007596839999999999	-0.00245114
0.041984400000000005	-0.0380967934	-0.0169516664	-0.0965768973	-0.060299107699999986	0.0183040682	-0.0484468596	0.0135733754	-0.0753264804	-0.0391546809	0.0620293259	-0.0213513	-0.190694	-0.018243400000000003	0.00180988	-0.00082582	-0.00278669
0.1880365	-0.0441671156	-0.0149885521	-0.067945027	-0.0665115731	0.0010645712	0.016584608	0.0127820349	-0.07584830000000001	-0.037038807400000005	0.06400305190000001	-0.029516300000000002	-0.205781	0.00161632	2.98e-05	8.66356e-05	-0.00299265
0.11290045	-0.0450365264	-0.0287445725	-0.0528507071	-0.012065963600000002	-0.0401929058	-0.0123774984	0.0119894067	-0.0763395561	-0.0348893543	0.065873627	-0.0254239	-0.21071199999999998	0.0193896	0.000785295	0.000302956	-0.00224239
0.051973850000000016	-0.052147307699999985	-0.0409577556	-0.0385446011	-0.021279068	-0.1073714572	0.0118805601	0.0111955706	-0.0768000508	-0.03270827	0.0676380363	-0.031450099999999995	-0.201567	0.012236	0.000539069	0.000277261	-0.00192133
0.050390895	-0.055667098	-0.0355959758	-0.044940878600000005	-0.0112677996	-0.0197774123	-0.0001322343	0.0104006067	-0.0772295986	-0.0304975321	0.0692934363	-0.0267448	-0.190725	0.00345295	0.0006714819999999999	-4.02369e-05	-0.00185003
0.162994605	-0.054235888200000006	-0.0234409338	-0.0474390584	-0.046211098099999987	-0.0452976169	0.0404730089	0.0096045951	-0.0776280263	-0.0282591448	0.07083715900000001	-0.0337676	-0.190532	-0.033007	0.00181629	-0.0006917760000000001	-0.00244006
0.15602223	-0.0625920799	-0.0253597124	-0.0499922961	-0.0556887869	0.0248190351	-0.0222435944	0.0088076158	-0.07799517339999999	-0.0259951375	0.07226671650000001	-0.0349084	-0.189915	0.00466483	0.00104593	0.00027121599999999996	-0.00303856
0.147514423	-0.0624631905	-0.013164755	-0.0651669998	-0.0686501689	-0.0182348263	0.0310133189	0.0080097493	-0.078330892	-0.0237075627	0.07357980480000001	-0.027383499999999998	-0.22849699999999998	-0.00023129799999999998	0.00190739	3.35281e-05	-0.00220748
0.127968743	-0.0523488892	0.0014880052	-0.0458691898	-0.0311745036	0.052354125	-0.0016289496	0.0072110759	-0.0786350467	-0.0213984944	0.0747743077	-0.026402	-0.212312	0.027681400000000002	0.0007738839999999999	0.000501093	-0.00215076
0.05864384999999999	-0.05576406230000002	-0.0019334717	-0.0537624585	-0.0410961705	-0.0357072051	0.07112331870000001	0.006411676	-0.07890751509999999	-0.019070026	0.07584830000000001	-0.0320733	-0.192028	0.020246599999999997	0.0007738839999999999	0.000841898	-0.00198649
0.06070265	-0.0454272859	0.0070639721	-0.0504544518	-0.0176978142	0.0320084936	0.0069761552	0.0056116301	-0.0791481873	-0.016724268400000002	0.0768000508	-0.034857400000000004	-0.206556	0.0411892	0.00101989	0.000659695	-0.00196574
0.05025844999999999	-0.0432071946	0.0178292348	-0.0324002848	-0.0470039916	-0.0267499186	0.024243949	0.004811019000000001	-0.07935696639999999	-0.0143633485	0.0776280263	-0.0426404	-0.19578099999999998	0.051326199999999995	0.00126239	0.0007362339999999999	-0.00207797
0.10983245	-0.0743330035	-0.0127829008	-0.0254008556	-0.0240093502	-0.0513774103	-0.0515081184	0.0040099232	-0.0795337681	-0.0119894067	0.078330892	-0.0430014	-0.19104200000000002	0.0349704	0.0007738839999999999	-5.8253e-05	-0.00256251
0.08316519999999998	-0.07039828940000001	-0.008610712900000001	-0.0306459615	-0.0501476187	-0.1001750082	0.0521962762	0.0032084234000000003	-0.0796785214	-0.0096045951	0.07890751509999999	-0.02891	-0.17108299999999999	0.0410029	0.000700164	0.000170163	-0.002003
0.08537451999999998	-0.0741739181	0.0085949121	-0.0046826968	0.0020338065	0.004028224	-0.0371671515	0.0024066004	-0.0797911678	-0.0072110759	0.07935696639999999	-0.0305702	-0.174252	-0.00467112	0.00122771	0.000170163	-0.00183312
0.13579717999999996	-0.0584526571	0.0048296888	-0.0488972598	-0.0336277684	-0.0686940504	0.1879098683	0.001604535	-0.0798716619	-0.004811019000000001	0.0796785214	-0.0349806	-0.15923299999999999	-0.037052800000000004	0.00043333	0.000170163	-0.000947778
0.386228025	0.0039371045	-0.080976813	-0.2046387726	0.3385752524	0.2652883858	-0.2030896509	0.0008023078999999999	-0.0799199714	-0.0024066004	0.0798716619	-0.066775	-0.318362	-0.09238919999999999	0.0008407060000000001	-9.70735e-05	-0.00307253
0.283928975	-0.1172137358	-0.0609541899	-0.0937230586	0.1128042001	0.0029601047	-0.6277240028	0.0	-0.0799360767	-0.0	0.0799360767	-0.0624288	-0.273805	-0.044238599999999996	-0.00027108599999999997	0.000794888	-0.00133878
0.4020666000000001	-0.0200562386	0.044021535300000005	-0.0123037292	-0.0781395116	0.1077648048	0.1014489551	-0.0008023078999999999	-0.0799199714	0.0024066004	0.0798716619	-0.0442402	-0.215723	-0.0300428	0.00342443	-0.00084066	-0.00223972
0.17393695	0.0375951845	0.05062911480000002	0.04518035	-0.0377460468	0.1332771014	0.0119260528	-0.001604535	-0.0798716619	0.004811019000000001	0.0796785214	-0.0420974	-0.171762	-0.0177767	0.00196261	-0.000151629	-0.00207923
0.23546985	0.0693316647	0.0306578786	0.0190063174	-0.0845218517	0.0020793171	0.0559500414	-0.0024066004	-0.0797911678	0.0072110759	0.07935696639999999	-0.019786599999999998	-0.13508599999999998	0.0300031	0.00123291	0.0008462959999999999	-0.00123279
0.06693760000000001	0.0783015802	0.0254011666	0.0481106536	-0.040124587	0.04967937730000002	-0.0097292344	-0.0032084234000000003	-0.0796785214	0.0096045951	0.07890751509999999	-0.030197	-0.141214	0.0343515	0.000670605	0.000498545	-0.00122183
0.11355060000000004	0.0836894828	0.0202133185	0.0480822248	-0.0350334188	-0.0501023017	0.0259078678	-0.0040099232	-0.0795337681	0.0119894067	0.078330892	-0.0145775	-0.119131	0.0479401	0.00102146	0.0007925179999999998	-0.000621468
0.09142825	0.0666928019	0.0207826328	0.0573606623	-0.0109666029	-0.0026057475	0.051000272400000005	-0.004811019000000001	-0.07935696639999999	0.0143633485	0.0776280263	-0.0388345	-0.135182	0.0358385	0.000665769	0.000494037	-0.000495267
0.040105800000000004	0.1028406766	-0.0365160491	0.0585802336	0.0065483192	0.0669914646	0.0681248089	-0.0056116301	-0.0791481873	0.016724268400000002	0.0768000508	-0.023087299999999998	-0.135132	0.0378773	0.0008216039999999998	0.000678738	-0.00039040699999999995
0.042561250000000016	0.0932891318	-0.0223283716	0.0764476209	0.020995729	0.031394753500000004	0.0259704292	-0.006411676	-0.07890751509999999	0.019070026	0.07584830000000001	-0.025568	-0.15075999999999998	0.0436088	0.0008332989999999999	0.000753691	-0.00067818
0.05200180000000002	0.0925392994	-0.0276347751	0.0796007109	0.001541632	0.0314738894	0.047726485599999986	-0.0072110759	-0.0786350467	0.0213984944	0.0747743077	-0.038678	-0.140395	0.0298863	0.0007531509999999998	0.000678737	-0.0008191639999999999
0.09088070499999998	0.0625040845	-0.0181812465	-0.0071768669	0.0057727876	-0.0644763864	-0.0013204515	-0.0080097493	-0.078330892	0.0237075627	0.07357980480000001	-0.022673	-0.137746	0.01366	1.6955899999999998e-05	0.000347284	-0.0008715239999999999
0.16533180499999994	0.0755421793	-0.0365418147	0.0279927108	-0.0214173251	-0.0107521506	0.0722054215	-0.0088076158	-0.07799517339999999	0.0259951375	0.07226671650000001	-0.0332764	-0.152633	-0.015631100000000002	0.00119419	0.00107874	-0.000569208
0.10722375	0.1009236965	-0.1148428707	0.0443289937	0.0534882981	0.143109319	-0.0079151592	-0.0096045951	-0.0776280263	0.0282591448	0.07083715900000001	-0.03856130000000002	-0.14592	-0.0154935	0.000180852	0.000492155	-0.0008710499999999997
0.1016441	0.0907478755	-0.074278636	0.0519833749	0.008611886800000001	-0.0154301308	-0.0165043714	-0.0104006067	-0.0772295986	0.0304975321	0.0692934363	-0.038569599999999996	-0.131768	0.037788300000000004	0.0007566589999999999	0.000404915	-0.000850057
0.05156775	0.0932951558	-0.0634560041	0.0667292124	-0.0050516012	-0.0285817112	-0.0133165583	-0.0111955706	-0.0768000508	0.03270827	0.0676380363	-0.0221604	-0.136147	0.054133600000000004	0.0008879699999999998	0.000254316	-0.0008568319999999998
0.08278650000000001	0.0938736709	-0.07576948	0.07973959809999999	0.0023261808	-0.0258363124	-0.0054505291	-0.0119894067	-0.0763395561	0.0348893543	0.065873627	-0.0330173	-0.154673	0.030032200000000002	0.000822061	0.0005341380000000001	-0.000616519
0.06730085	0.08125287860000001	-0.0749925573	0.0918105003	0.0082503141	0.0069445112	-0.0028306367	-0.0127820349	-0.07584830000000001	0.037038807400000005	0.06400305190000001	-0.038832099999999994	-0.128866	0.0399298	0.0006851919999999999	0.00038149	-0.00039040699999999995
0.1360076	0.07444701719999999	-0.0607514858	0.0878314872	-0.0213036487	0.0070800139	0.0386876505	-0.0135733754	-0.0753264804	0.0391546809	0.0620293259	-0.0384885	-0.157416	0.0139444	0.0017521000000000001	0.000199918	-0.0007644989999999998
0.07707549999999999	0.071494237	-0.0940127426	0.0801595036	-0.0035800299	0.0828620133	-0.0141709426	-0.0143633485	-0.0747743077	0.0412350562	0.059955629800000014	-0.0384792	-0.15796500000000002	0.0171649	0.00032852699999999995	0.000199918	-0.0008068599999999997
0.0565808	0.0554696545	-0.0503710024	0.0646568058	0.0307264201	-0.0578996863	0.0032069672	-0.0151518747	-0.0741920043	0.0432780475	0.0577853059	-0.0388942	-0.157995	0.013094100000000001	0.00048949	0.000721733	-0.000448338
0.07883244999999997	0.049708432699999985	-0.0399182511	0.0452812399	0.0394753379	-0.015611087	0.0081781484	-0.0159388744	-0.07357980480000001	0.0452818024	0.0555218517	-0.0341158	-0.158189	-0.0215063	-0.00011880799999999999	0.000602769	-0.00039040699999999995
0.09551339999999996	0.0419758726	-0.0458346545	0.0761145554	0.0164320149	-0.0062680674	0.0242786805	-0.016724268400000002	-0.072937956	0.0472445043	0.0531689154	-0.0424888	-0.14068599999999998	0.0154961	0.000357809	0.00042668599999999996	-0.00039040699999999995
0.05194319999999999	0.0476689493	-0.06496243139999999	0.0752702976	0.0359992192	-0.0049301267	0.0438793951	-0.0175079777	-0.07226671650000001	0.0491643739	0.0507302891	-0.0387218	-0.157772	0.016577500000000002	0.000498793	0.000609268	-0.000667017
0.0389704	0.045488643899999986	-0.0621317493	0.0849709944	0.0381869489	0.001001333	0.0350839583	-0.0182899231	-0.0715663568	0.0510396705	0.0482099028	-0.0445389	-0.14460399999999998	0.013092800000000005	0.000548029	0.000672466	-0.000449439
0.04317619999999997	0.0369437123	-0.06854571059999999	0.0858070527	0.0304759464	0.0025299776000000003	0.0467080879	-0.019070026	-0.07083715900000001	0.052868694	0.0456118188	-0.048390300000000004	-0.161732	0.0130077	0.000398562	0.000436425	-0.000506165
0.027459699999999997	0.0348545802	-0.0664212572	0.0835141183	0.0360718936	0.0200706494	0.0231047746	-0.0198482077	-0.0700794171	0.0546497862	0.0429402241	-0.0412676	-0.164018	0.0129981	0.000363204	0.000312059	-0.000707269
0.05335304999999999	0.0090178793	-0.0146852349	0.080939771	0.0415904446	-0.0091594251	0.0112191484	-0.0206243899	-0.0692934363	0.05638133240000001	0.0401994245	-0.0420199	-0.163918	0.0396043	0.000568934	0.00013690100000000004	-0.0008442719999999998
0.028837750000000013	4.54301e-05	0.0040738353	0.08118102049999999	0.0344645254	-0.0089258519	-0.0050913617	-0.0213984944	-0.0684795334	0.0580617626	0.0373938371	-0.038313400000000004	-0.154412	0.039413800000000006	0.000621184	0.000199918	-0.0010377000000000001
0.1494965	-0.0308075396	0.0357285693	0.0871217115	0.06564064139999999	-0.0368609801	-0.004685952199999999	-0.0221704431	-0.0676380363	0.0596895534	0.0345279838	-0.051800099999999995	-0.220561	0.0294901	0.0008363949999999998	0.0008360989999999997	-0.00138505
0.1209145	-0.0279327855	0.0398725503	0.069607382	0.0458030492	-0.0273145585	0.054027382	-0.0229401584	-0.0667692842	0.0612632291	0.0316064831	-0.044806099999999995	-0.162228	0.0192148	0.00062332	0.0008678819999999999	-0.0007236639999999997
0.06368321000000003	-0.0346766685	0.0481698751	0.0123951157	0.0221656109	-0.0268057938	0.0738337593	-0.0237075627	-0.065873627	0.0627813628	0.0286340436	-0.042587400000000004	-0.154135	0.00607484	0.000344334	0.0005494219999999999	-0.000516479
0.06933901	-0.010972975	0.0028088986	0.0178219704	0.0241690157	0.0833124846	0.0200385363	-0.0244725786	-0.06495142570000001	0.0642425783	0.0256154559	-0.0376519	-0.171039	0.0129602	0.000325297	0.000199918	-0.000960221
0.09183485	-0.0285910469	0.0326988309	0.0340964942	0.0289014605	0.0131936004	0.0032396518	-0.0252351292	-0.06400305190000001	0.06564555080000001	0.0225555848	-0.036363	-0.130548	0.0381276	0.000583305	0.000199918	-0.000720478
0.040589200000000006	-0.0573464614	0.0575151911	-0.059177946900000014	0.0205314169	-0.0789302501	-0.008092349300000001	-0.0259951375	-0.0630288878	0.0669890084	0.0194593619	-0.0383935	-0.147239	0.029190300000000002	0.00048094699999999996	0.000199918	-0.000876728
0.1241141	-0.048277082	0.0487058218	-0.0373180384	0.0265998483	-0.0105254586	-0.0274150872	-0.026752527	-0.0620293259	0.068271733	0.0163317771	-0.0284211	-0.143806	0.0342	0.00121817	0.0012804200000000006	-0.0005804730000000001
0.06527245	-0.0546889114	0.0590780638	0.0213048406	0.0344955977	0.0470537104	-0.0026311559000000003	-0.0275072215	-0.061004769	0.06949256179999999	0.0131778711	-0.0323794	-0.131607	0.013188900000000005	0.0008671049999999999	0.00124312	-0.000406757
0.18098027	-0.1266589333	0.0967049404	0.0356921344	0.0890604416	-0.0245929794	-0.1178012481	-0.0282591448	-0.059955629800000014	0.0706503878	0.0100027269	-0.027183699999999998	-0.165885	0.012834100000000001	0.00017693	5.08426e-05	-0.00134734
0.10311232	-0.1246741858	0.1114269437	0.0548347968	0.0326885008	-0.0780521409	0.0297244813	-0.0290082213	-0.0588823313	0.0717441615	0.0068114617	-0.0320235	-0.169467	0.0130321	0.0006526559999999999	0.00104976	-0.000932133
0.17970195000000005	-0.0748118097	0.07538187730000001	0.0156202122	0.0352605431	0.1020028797	0.0184756565	-0.0297543755	-0.0577853059	0.0727728912	0.0036092188	-0.0311467	-0.15667	-0.0294656	0.00233896	0.000409952	-0.00107663
0.1983092	-0.1000469436	0.0990541029	-0.0024529586	0.0121897706	-0.0081051432	-0.0045286769	-0.0304975321	-0.0566649955	0.0737356442	0.000401159	-0.0249505	-0.128737	0.033530800000000006	0.0009310739999999999	0.0006066309999999999	-0.000657523
0.04661410000000001	-0.1151060955	0.1068960278	-0.025148061	0.005679501500000001	-0.0787008391	-0.0145892174	-0.0312376164	-0.0555218517	0.0746315476	-0.0028075473	-0.0248558	-0.139627	0.025549000000000002	0.000691161	0.000690054	-0.0008871389999999998
0.06215814999999999	-0.1073177806	0.1076306085	-0.0136297394	0.0006361461	-0.0006286006	0.0084595712	-0.0319745538	-0.0543563352	0.0754597894	-0.0060117288	-0.027220799999999996	-0.13833299999999998	0.038172500000000005	0.00150542	0.000616254	-0.0008576849999999997
0.09376854999999998	-0.0841406982	0.1000839699	0.0009222495	0.004887338	0.00861751	0.0358785476	-0.03270827	-0.0531689154	0.0762196185	-0.0092062214	-0.0249631	-0.155282	0.05406230000000002	0.000897728	0.000375125	-0.000533065
0.05536555	-0.0811733668	0.0970223625	-0.0030927676	-0.0039981179	0.0396471674	0.011849949	-0.0334386912	-0.051960071	0.07691034599999999	-0.0123858767	-0.020924900000000003	-0.155316	0.036642900000000006	0.0006974069999999999	0.0005612869999999999	-0.000242069
0.03755865	-0.084960632	0.1009457583	-0.0059383066	0.008178440300000001	-0.0073147361	0.025239347	-0.0341657437	-0.0507302891	0.07753134589999999	-0.0155455703	-0.024998	-0.155333	0.0464274	0.0006959630000000001	0.000285141	-0.00043816
0.014328950000000009	-0.06988664280000001	0.086406225	0.01277031	0.0045467212	0.0026054259	0.0374789654	-0.0348893543	-0.0494800651	0.078082055	-0.0186802098	-0.0250048	-0.155273	0.046850499999999996	0.000897728	0.000291228	-0.000369231
0.04915459999999999	-0.0622279091	0.0840913195	0.0051591725	0.0198120503	0.0333418444	0.0183438513	-0.035609450099999995	-0.0482099028	0.0785619741	-0.0217847431	-0.0250212	-0.14363200000000004	0.035611800000000006	0.000897728	0.000688336	-0.000497293
0.0972408	-0.0589601996	0.0659019762	0.0296281593	0.0176273929	0.0253253208	0.0618597041	-0.0363259585	-0.0469203142	0.0789706681	-0.0248541669	-0.0329933	-0.15393800000000002	0.024897799999999998	0.00125999	0.000321151	-0.00113282
0.060137999999999976	-0.0432170324	0.0625686253	0.02523911	0.0122909586	0.05939011900000001	0.0266075932	-0.037038807400000005	-0.0456118188	0.0793077664	-0.0278835343	-0.024319999999999998	-0.13883199999999998	0.0404211	0.00121073	0.000137633	-0.0013167500000000006
0.0662828	-0.0364967211	0.0449649638	0.0088518695	-0.0130575232	0.0185086207	0.0406302646	-0.037747925	-0.0442849438	0.0795729635	-0.030867963	-0.029559699999999998	-0.150982	0.0196518	0.00155466	0.000280979	-0.00139195
0.17808525000000006	-0.015965723600000002	0.0128538585	-0.0295130532	0.008697833	0.0380191406	0.0077531625	-0.038453239900000005	-0.0429402241	0.0797660189	-0.0338026431	-0.019996200000000002	-0.128456	-0.0535511	0.00209872	0.000572636	-0.00077181
0.05800355	-0.0227577165	0.0202510018	-0.0403898268	-0.0032867171	0.0280225335	-0.0051924648	-0.0391546809	-0.0415782013	0.0798867576	-0.0366828449	-0.024612400000000003	-0.14409	-0.043074400000000006	0.00223698	0.000317336	-0.0009237830000000001
0.06613825	-0.0284107987	0.0132090563	-0.0462824874	0.0009041139	0.0254455069	0.0025889357	-0.0398521774	-0.0401994245	0.07993507009999999	-0.0395039266	-0.0303469	-0.133162	-0.0311813	0.00197203	-0.000121035	-0.000972115
0.08509580000000001	-0.0085660475	-0.0046008971	-0.0466418422	-0.0077438588	-0.0160473994	-0.0305733562	-0.0405456591	-0.038804449	0.0799109126	-0.0422613414	-0.012540700000000002	-0.118127	-0.0480241	0.00158545	0.000124709	-0.000896203
0.10638233	-0.0390268811	0.0376932874	-0.08914012380000001	0.0055867166000000005	-0.0565450081	-0.0445560633	-0.0412350562	-0.0373938371	0.0798143071	-0.0449506455	-0.016891999999999997	-0.116791	0.00247493	0.00120192	0.0007273759999999997	-0.000913926
0.08532225	-0.060636224	0.06809896139999999	-0.1072623545	-0.0214232274	-0.1081581673	-0.0007114158999999999	-0.0419202993	-0.0359681572	0.079645341	-0.0475675045	-0.0235261	-0.145953	-0.00277762	0.00173525	0.0004905980000000001	-0.00102929
0.07972458	-0.0284987477	0.0452299216	-0.098169566	-0.0464362302	0.0376719985	-0.0104166152	-0.0426013192	-0.0345279838	0.0794041677	-0.050107701	-0.014622	-0.109285	-0.0182451	0.00190788	0.000603518	-0.00094114
0.08124481550000001	-0.007869156700000001	0.0050458968	-0.0571645749	-0.0355417536	0.0459788159	0.0208268457	-0.0432780475	-0.0330738971	0.07909100570000001	-0.052567141100000006	-0.00634722	-0.121771	-0.00451229	0.00168554	3.33349e-06	-0.00105364
0.038399330499999995	0.0063202756	-0.0063176697	-0.0519593985	-0.0299714366	0.0439102617	-0.0309418812	-0.0439504158	-0.0316064831	0.0787061389	-0.0549418609	-0.008134739999999998	-0.11696600000000001	-0.00112887	0.00128024	7.97793e-05	-0.000966918
0.058524135	0.0064355414000000005	0.007645769300000002	-0.0579756483	-0.0465702633	-0.0287667568	-0.0194801779	-0.044618356500000005	-0.0301263332	0.0782499164	-0.0572280333	-0.0116931	-0.105808	0.0246397	0.000982377	4.808020000000002e-05	-0.00099814
0.07212596	0.012097999	-0.0140362293	-0.0659101674	-0.0391980977	-0.0016613182	-0.0387119635	-0.0452818024	-0.0286340436	0.0777227516	-0.0594219737	-0.00832299	-0.116915	0.00114659	0.00130455	0.000170672	-0.00123649
0.07011647000000001	0.0066857083	-0.0018070554	-0.0569530805	-0.0520329513	-0.0147756886	-0.0334586332	-0.0459406864	-0.0271302159	0.0771251226	-0.0615201462	-0.00441743	-0.11708299999999999	0.0245667	0.000779873	0.000248822	-0.0009868610000000001
0.03782817300000002	0.0091671434	-0.0013716407000000002	-0.0655298613	-0.0225924046	-0.0227046514	-0.0220550795	-0.046594942400000006	-0.0256154559	0.07645757110000001	-0.0635191694	-0.00017455700000000002	-0.12517999999999999	0.0244028	0.00045602699999999996	0.00026105	-0.000816447
0.076290593	0.0046447652	0.0091724169	-0.0663132675	0.0086118525	-0.038966004500000005	-0.0035784832	-0.0472445043	-0.024090374	0.0757207024	-0.06541582139999999	-0.017009	-0.127919	0.024592199999999998	0.0007288489999999997	0.0007649960000000001	-0.00046266
0.07692695	0.0089144613	-0.0022048577	-0.0503580091	-0.012790243799999998	-0.0190669067	0.0279071629	-0.0478893067	-0.0225555848	0.0749151845	-0.06720704549999999	-0.026351	-0.145859	0.0107235	0.000648239	0.00104493	-0.000817641
0.10409460000000001	0.0147457982	-0.0047504548	-0.0554276216	-0.0155345991	0.0131971418	-0.0110561998	-0.0485292848	-0.0210117067	0.0740417477	-0.06888995490000001	-0.029385700000000008	-0.135918	0.029088799999999998	0.00151328	0.00053374	-0.000896482
0.05454859999999999	0.0299107801	-0.0047837277	-0.0450315916	-0.0419082634	0.0091836446	0.0041060296	-0.0491643739	-0.0194593619	0.07310118389999999	-0.07046183730000001	-0.019054599999999998	-0.13604000000000002	0.028797000000000007	0.00103019	0.00032408400000000004	-0.00107981
0.04361895	0.0335437177	-0.0361821111	-0.0344451864	-0.0321127058	0.0262346503	-0.0271813415	-0.0497945101	-0.0178991758	0.0720943458	-0.0719201593	-0.022591299999999998	-0.135905	0.013933899999999999	0.00122992	0.00044784699999999997	-0.001258
0.08360025000000001	0.0441565504	-0.0406401191	-0.0369776921	-0.0463060018	0.0036698347	-0.01149071	-0.05041963	-0.0163317771	0.0710221462	-0.0732625707	-0.0163083	-0.1324	0.0041688	0.0002665	0.000406689	-0.000981635
0.013102779999999996	0.0452602425	-0.0591191961	-0.0280666139	-0.0466974717	-0.0027812463	-0.0193131717	-0.0510396705	-0.0147577975	0.0698855571	-0.0744869079	-0.0176351	-0.136228	0.00338202	0.0002665	0.00045110800000000003	-0.00108044
0.028516560000000014	0.0532639037	-0.08497147039999997	-0.01586104	-0.0448480564	-0.0195423017	-0.0367881602	-0.0516545692	-0.0131778711	0.0686856091	-0.07559119780000001	-0.011695200000000001	-0.144295	0.00910408	0.0002665	0.000277666	-0.00108275
0.03183409	0.0578852057	-0.0998573308	-0.0100149536	-0.0514788534	0.0152527577	-0.0505646946	-0.0522642642	-0.0115926346	0.06742339	-0.0765736605	-0.00136324	-0.155781	0.00532035	0.0002665	0.000295424	-0.00118964
0.031608010000000006	0.0638350145	-0.0963257971	-0.0101371262	-0.06096807730000001	-0.0277884553	-0.0423689938	-0.052868694	-0.0100027269	0.0661000441	-0.0774327128	-0.011121299999999999	-0.155718	0.007869799999999998	0.000502225	0.000187399	-0.00114864
0.05218820999999999	0.0638332429	-0.0901366786	-0.0197069979	-0.0595563956	-0.0229893227	-0.051229712	-0.0534677978	-0.0084087885	0.0647167712	-0.07816697	-0.0105958	-0.165761	-0.00302026	0.000810842	0.00011854299999999999	-0.00138576
0.05376619000000001	0.0684460848	-0.0997413213	-0.0176088476	-0.05718744200000001	-0.0322745392	-0.0479867916	-0.0540615151	-0.0068114617	0.0632748254	-0.0787752489	-0.0012765	-0.169735	-0.0220513	0.000933279	0.000317563	-0.00127838
0.071823235	0.0638479326	-0.0781937414	-0.04279163440000002	-0.0577887488	-0.0104546382	-0.0473982448	-0.0546497862	-0.0052113902	0.061775514	-0.079256569	-0.00516255	-0.17801199999999998	-0.0370332	0.00155766	9.93483e-05	-0.00122741
0.100942005	0.06807240070000001	-0.07684167139999999	-0.0531087365	-0.0394698258	-0.0274955213	-0.0698502379	-0.0552325519	-0.0036092188	0.0602201963	-0.0796101548	-0.00412553	-0.17818499999999998	-0.0069139	0.000823905	0.000736357	-0.00120592
0.06537480000000001	0.0609919527	-0.055113988	-0.0583939038	-0.0460792662	-0.0226562731	-0.020280198	-0.0558097533	-0.002005593	0.0586102822	-0.0798354362	-0.0092207	-0.17047699999999996	0.00205733	0.00120912	0.00102589	-0.00100866
0.09105543	0.0742431369	-0.0779800818	-0.0416188156	-0.0563942496	0.014284906399999997	-0.0208091439	-0.05638133240000001	-0.000401159	0.0569472315	-0.0799320503	-0.00353164	-0.186369	-0.00807994	0.000882752	0.000507566	-0.00135071
0.07570852999999997	0.0761492139	-0.0890244375	-0.0447410073	-0.0429752777	0.005712784499999999	-0.020185003	-0.0569472315	0.0012034366	0.0552325519	-0.0798998413	-0.007993119999999998	-0.168414	-0.00179834	0.0002665	0.000517643	-0.00103683
0.023861200000000023	0.0851322953	-0.0756491746	-0.035688434500000005	-0.0676969351	-0.0267785063	-0.0248835751	-0.0575073938	0.0028075473	0.0534677978	-0.0797388611	-0.00293969	-0.16606300000000002	-0.00259081	0.000154879	0.00033771800000000004	-0.00101509
0.11682763	0.0832722472	-0.0821070018	-0.0523802374	-0.049450834000000006	-0.028589315	-0.0280870969	-0.0580617626	0.0044105266	0.0516545692	-0.0794493692	-0.00997058	-0.17821800000000002	-0.0143457	0.0008106039999999999	0.0011921	-0.00122272
0.12416670499999995	0.0858966938	-0.0816605123	-0.0557485781	-0.0069167596	-0.0412810258	-0.0244008685	-0.0586102822	0.0060117288	0.0497945101	-0.0790318321	-0.0165768	-0.165253	-0.0493832	-9.023370000000001e-05	0.00126402	-0.000804318
0.11715079499999995	0.08062094410000001	-0.08883888960000001	-0.0273178561	-0.0048622311	-0.0179118449	0.020746054	-0.0591528974	0.007610508399999999	0.0478893067	-0.0784869228	-0.0244516	-0.18077200000000002	-0.00905384	0.0002665	0.00068148	-0.0006750389999999999
0.05334175999999999	0.0904323383	-0.1065195176	-0.0225833863	0.005355059499999999	-0.02121016	-0.0092285605	-0.0596895534	0.0092062214	0.0459406864	-0.0778155195	-0.0191155	-0.171733	-0.021421700000000002	0.00020421	0.00105266	-0.000773545
0.052508739999999984	0.08957390789999999	-0.0696363825	-0.0116060645	-0.0165359253	-0.058132	0.0419023593	-0.0602201963	0.0107982247	0.0439504158	-0.0770187042	-0.026937299999999997	-0.178669	-0.00578791	0.000387234	0.0008327419999999999	-0.0007341439999999999
0.042917599999999986	0.1017600391	-0.0875429291	-0.0233477153	-0.0207838932	0.0053414525	0.0171781634	-0.0607447724	0.0123858767	0.0419202993	-0.0760977612	-0.0316709	-0.16528199999999998	-0.00225711	0.0002665	0.000597601	-0.000803593
0.05089743000000002	0.0904121281	-0.048376825	-0.0145230834	-0.0058495553	-0.0786389976	0.0581524055	-0.0612632291	0.0139685379	0.0398521774	-0.0750541746	-0.039337800000000006	-0.159392	0.00148072	0.00046863	0.000846573	-0.000582641
0.09405191	0.08969386380000001	-0.039214826	-0.0049917413	0.0032101094	0.006226144	0.0515110014	-0.061775514	0.0155455703	0.037747925	-0.07388962639999999	-0.028268500000000002	-0.17528	0.00553638	0.00100929	0.00147368	-0.000675653
0.10197497	0.0678146993	-0.0063850672	0.0053873062	0.0229261055	0.0037976044	0.0294531914	-0.062281575599999986	0.0171163386	0.035609450099999995	-0.0726059935	-0.0315835	-0.15049399999999996	0.043464499999999996	0.00120447	0.001064	-0.000561596
0.05440400000000002	0.06341394639999999	0.0217856646	0.0156465288	-0.0058506307	-0.0311326984	0.0715718865	-0.0627813628	0.0186802098	0.0334386912	-0.0712053446	-0.0337265	-0.150626	0.036655900000000005	0.0008008069999999997	0.000597601	-0.000597942
0.0375557	0.0529516618	0.0391082801	0.0098875079	-0.019362091	0.0271844897	0.0547734441	-0.0632748254	0.0202365536	0.0312376164	-0.06968993700000001	-0.0286293	-0.156533	0.0309645	0.000823417	0.0008106139999999998	-0.00041636300000000016
0.028103900000000005	0.0423193089	0.0437370464	0.0165647999	-0.013331405	0.010020131	0.0321640049	-0.0637619136	0.0217847431	0.0290082213	-0.0680622132	-0.034527499999999996	-0.16228199999999998	0.030840499999999996	0.0007237409999999998	0.000597601	-0.000430328
0.016217500000000006	0.036822177000000005	0.0607488951	0.0302035189	-0.0359062032	0.0012192808	0.0775283178	-0.0642425783	0.0233241543	0.026752527	-0.0663247964	-0.0323638	-0.17213599999999998	0.034306199999999995	0.000725209	0.000597601	-0.00044354199999999995
0.03743695	0.0416109174	0.0345494167	0.047857967300000005	0.0130279949	0.0642189536	-0.0029238553000000005	-0.0647167712	0.0248541669	0.0244725786	-0.0644804868	-0.032832099999999996	-0.180047	0.0431486	0.000800666	0.000597601	-0.0007723899999999998
0.12364052	-0.0359597716	0.0210630342	0.1312430442	0.1485298758	-0.0195765087	-0.1698999592	-0.0651844444	0.0263741644	0.0221704431	-0.0625322567	-0.008258579999999998	-0.192397	0.0724501	0.0009744039999999999	0.000275909	-0.00142527
0.14944861999999998	-0.0391865763	0.0290947132	0.15141279400000002	0.1396602734	-0.0522004154	0.0478381426	-0.06564555080000001	0.0278835343	0.0198482077	-0.060483246	-0.031125999999999997	-0.19278800000000001	0.00901749	0.000189193	-9.15618e-05	-0.00152774
0.07304495650000001	-0.0666816073	0.043659290700000006	0.0901350765	0.0629042281	-0.075846072	-0.06871255450000001	-0.0661000441	0.0293816684	0.0175079777	-0.058336757	-0.007939079999999998	-0.212414	0.0187504	0.000179097	7.914729999999998e-06	-0.00122733
0.19460357350000002	-0.0487947392	0.035215375	0.1416405867	0.1418775369	-0.0170316295	0.094808905	-0.0665478783	0.030867963	0.0151518747	-0.0560962492	-0.0359101	-0.195884	-0.00448914	0.00185909	0.000689022	-0.00140349
0.16599294	-0.0323917562	0.0312507801	0.1225545427	0.1267869092	0.0144166024	0.0085485999	-0.0669890084	0.0323418192	0.0127820349	-0.0537653335	-0.0471797	-0.198139	0.0207534	0.00027718	-4.7674e-05	-0.0016294
0.16464002	-0.0025468646	0.0487758328	0.11890541	0.1131451946	0.06768487849999999	0.0708695295	-0.06742339	0.0338026431	0.0104006067	-0.0513477665	-0.03495209999999998	-0.21501599999999998	0.00203288	0.0006786839999999999	0.00137643	-0.00111871
0.13986241000000002	-0.0207152553	0.0181095039	0.1435397247	0.1556642958	0.0429404457	-0.0683238538	-0.0678509792	0.0352498461	0.0080097493	-0.0488474444	-0.0380126	-0.19835899999999998	-0.00344418	-0.000306247	0.000405874	-0.00145658
0.08750146999999997	-0.0931253366	0.0057245293	0.12635895619999998	0.1343274936	-0.1571243539	-0.0867463957	-0.068271733	0.0366828449	0.0056116301	-0.046268397	-0.0515039	-0.198432	-0.0308488	-0.000468786	0.000132332	-0.00195115
0.10939939499999997	-0.08746716539999999	0.0018095731	0.1074844036	0.1286457569	-0.043475214000000005	-0.052873100599999986	-0.0686856091	0.0381010623	0.0032084234000000003	-0.0436147809	-0.034439199999999996	-0.214602	0.00700729	-8.61349e-05	0.000272213	-0.00170751
0.07567737499999999	-0.1067963878	0.014186409099999997	0.0917375259	0.0709996504	-0.07597206150000001	0.0037037117	-0.0690925657	0.0395039266	0.0008023078999999999	-0.0408908726	-0.0475245	-0.23353800000000002	-0.0192247	-2.5112199999999996e-05	0.000382332	-0.00188485
0.06145113999999999	-0.1024509081	0.0025673493	0.0760329489	0.083826746	0.0704265899	-0.1082387556	-0.06949256179999999	0.0408908726	-0.001604535	-0.0381010623	-0.0385295	-0.21450300000000005	-0.0219385	-0.000333749	0.000132332	-0.00194036
0.07727849	-0.1447455044	-0.0208588706	0.058926503	0.0301634753	-0.2107586516	0.1168728288	-0.0698855571	0.0422613414	-0.0040099232	-0.0352498461	-0.0413995	-0.22524499999999997	-0.00187306	0.00013072200000000005	0.000132332	-0.00153281
0.30224569	-0.0595814512	-0.0359721028	-0.2316454279	0.2690381724	0.1963492204	0.2118099181	-0.0702715121	0.0436147809	-0.006411676	-0.0323418192	-0.0546457	-0.19151300000000002	-0.0853928	-2.1069e-05	0.00199299	-0.00011030399999999999
0.37331676	-0.0416458631	0.0177668263	-0.2011680479	0.1388776795	0.2284073023	-0.0387891034	-0.0706503878	0.0449506455	-0.0088076158	-0.0293816684	-0.0264214	-0.0890913	-0.0276294	0.00282478	0.00121444	-3.65558e-05
0.22396631	-0.0587033745	0.0602529528	-0.0148366192	-0.0906365212	-0.0315716956	0.0766091883	-0.0710221462	0.046268397	-0.0111955706	-0.0263741644	-0.0316358	-0.187473	0.014803299999999997	0.00230387	0.0008195689999999999	-0.000679525
0.11530984999999998	-0.0756192836	0.0510118848	0.0192344026	-0.0612527264	0.07162993919999999	-0.0941395281	-0.0713867496	0.0475675045	-0.0135733754	-0.0233241543	-0.0328983	-0.172461	0.0305443	0.00155852	0.00018617099999999998	-0.0009666640000000002
0.10420845	-0.1118755575	0.0335013309	0.0359745086	-0.0766295266	-0.1292233481	-0.0316044095	-0.0717441615	0.0488474444	-0.0159388744	-0.0202365536	-0.027572199999999998	-0.199449	0.035108099999999996	0.0007460989999999999	0.000328135	-0.00135889
0.09823201	-0.1162118432	0.024538339300000003	0.0112810235	-0.0519437541	0.00665208	-0.0279727757	-0.0720943458	0.050107701	-0.0182899231	-0.0171163386	-0.0320374	-0.194768	-0.00458546	0.0011993	0.000538889	-0.001035
0.05218766	-0.1021935828	0.0402816739	0.0221396851	-0.064949082	0.0160216722	1.06049e-05	-0.0724372672	0.0513477665	-0.0206243899	-0.0139685379	-0.0319881	-0.174845	0.014213299999999996	0.00117769	0.00043771699999999996	-0.00118055
0.027306	-0.0971233436	0.0387064271	0.0215791436	-0.0670852618	0.0119169413	-0.0213472968	-0.0727728912	0.052567141100000006	-0.0229401584	-0.0107982247	-0.0318927	-0.172264	0.0129208	0.00152352	0.000388035	-0.00125178
0.0109646	-0.0851703015	0.0476879368	0.013583794	-0.0593872608	0.0641410706	0.0185987403	-0.07310118389999999	0.0537653335	-0.0252351292	-0.007610508399999999	-0.0319445	-0.172286	0.0146339	0.00152778	0.000323231	-0.00113729
0.0555241	-0.0488932828	0.055159605999999986	0.0341507355	-0.0325487122	0.101905156	0.0271755733	-0.0734221124	0.0549418609	-0.0275072215	-0.0044105266	-0.037554500000000005	-0.194028	0.0194315	0.00155978	0.000511201	-0.0013848100000000006
0.04664069999999999	-0.0225379035	0.0649347155	0.05261329730000002	-0.0433648246	0.143151801	0.0289086692	-0.0737356442	0.0560962492	-0.0297543755	-0.0012034366	-0.031655	-0.196639	0.0170327	0.002	0.000375733	-0.00152375
0.019598599999999997	-0.0155241201	0.0638001679	0.0679235966	-0.052469442000000005	0.0843367528	0.0022836552	-0.0740417477	0.0572280333	-0.0319745538	0.002005593	-0.0316364	-0.206715	0.0170306	0.002	0.000202425	-0.00150702
0.053416850000000016	-0.0204287785	0.0667400993	0.051131637	-0.061856077	0.09182074369999996	-0.0033847948	-0.0743403923	0.058336757	-0.0341657437	0.0052113902	-0.0317606	-0.192962	0.01678	0.00156152	0.000434466	-0.00139176
0.02550029999999999	-0.0119763609	0.0595698511	0.0300473423	-0.0595107035	0.0462568601	0.0104741659	-0.0746315476	0.0594219737	-0.0363259585	0.0084087885	-0.0363216	-0.189365	0.008369049999999998	0.00169701	0.000462173	-0.00137633
0.02942132000000001	-0.0065017914	0.0558206836	0.0403225219	-0.0613170856	0.07314353009999999	-0.0013732559	-0.0749151845	0.060483246	-0.038453239900000005	0.0115926346	-0.031914599999999994	-0.181385	0.00783148	0.00178327	0.000506868	-0.00117735
0.03527042199999998	-0.009279521	0.0556719274	0.035015847999999995	-0.0613631855	0.0484447512	0.0046788434	-0.07519127440000001	0.0615201462	-0.0405456591	0.0147577975	-0.036144699999999995	-0.18052	-0.000624542	0.00182623	0.00041630199999999996	-0.00147821
0.06924825800000001	-0.0042044491	0.050157332	0.0030945249	-0.08275647629999999	0.0387915607	0.0093293463	-0.0754597894	0.0625322567	-0.0426013192	0.0178991758	-0.0318294	-0.168473	-0.013644	0.00217242	0.00025137200000000003	-0.001192
0.0191366	-0.0045740281	0.0433948794	-0.0186274822	-0.0619552639	0.0535052972	-0.0047449973	-0.0757207024	0.0635191694	-0.044618356500000005	0.0210117067	-0.0319054	-0.161243	-0.010519400000000002	0.00212186	0.000237452	-0.00108236
0.07705559	-0.0002134982	0.0448699597	-0.0006930953999999999	-0.081700917	0.0469697002	0.0045932265	-0.0759739873	0.0644804868	-0.046594942400000006	0.024090374	-0.0320176	-0.156721	0.00609039	0.00170836	0.000928024	-0.0010702
0.05643916000000001	-0.0185342426	0.0338401558	-0.0279023361	-0.0522790326	-0.0249676399	0.022621632000000003	-0.0762196185	0.06541582139999999	-0.0485292848	0.0271302159	-0.0323027	-0.159118	0.016827	0.00143541	0.0011619000000000006	-0.000716617
0.118976	-0.0154530413	0.030787216000000006	-0.0504865721	-0.0442948575	-0.0094398836	0.025002496800000003	-0.07645757110000001	0.0663247964	-0.05041963	0.0301263332	-0.0325868	-0.159282	-0.017681099999999998	0.00212274	0.00181672	-0.00037837099999999996
0.0690458	-0.0325140534	0.0251203756	-0.0710166025	-0.0022010439	-0.0222718505	0.0222434261	-0.0766878214	0.06720704549999999	-0.0522642642	0.0330738971	-0.029952499999999996	-0.153848	-0.0188371	0.0014723	0.0014858199999999995	-0.000163281
0.05536414	-0.0316715957	0.0197873741	-0.0623820615	0.0032753313	-0.0178770006	0.0445055963	-0.07691034599999999	0.0680622132	-0.0540615151	0.0359681572	-0.032769	-0.170296	-0.00538973	0.00119751	0.00154159	-4.07956e-05
0.06215138000000001	-0.0047188594	0.016395386100000003	-0.0383086223	0.0037547024	0.027639582000000003	0.0673698903	-0.0771251226	0.06888995490000001	-0.0558097533	0.038804449	-0.032735900000000005	-0.139531	-0.00438332	0.0008653219999999999	0.00173298	-0.000124155
0.05105498000000002	0.0023247942000000003	0.0126557742	-0.0275117308	-0.0082637331	-0.0051242301	0.0472444767	-0.0773321295	0.06968993700000001	-0.0575073938	0.0415782013	-0.0281845	-0.147753	-0.011415600000000001	0.0005681740000000001	0.00140793	-0.000126943
0.05806967000000001	-0.0049898307000000005	0.0188887241	-0.018433202	-0.008402485500000001	-0.0189717667	0.0290396139	-0.07753134589999999	0.07046183730000001	-0.0591528974	0.0442849438	-0.0328	-0.148598	0.011196600000000001	0.0009547830000000001	0.00144205	5.22674e-05
0.044785308	6.49608e-05	0.016025888999999998	-0.0161631102	-0.0189554714	-0.0104086102	0.0379397761	-0.0777227516	0.0712053446	-0.0607447724	0.0469203142	-0.0326696	-0.160322	0.00010520200000000001	0.00109904	0.001301	-9.921579999999999e-05
0.047227833	-0.0147316578	0.0243562206	-0.0263238241	-0.007169072600000001	-0.0196564836	0.0043465642	-0.0779063275	0.0719201593	-0.062281575599999986	0.0494800651	-0.032774199999999996	-0.144652	0.00511532	0.0007245839999999999	0.00125789	1.2080499999999999e-05
0.05784220199999999	-0.0068561272	0.0193608161	-0.0197214533	-0.0164369151	-0.0580043204	0.0340495965	-0.078082055	0.0726059935	-0.0637619136	0.051960071	-0.032640499999999996	-0.13380700000000004	-0.000102207	0.00121109	0.00113516	-0.00021160299999999999
0.04224910199999999	-0.0148422437	0.0157131308	-0.022445543	0.0024745732	-0.0157147497	0.0221868101	-0.0782499164	0.0732625707	-0.0651844444	0.0543563352	-0.032774	-0.135961	0.0163703	0.00103472	0.00127131	-5.4341099999999994e-05
0.047268955	-0.0009843069	0.0157496103	-0.0226413998	-0.0104702207	-0.029619686	0.0580095169	-0.0784098948	0.07388962639999999	-0.0665478783	0.0566649955	-0.025729000000000002	-0.132182	0.00102294	0.00127558	0.00120615	-0.000170273
0.04921175999999999	0.0075112331	0.0070672253	-0.007437531	0.0027132604	0.050608329900000006	0.005731256600000001	-0.0785619741	0.0744869079	-0.0678509792	0.0588823313	-0.028502800000000002	-0.12701700000000002	0.0163003	0.000802128	0.00124727	-0.000175613
0.03594117999999999	0.0269778864	0.0044137157	-0.0137932519	-0.0102806769	-0.0355218856	0.0308531105	-0.0787061389	0.0750541746	-0.0690925657	0.061004769	-0.0273317	-0.11574200000000001	0.00127382	0.0008772910000000001	0.00127521	-0.000241882
0.05638054499999999	0.0240513183	-0.007310218399999999	-0.0073496542000000015	-0.0019411777	0.040308371	-0.0274294138	-0.0788423748	0.07559119780000001	-0.0702715121	0.0630288878	-0.024278099999999997	-0.138034	0.015008	0.000819783	0.00114817	-8.04147e-05
0.09813424499999998	0.020328982	-0.0084003125	-0.0179628955	0.0077344192	-0.0370500023	-0.003648186	-0.0789706681	0.0760977612	-0.0713867496	0.06495142570000001	-0.0243827	-0.10626400000000001	-0.00396018	0.00161642	0.00115486	-0.00022291700000000002
0.08927385999999997	0.0233865382	-0.0145566144	-0.0020523803	0.0042618093	-0.0014030833	-0.0181922916	-0.07909100570000001	0.0765736605	-0.0724372672	0.0667692842	-0.0284716	-0.138074	0.00651878	0.001318	0.00151659	-0.000420687
0.03896617	0.0314401287	-0.0171536534	-0.006517003100000001	0.005765130500000001	-0.0260709907	0.0073217792	-0.0792033756	0.0770187042	-0.0734221124	0.0684795334	-0.026923700000000002	-0.12330999999999999	0.0166612	0.00136565	0.00137069	-0.000364
0.0538552	0.029913531200000006	-0.0224891345	0.0035130719	0.0099610907	-0.0051877629	-0.024153344	-0.0793077664	0.0774327128	-0.0743403923	0.0700794171	-0.029459500000000007	-0.145733	0.00215745	0.00119765	0.0013966	-0.00045794300000000004
0.09597845	0.0330889446	-0.021984624100000003	-0.0119662279	0.003394908	-0.025821939	-0.0131601108	-0.0794041677	0.0778155195	-0.07519127440000001	0.0715663568	-0.0202093	-0.12494200000000001	0.016310299999999996	0.0007725789999999999	0.0010199400000000002	-0.000223986
0.07095282	0.0337664269	-0.0308205786	0.006117988	0.0116974284	0.0056733987	-0.0211942096	-0.0794925697	0.07816697	-0.0759739873	0.072937956	-0.0240449	-0.137982	-0.007377169999999999	0.0006329969999999999	0.00136139	-0.000350749
0.043763974000000004	0.0268346352	-0.0294982293	-0.0071141862	0.0013302852	-0.0502436153	-0.008295478299999999	-0.0795729635	0.0784869228	-0.0766878214	0.0741920043	-0.016725099999999996	-0.120877	-0.000587296	0.000662585	0.00118711	-0.000303631
0.04625210400000001	0.039828571	-0.0520834296	-0.0175109237	0.0308891011	-0.0058844754	-0.023616432000000003	-0.079645341	0.0787752489	-0.0773321295	0.0753264804	-0.0163441	-0.135888	-0.016306	0.0005473230000000001	0.0011618	-0.00046588699999999995
0.07158839000000003	0.029328238	-0.0374457364	-0.026379405	0.0193230102	-0.0493172309	-0.0436962751	-0.079709695	0.0790318321	-0.0779063275	0.0763395561	-0.0181352	-0.119118	0.00746099	0.000560865	0.000896173	-0.00015985
0.06785348000000001	0.0376493363	-0.048934958499999986	-0.0115538568	0.0193464643	-0.0145423749	-0.0208939444	-0.0797660189	0.079256569	-0.0784098948	0.0772295986	-0.0184548	-0.13588499999999998	-0.00656089	0.000690508	0.00134687	-0.00031441
0.07455433999999997	0.0472864446	-0.0569916906	-0.0030358051	0.0156135575	-0.0194842295	-0.0463035822	-0.0798143071	0.0794493692	-0.0788423748	0.07799517339999999	-0.015060299999999999	-0.11873399999999999	0.016252700000000002	0.0007221289999999997	0.0009091460000000002	-0.00015985
0.06978929	0.0468747806	-0.055802285	0.0015034565	0.0109181364	-0.0372230883	-0.0426811522	-0.0798545546	0.0796101548	-0.0792033756	0.0786350467	-0.00694306	-0.135863	-0.0016476	0.000711829	0.00113297	-0.000458581
0.08905644000000001	0.0450801206	-0.0542746512	-0.008257191700000001	0.0205204499	-0.0213434311	-0.0388843593	-0.0798867576	0.0797388611	-0.0794925697	0.0791481873	-0.0215899	-0.126958	0.0110869	0.000474825	0.000613303	-0.00015985
0.08688720000000001	0.0482665003	-0.0678802925	-0.014478057	0.0213696717	-0.0357693039	-0.0311054943	-0.0799109126	0.0798354362	-0.079709695	0.0795337681	-0.012515299999999998	-0.135908	-0.0175352	0.000309711	0.0008412819999999999	-0.0005715669999999999
0.0358061	0.0512119672	-0.0738938288	-0.0105782396	0.0243612329	-0.0082694536	-0.0605688856	-0.0799270173	0.0798998413	-0.0798545546	0.0797911678	-0.017334799999999997	-0.123543	-0.0149674	0.000309711	0.000950201	-0.00035941
0.0319899	0.0494697638	-0.0750871887	-0.0069629009	0.0206243463	-0.0364166093	-0.0328275892	-0.07993507009999999	0.0799320503	-0.0799270173	0.0799199714	-0.0169407	-0.12385299999999999	-0.0206489	0.00039462300000000003	0.000770898	-0.000607281
