0.0	-0.0649278153	0.0132034978	-0.0275664592	0.022000007	-0.0235570177	0.055200138	0.07993507009999999	0.0799320503	0.0799270173	0.0799199714	0.00760216	-0.00365544	-0.0133469	-0.000131672	-0.0	0.0
0.0573984	0.0034767389	0.0491736497	-0.0600708555	0.0563090921	0.0426354113	0.0601075362	0.0799270173	0.0798998413	0.0798545546	0.0797911678	0.01038	-0.016467	-0.030402299999999997	0.000179031	0.000184369	0.0
0.09224165	0.1088886575	0.06473127690000001	-0.0363828912	-0.0114436648	0.0118389964	0.0128144296	0.0799109126	0.0798354362	0.079709695	0.0795337681	0.0041174	-0.026280599999999998	-0.05877130000000001	0.000437405	0.0008819239999999998	0.0
0.0765194	0.13266094050000002	-0.05502186110000002	-0.0220641982	-0.1035243686	-0.0188453846	0.0669658262	0.0798867576	0.0797388611	0.0794925697	0.0791481873	-0.0059351000000000004	-0.0348768	-0.0883116	0.0	0.0009099030000000002	0.00010122399999999999
0.14685415	-0.0659560919	-0.0513622316	0.0022485829	-0.088967394	-0.060873659	0.0754412424	0.0798545546	0.0796101548	0.0792033756	0.0786350467	-0.00382205	-0.013837700000000001	-0.0330404	-0.000562949	0.00020546	0.0
0.07727767999999999	-0.0657184744	0.000912406	0.0524746374	0.0693537942	0.0251466541	0.0926162552	0.0798143071	0.0794493692	0.0788423748	0.07799517339999999	0.00404051	-0.00262686	-0.00070507	-0.000413216	-0.000162186	0.0
0.13746804	0.0608916459	0.0091218862	0.0349076742	0.0569230338	0.1107635312	0.0729258224	0.0797660189	0.079256569	0.0784098948	0.0772295986	0.00587713	-0.0194321	-0.0433777	0.00037307599999999996	0.0004425980000000001	-0.000131995
0.0957638627	0.1360188868	-0.0583942114	-0.0065869761	-0.0329773906	0.0574988986	0.0136325127	0.079709695	0.0790318321	0.0779063275	0.0763395561	3.40173e-05	-0.0263144	-0.06712639999999999	0.000806614	0.00106286	0.0
0.11629082630000001	-0.0154948848	-0.06867441980000001	-0.015263916200000003	-0.1373439665	0.0440145646	0.0183200677	0.079645341	0.0787752489	0.0773321295	0.0753264804	-0.00235164	-0.000655581	-0.057414099999999996	-0.000344768	0.000643561	0.0
0.12659657	-0.1009243164	-0.0700966279	0.0242885032	0.016757106299999998	0.0560401251	-0.0650739219	0.0795729635	0.0784869228	0.0766878214	0.0741920043	-4.170100000000001e-05	0.017836999999999995	-0.014530100000000002	-0.000129014	-0.000211715	-0.00018717099999999997
0.039608054	-0.0718196529	-0.0441928278	0.025174077000000003	0.0593971548	-0.0787146021	-0.0253736681	0.0794925697	0.07816697	0.0759739873	0.072937956	-0.00291581	0.0162896	-0.0340424	-7.73454e-05	-5.34177e-05	-0.00029069
0.046280184	-0.0562028681	0.0032121463	0.0735166857	0.0773745596	-0.0522989531	0.0263441966	0.0794041677	0.0778155195	0.07519127440000001	0.0715663568	0.004650100000000001	0.00819974	-0.0145506	-0.000162719	4.9639800000000005e-06	-0.000211793
0.012143254	-0.0465449699	0.0493197984	0.0719246354	0.0760644204	-0.01708718	0.0926680912	0.0793077664	0.0774327128	0.0743403923	0.0700794171	0.00616551	0.012615500000000005	-0.0145595	-0.000146124	-7.42527e-05	-0.00018354099999999998
0.046037405	-0.0378150923	0.0303612246	0.0462342483	0.0362336331	0.038633067400000005	0.1061608914	0.0792033756	0.0770187042	0.0734221124	0.0684795334	0.00242217	0.00779187	-0.025052	-0.000241693	0.000186196	0.0
0.11718813149999995	0.0451316563	0.0096947898	0.0402678875	0.0408161654	0.1107416273	0.0473910139	0.07909100570000001	0.0765736605	0.0724372672	0.0667692842	-1.91915e-05	-0.0144856	-0.037828	0.000587085	0.0006794889999999999	-0.000271795
0.09545081020000004	0.1061348872	-0.0249982667	0.0136764644	0.0135422131	0.026273647400000003	-0.0377086081	0.0789706681	0.0760977612	0.0713867496	0.06495142570000001	-7.5313e-06	-0.027157499999999998	-0.0566957	0.00116063	0.00111214	2.1175799999999998e-22
0.06758206869999997	0.0846341566	-0.0660023195	-0.0066208216	-0.0913117351	-0.0125070551	-0.0612256322	0.0788423748	0.07559119780000001	0.0702715121	0.0630288878	-0.012077500000000001	-0.0188838	-0.07268489999999997	0.0006348559999999999	0.0010129300000000002	0.0
0.12076329	-0.0310517701	-0.0530415648	0.08449407380000001	-0.0934743005	-0.0401050241	-0.0996100953	0.0787061389	0.0750541746	0.0690925657	0.061004769	-0.00626414	-0.00418754	-0.0431049	1.5888599999999996e-05	0.00021842400000000002	0.0
0.068327891	-0.0995965266	0.1190161606	0.0729183736	0.0113050796	-0.0154455079	-0.07944906040000001	0.0785619741	0.0744869079	0.0678509792	0.0588823313	-0.00430021	0.000340801	-0.0113457	-0.000164621	-8.56458e-05	-0.000116949
0.0202704337	-0.1082728563	0.1193395956	-0.0404367028	0.0299110753	-0.0505855622	-0.0475336746	0.0784098948	0.07388962639999999	0.0665478783	0.0566649955	-4.8850299999999995e-05	0.00474383	-0.0113611	-0.000171733	-5.809770000000001e-05	8.040379999999997e-05
0.0276238481	-0.0596667936	-0.0032584055	-0.0793772659	0.08469504970000001	-0.0408456861	0.044740482000000005	0.0782499164	0.0732625707	0.0651844444	0.0543563352	-4.04292e-05	-0.0021129	-0.00665351	3.5796300000000017e-06	7.20801e-06	0.0
0.1490740372	0.0955235722	-0.0199242209	-0.0457820491	0.0514067796	0.0417635929	0.0011363126	0.078082055	0.0726059935	0.0637619136	0.051960071	0.00542025	-0.0273974	-0.0489581	0.000592761	0.000817311	-0.00012120100000000001
0.052352988200000006	0.08333790049999999	-0.0217909005	-0.0637258878	-0.0215082499	-0.0203899182	-0.026162531	0.0779063275	0.0719201593	0.062281575599999986	0.0494800651	-1.9238199999999998e-05	-0.035423199999999995	-0.0623186	0.0008566960000000001	0.000942719	0.0
0.031384991800000005	0.0833816034	0.0092647743	-0.071936086	-0.055696984500000005	-0.0337181264	-0.0885294277	0.0777227516	0.0712053446	0.0607447724	0.0469203142	-0.00513728	-0.0311116	-0.0709544	0.000764948	0.00100838	-0.00010898200000000001
0.1002276	0.0027874988	-0.0432739223	-0.0495719651	-0.0996951218	-0.15333669279999998	-0.0361751755	0.07753134589999999	0.07046183730000001	0.0591528974	0.0442849438	-0.01125	-0.013432800000000005	-0.060202599999999995	-3.5030599999999996e-05	0.000603655	0.0
0.10598349	-0.1034196874	0.0010659831	0.0321049811	0.0228329053	-0.1703046945	0.0303803883	0.0773321295	0.06968993700000001	0.0575073938	0.0415782013	-0.00416263	-0.00974605	-0.00608855	-0.000199443	5.9376e-05	-0.000113215
0.008177758799999999	-0.0766477564	0.119925387	0.0513663018	0.0230063047	-0.018004337	0.0755227078	0.0771251226	0.06888995490000001	0.0558097533	0.038804449	-3.31012e-05	-0.008974829999999998	-0.00488349	-0.00022815700000000002	5.9376e-05	-0.00012594
0.0188000312	-0.0347273108	0.0410633061	-0.0571186051	0.0441107105	0.0704395204	0.0646416769	0.07691034599999999	0.0680622132	0.0540615151	0.0359681572	0.00200802	-0.008660539999999998	-0.00580366	-0.00022815700000000002	0.000243925	0.0
0.14182588053	0.079863006	-0.0075481971	-0.067039852	0.0344267767	0.1173356089	-0.0177091515	0.0766878214	0.06720704549999999	0.0522642642	0.0330738971	4.239469999999999e-06	-0.0208635	-0.0425886	0.000644999	0.00106593	0.000121523
0.03791115863	0.1116586409	-0.0097858759	0.0019698116	-0.0999782839	0.0886962572	-0.097964176	0.07645757110000001	0.0663247964	0.05041963	0.0301263332	1.13981e-05	-0.017666	-0.0613106	0.000513652	0.00113275	0.0
0.1041402681	-0.0093972603	-0.034411008	-0.018535046	-0.1056799317	0.0432502397	-0.17621177789999998	0.0762196185	0.06541582139999999	0.0485292848	0.0271302159	-0.0134285	-0.00617133	-0.0520616	-0.00028576700000000003	0.000533035	0.0
0.08272521499999999	-0.1286072984	-0.0550248591	-0.1041771094	0.0021880228	-0.0233460373	-0.1084102364	0.0759739873	0.0644804868	0.046594942400000006	0.024090374	-0.008670739999999998	-0.00177819	-0.016191999999999998	-0.000427625	4.14887e-05	-0.00012069
0.023258258799999997	-0.0728114459	-0.0392684993	0.0006708080000000001	0.1110718957	-0.06632579799999999	0.0082397262	0.0757207024	0.0635191694	0.044618356500000005	0.0210117067	-3.46962e-05	-0.00556934	-0.016184	-0.00039232300000000003	-1.89806e-05	0.0
0.09345778589999999	0.0349025399	0.0381363783	0.0430414608	0.08249631389999999	-0.0483614822	0.0289601123	0.0754597894	0.0625322567	0.0426013192	0.0178991758	-3.80921e-05	-0.016066299999999995	-0.0161881	0.000555128	0.000692635	0.0
0.08388659429999999	0.1094845594	0.0035089638	0.015637838	0.0124963447	0.005648301	-0.0005405836	0.07519127440000001	0.0615201462	0.0405456591	0.0147577975	-2.1647800000000006e-05	-0.025024	-0.04818769999999999	0.00103426	0.00107176	0.0
0.04484681023	0.0830328222	-0.0276753945	0.037767102	-0.08623140550000001	-0.043169394900000005	-0.0259732321	0.0749151845	0.060483246	0.038453239900000005	0.0115926346	-9.587569999999999e-06	-0.0281142	-0.05421030000000001	0.000385821	0.00113776	5.29396e-23
0.13162169243	-0.0640184275	-0.007232862	0.0575004069	-0.0672186811	-0.0542889822	-0.0444075639	0.0746315476	0.0594219737	0.0363259585	0.0084087885	-0.00832861	-0.00496798	-0.032742400000000005	-0.00029673	0.00024654	0.0
0.036004365	-0.1143230199	0.06049965490000001	0.054993012800000005	0.0159784816	-0.0717037747	-0.0025171669	0.0743403923	0.058336757	0.0341657437	0.0052113902	-0.00728973	-0.00380133	-0.00952659	-0.00029673	3.48795e-05	0.0
0.029207047400000005	-0.0830856747	0.1309897952	-0.0030153771	0.045118718700000005	0.0320675406	-0.0079843705	0.0740417477	0.0572280333	0.0319745538	0.002005593	-2.7197600000000002e-05	0.00255697	-0.0045233999999999995	-0.00029673	0.00024654	0.0
0.11877956314999999	0.0574814931	0.047988172300000013	-0.08643546960000001	0.0570103301	0.0589431833	-0.007381653599999999	0.0737356442	0.0560962492	0.0297543755	-0.0012034366	-5.50445e-06	-0.019635800000000002	-0.0398531	0.00039106599999999997	0.000783452	0.0
0.09375647955000001	0.1203327547	0.0099974983	-0.0750677305	-0.0154327619	0.0697186464	-0.0437624053	0.0734221124	0.0549418609	0.0275072215	-0.0044105266	3.04251e-05	-0.035166199999999995	-0.0670883	0.000655777	0.00153784	2.1175799999999998e-22
0.03821325	0.0970417648	-0.0055525971	-0.0222701548	-0.0985394313	0.034921822799999995	-0.0584836966	0.07310118389999999	0.0537653335	0.0252351292	-0.007610508399999999	3.04251e-05	-0.0154893	-0.0670554	0.00028570799999999997	0.00153784	0.0
0.09039928380000001	-0.0455461564	-0.0338878943	-0.0901695837	-0.1054089796	0.0103455341	-0.0596257996	0.0727728912	0.052567141100000006	0.0229401584	-0.0107982247	-4.15437e-05	-0.00681495	-0.0584115	-0.00029673	0.0007508139999999999	9.071730000000004e-05
0.08325662269999999	-0.1318951285	-0.0735825645	-0.0745663107	0.0417996107	-0.0711442338	-0.0116397513	0.0724372672	0.0513477665	0.0206243899	-0.0139685379	0.00514309	0.0008430239999999999	-0.0153297	-0.00044221099999999997	0.000440368	0.0
0.05195497900000001	-0.0104873024	0.002598001	0.0786382434	0.1195174138	0.006890026	0.0377538998	0.0720943458	0.050107701	0.0182899231	-0.0171163386	0.015115200000000004	-0.00307141	-0.015471299999999999	3.86837e-05	0.00071801	0.0
0.08105549499999999	0.08377026139999999	0.0037581979	0.017500453200000002	0.056012335199999985	0.044346561500000006	0.0447469276	0.0717441615	0.0488474444	0.0159388744	-0.0202365536	0.0138066	-0.015486600000000001	-0.05362719999999999	5.21311e-05	0.00122544	6.26387e-05
0.07894992380000003	0.1290096901	-0.0016805695000000002	0.0325380482	-0.0575484911	0.0482637545	-0.0037675691	0.0713867496	0.0475675045	0.0135733754	-0.0233241543	2.93662e-05	-0.0212923	-0.07500269999999999	-0.00029673	0.00157377	0.0
0.05335496893	0.0262241086	-0.0606323379	0.0573728765	-0.12917877949999998	0.0199556325	-0.0107399441	0.0710221462	0.046268397	0.0111955706	-0.0263741644	-3.2527299999999998e-06	-0.0154516	-0.07210319999999999	-0.00056551	0.000950907	-1.0587899999999999e-22
0.11405797367	-0.1079250783	0.1168676166	0.0502578388	-0.0634640031	-0.032816772	-0.0292707585	0.0706503878	0.0449506455	0.0088076158	-0.0293816684	-3.40614e-05	-0.00160713	-0.013806	-0.000806327	0.0004407630000000001	-8.67489e-05
0.0320419834	-0.0563071855	0.07626289530000001	-0.0835462486	0.0738641577	0.0334878171	0.0260205938	0.0702715121	0.0436147809	0.006411676	-0.0323418192	0.00427479	-0.000700443	-0.012808600000000002	-0.00040553800000000015	0.00041172	0.0
0.1023654936	0.0650569312	-0.0391187943	-0.0521398716	0.0106785201	-0.0236928196	0.060347675	0.0698855571	0.0422613414	0.0040099232	-0.0352498461	-1.4686600000000001e-05	-0.0154667	-0.040384500000000004	-4.63948e-05	0.00103173	-0.00013552399999999999
0.1017949334	-0.0294178771	-0.0700189729	-0.0130983705	-0.02219281	-0.0311744691	0.0784184954	0.06949256179999999	0.0408908726	0.001604535	-0.0381010623	-0.00458104	-0.00584468	-0.0264824	-0.000897581	0.000544351	0.0
0.041725239500000004	-0.0375083878	-0.1041153565	0.0434247497	0.0604560575	0.0492230802	-0.005940456899999999	0.0690925657	0.0395039266	-0.0008023078999999999	-0.0408908726	-2.67145e-05	0.000465134	-0.0168858	-0.000511296	0.0005833559999999999	0.0
0.09966673950000003	0.06319914410000001	-0.052637433	0.0646193605	0.0488766083	0.0463759797	-0.0729192796	0.0686856091	0.0381010623	-0.0032084234000000003	-0.0436147809	-0.00567057	-0.015473500000000001	-0.0430875	0.00021381299999999998	0.00071801	-0.000177888
0.08760612999999999	-0.0080791988	-0.0239229953	0.0800513828	-0.04619339	-0.0533431113	-0.0191887717	0.068271733	0.0366828449	-0.0056116301	-0.046268397	-0.0142083	-0.00878165	-0.028053700000000004	-0.000500611	0.00046346699999999996	0.0
0.06117202500000001	-0.0836902277	0.0020211651	0.0773722297	-0.0178311229	0.0289947993	0.0270921915	0.0678509792	0.0352498461	-0.0080097493	-0.0488474444	-0.017236900000000003	-0.00646584	-0.0167288	-0.0008573119999999999	7.43327e-05	-0.000144219
0.073062675	0.004312217199999999	0.0736040974	0.0669310663	0.0439451069	0.0490808361	-0.0381325515	0.06742339	0.0338026431	-0.0104006067	-0.0513477665	-0.010926300000000002	-0.015427200000000004	-0.0230168	-0.00025215700000000003	0.00044997699999999995	-0.000193474
0.07400323999999997	0.067218055	0.104579873	-0.0395574278	0.0060723637	0.0171141691	-0.032872486400000005	0.0669890084	0.0323418192	-0.0127820349	-0.0537653335	-0.00711741	-0.0208155	-0.0388912	0.000334252	0.000812068	-0.000163341
0.038798535	0.0332493914	-0.013193234	-0.1231127762	-0.0794360028	-0.0077327259	0.0145248228	0.0665478783	0.030867963	-0.0151518747	-0.0560962492	-0.00836677	-0.021500400000000003	-0.0505168	-7.64031e-05	0.000796295	-8.499559999999997e-05
0.124944735	-0.1115666155	-0.0521610487	-0.0738816759	-0.0090191352	-0.0523338006	-0.0059662047	0.0661000441	0.0293816684	-0.0175079777	-0.058336757	-0.0128841	-0.015441	-0.00330641	-0.000739437	0.00023837200000000001	-0.000207191
0.02767771	-0.097532065	-0.0653383191	0.0035281356	0.0977737017	-0.0093186829	0.017835244899999998	0.06564555080000001	0.0278835343	-0.0198482077	-0.060483246	-0.00608517	-0.0154312	0.00424582	-0.000680293	0.00023837200000000001	0.0
0.09483515	0.0338866827	-0.0166690545	0.0645663609	0.105488957	0.0284425152	0.004236708	0.0651844444	0.0263741644	-0.0221704431	-0.0625322567	0.00288248	-0.0214552	-0.0137131	-5.24053e-05	0.000785917	-6.225890000000001e-05
0.08115759458000002	0.0981331002	0.0042674495	0.0704865082	0.004543199600000001	0.0217270704	-0.0054973613	0.0647167712	0.0248541669	-0.0244725786	-0.0644804868	7.2054199999999985e-06	-0.0320115	-0.053477699999999996	-7.474179999999997e-05	0.00126055	0.0
0.09075425542	0.0119235944	-0.0400693288	0.06875142440000001	-0.1295944232	0.0197667243	-0.0115351693	0.0642425783	0.0233241543	-0.026752527	-0.0663247964	-0.00530524	-0.0228423	-0.06943010000000001	-0.000917327	0.0008967310000000002	0.0
0.09903614	-0.1029702224	0.0194900457	0.0568786876	-0.034225652	0.0046498699	-0.0701068034	0.0637619136	0.0217847431	-0.0290082213	-0.0680622132	-0.0029170999999999997	-0.016463099999999998	-0.0102661	-0.000793207	0.000398755	0.0
0.061618655	0.0095472489	0.1115874534	-0.0073864326	0.0776693236	0.0637868665	-0.08579041289999999	0.0632748254	0.0202365536	-0.0312376164	-0.06968993700000001	0.00264198	-0.0173233	-0.0235649	-0.000295277	0.000663387	-7.544949999999997e-05
0.06503764849999999	-0.0072132313	0.0631548055	-0.0879235004	-0.0215421091	-0.053443257	-0.0646282517	0.0627813628	0.0186802098	-0.0334386912	-0.0712053446	4.48065e-05	-0.018807400000000002	-0.0510775	-0.00048208	0.00107001	0.0
0.1158159406	-0.1323269841	0.0178607126	-0.05701459480000001	0.012202754299999998	-0.0921925011	0.0122030456	0.062281575599999986	0.0171163386	-0.035609450099999995	-0.0726059935	-3.48871e-05	-0.00042885300000000004	-0.010268200000000002	-0.0009045030000000001	0.000463524	0.00010205899999999999
0.0479367352	-0.0065563684	-0.0071390417	-0.0381878126	0.1460382328	-0.0228641755	0.042824702	0.061775514	0.0155455703	-0.037747925	-0.07388962639999999	-4.55553e-05	-0.00712251	0.00677496	-0.00065196	0.0005927069999999999	0.0
0.1125101753	0.08185425019999999	-0.0179232393	-0.011512826	0.0503574336	-0.0605235978	0.0401086252	0.0612632291	0.0139685379	-0.0398521774	-0.0750541746	0.00988357	-0.019240599999999997	-0.018995500000000002	-0.000206383	0.00144098	0.0
0.06409375800000001	0.1346155031	0.0083898462	-0.0427408455	-0.0511720516	-0.0166392316	0.0356581813	0.0607447724	0.0123858767	-0.0419202993	-0.0760977612	0.00640516	-0.0312609	-0.0424918	3.82226e-06	0.00166192	7.08297e-05
0.10106005800000001	0.0200944066	-0.06097179570000001	-0.016393310300000002	-0.1466996897	0.0098304164	-0.015786833700000003	0.0602201963	0.0107982247	-0.0439504158	-0.0770187042	-0.00145415	-0.0181118	-0.0401232	-0.0008474989999999999	0.00103041	0.0
0.09599467	-0.1418276225	-0.0528064602	-0.006340302700000001	0.0102157001	-0.0804791732	-0.032498574100000004	0.0596895534	0.0092062214	-0.0459406864	-0.0778155195	0.00171295	0.00288639	0.00246658	-0.0009045030000000001	0.000502622	0.0
0.06119579	-0.0434830663	-0.0108577627	0.0680463881	0.14068125199999998	-0.0255087417	-0.0158427454	0.0591528974	0.007610508399999999	-0.0478893067	-0.0784869228	0.0017225299999999995	-0.0145781	0.013602000000000001	-0.00046951800000000004	0.00041055	-0.000124669
0.10184244	0.0767400917	0.0278815584	0.048854782	0.073751237	-0.023470746400000003	-0.0077097791	0.0586102822	0.0060117288	-0.0497945101	-0.0790318321	0.00167169	-0.0268828	-0.0187646	-0.000309401	0.00126817	0.0
0.04148319999999999	0.101259263	0.0347917917	0.0178825085	-0.0318998916	-0.0696721579	0.0715989491	0.0580617626	0.0044105266	-0.0516545692	-0.0794493692	-0.00503016	-0.0306471	-0.0350214	-0.000483276	0.0013895	0.0
0.08728649	-0.029457403	-0.0171018322	0.0528672645	-0.1081874633	-0.0499798905	0.0744210024	0.0575073938	0.0028075473	-0.0534677978	-0.0797388611	-0.0100742	-0.0228545	-0.0248856	-0.00116899	0.000788933	-2.1175799999999998e-22
0.09039132	-0.0934236651	0.0327655538	0.0597589628	0.0453459857	0.0125601208	0.0693183552	0.0569472315	0.0012034366	-0.0552325519	-0.0798998413	-0.00591798	-0.014088900000000001	0.0204404	-0.0009045030000000001	0.00041055	0.0
0.07266027	0.0348129792	0.091047871	0.0359326734	0.0542370982	0.0603855664	0.0493096586	0.05638133240000001	-0.000401159	-0.0569472315	-0.0799320503	0.00169244	-0.0178252	-0.00358795	-0.0007338629999999999	0.0009856139999999999	-1.0587899999999999e-22
0.07673253	0.0990609094	0.0516645609	-0.0209103199	-0.0419151509	0.040107194	0.0180649808	0.0558097533	-0.002005593	-0.0586102822	-0.0798354362	0.00165376	-0.0306471	-0.017915	-0.000402703	0.00150609	0.000139262
0.014579604999999997	0.0828557716	0.0029381512	-0.0293690945	-0.0733208271	0.0333986422	-0.0105641037	0.0552325519	-0.0036092188	-0.0602201963	-0.0796101548	0.00165834	-0.0306434	-0.027669	-0.00035499699999999996	0.00150609	9.062149999999999e-05
0.104198115	-0.0757097887	-0.0055591459	-0.047688934	-0.13371627	0.0531411466	-0.0318875905	0.0546497862	-0.0052113902	-0.061775514	-0.079256569	-0.00765655	-0.0169155	-0.021224700000000003	-0.00116292	0.0009104139999999999	0.0
0.08013257	-0.1351815797	-0.0497335497	-0.1107183222	0.0239868922	0.0555156547	-0.051223465	0.0540615151	-0.0068114617	-0.0632748254	-0.0787752489	-0.00066628	-0.011745499999999999	0.0077311	-0.0008066669999999997	0.000486337	0.0
0.013332230000000004	-0.015238258	-0.0722382813	-0.0442001038	0.1485774079	-0.0066627602	0.0449018611	0.0534677978	-0.0084087885	-0.0647167712	-0.07816697	0.00167916	-0.0188869	0.00610581	-0.0008510689999999997	0.000486337	0.0
0.09125907	0.0765636516	-0.0447224289	-0.0201818817	0.0754282448	-0.039594166	0.0156038887	0.052868694	-0.0100027269	-0.0661000441	-0.0774327128	0.0016577000000000002	-0.0306293	-0.0234053	-0.00047956	0.00111451	-1.0587899999999999e-22
0.02480111	0.067299452	-0.0670362624	0.0041037869	-0.0359415706	-0.022057855	0.0617046995	0.0522642642	-0.0115926346	-0.06742339	-0.0765736605	0.00167236	-0.0306344	-0.03034	-0.000521423	0.00142958	0.0
0.09734391	-0.0639656261	-0.0851088571	0.0457775709	-0.0835816984	-0.0312744648	0.0148469228	0.0516545692	-0.0131778711	-0.0686856091	-0.07559119780000001	-0.0101035	-0.022114500000000002	-0.026363400000000002	-0.00135257	0.000799296	0.0
0.102913395	-0.0730757721	-0.0172846832	0.08185160309999999	0.0715158312	0.014715926200000003	0.012098099	0.0510396705	-0.0147577975	-0.0698855571	-0.0744869079	0.00168817	-0.0207074	0.0177104	-0.00091036	0.000418837	-9.01475e-05
0.099818795	0.0418022317	0.0273234535	0.0653233312	0.0605884581	0.0573149363	0.0190769271	0.05041963	-0.0163317771	-0.0710221462	-0.0732625707	-0.00573705	-0.0306346	-0.0160234	-0.0006611989999999999	0.00105418	-1.0587899999999999e-22
0.05911144999999999	0.0891295719	0.0182041108	0.022703836600000003	-0.0014781704	-0.0150063418	0.08281483190000001	0.0497945101	-0.0178991758	-0.0720943458	-0.0719201593	-0.004647699999999999	-0.0367983	-0.0352783	-0.000350969	0.00139602	0.0
0.0526298	0.0466767102	-0.0144866301	0.0616111244	-0.08712478539999999	0.0128571752	0.0512841284	0.0491643739	-0.0194593619	-0.07310118389999999	-0.07046183730000001	-0.0127037	-0.0342225	-0.0370922	-0.000790151	0.00103152	0.0
0.0851103	-0.0588876112	-0.030859514	0.0712698242	-0.0735372389	0.0520476001	0.0523769982	0.0485292848	-0.0210117067	-0.0740417477	-0.06888995490000001	-0.0159309	-0.030626499999999997	-0.016101899999999995	-0.00121826	0.000486337	-0.000172644
0.040628960000000006	-0.0321701749	0.0934273535	0.0457474334	0.028159481	0.0534531419	-0.0016342042	0.0478893067	-0.0225555848	-0.0749151845	-0.06720704549999999	-0.00993381	-0.0254738	-0.00949593	-0.000892523	0.000580692	-0.000210016
0.08246178	0.0361217561	0.08372785	-0.0642330602	0.0046152952	0.0665834017	0.0472498729	0.0472445043	-0.024090374	-0.0757207024	-0.06541582139999999	-0.00273835	-0.033285400000000014	-0.026621499999999996	-0.000540154	0.00102489	0.0
0.0700039888	0.07672583150000001	0.0236930669	-0.08742334880000001	-0.0156040278	0.036172112400000005	-0.018109973600000003	0.046594942400000006	-0.0256154559	-0.07645757110000001	-0.0635191694	9.05588e-05	-0.0466471	-0.0394478	-3.6492399999999996e-05	0.00134097	0.0
0.0506645788	0.0642373374	-0.0057260076	-0.0447006609	-0.0959939198	0.0697326091	-0.016826050800000002	0.0459406864	-0.0271302159	-0.0771251226	-0.0615201462	-0.00632564	-0.0332413	-0.034438800000000006	-0.000475744	0.00126355	0.0
0.10398951	-0.0455898365	-0.053587451	-0.0904500136	-0.104511151	0.056955898	-0.0456488086	0.0452818024	-0.0286340436	-0.0777227516	-0.0594219737	-0.011891500000000001	-0.026466700000000003	-0.0479695	-0.00128361	0.0006793389999999999	-0.00017029
0.07183280999999997	-0.099872599	-0.0676778973	-0.06632218179999999	0.0395483843	-0.0231697231	-0.0256349396	0.044618356500000005	-0.0301263332	-0.0782499164	-0.0572280333	-0.00758899	-0.0227951	-0.008289899999999998	-0.00116332	0.000486337	0.0
0.06071504	0.0054500587	-0.0458192688	-0.0274520218	0.08818262130000001	-0.0292570795	0.0273285411	0.0439504158	-0.0316064831	-0.0787061389	-0.0549418609	-0.0027885	-0.028661700000000002	-0.018912099999999998	-0.000660775	0.0007723069999999999	0.0
0.05859068999999999	0.0763799925	-0.0080875836	0.007580938699999999	0.0300801804	-0.047642003	0.0235027086	0.0432780475	-0.0330738971	-0.07909100570000001	-0.052567141100000006	-0.00278934	-0.0416152	-0.030105400000000008	-0.000277097	0.00107749	0.0
0.02791656	0.0570763884	-0.0455272172	0.0089876365	-0.0341991612	-0.010625808600000002	0.0141706598	0.0426013192	-0.0345279838	-0.0794041677	-0.050107701	-0.007246749999999999	-0.0310879	-0.0317028	-0.000458366	0.00112291	0.0
0.07384359999999998	-0.0353742201	-0.0801942446	0.049622155300000005	-0.0645859826	0.0022814592	-0.020057202	0.0419202993	-0.0359681572	-0.079645341	-0.0475675045	-0.0117009	-0.024028099999999997	-0.03255809999999998	-0.00108973	0.000634355	-0.00010956799999999999
0.034576300000000004	-0.0586181255	-0.0177896946	0.0716472193	0.0034383794	-0.0209035087	0.019112126200000003	0.0412350562	-0.0373938371	-0.0798143071	-0.0449506455	-0.011718799999999998	-0.026230299999999998	-0.013081200000000001	-0.00108973	0.000486337	0.0
0.038199085	-0.0363219005	0.07763564719999999	0.0603793484	0.0351653829	0.0058727358	0.0582396591	0.0405456591	-0.038804449	-0.0799109126	-0.0422613414	-0.00646354	-0.035719	-0.003915699999999999	-0.000957658	0.000420545	-8.792849999999997e-05
0.065906375	0.0320355092	0.0496315038	0.0463782053	0.029802821200000006	0.0587515945	0.0263255654	0.0398521774	-0.0401994245	-0.07993507009999999	-0.0395039266	-0.00291814	-0.0392365	-0.016038999999999998	-0.000570742	0.0008801039999999998	0.0
0.06325041799999999	0.0647526507	-0.0074655899	0.002625111	-0.0399569964	0.0449317784	-0.0322384396	0.0391546809	-0.0415782013	-0.0798867576	-0.0366828449	-0.000331417	-0.0465386	-0.0334832	-0.000387643	0.0013341500000000005	8.120289999999998e-05
0.05530769800000001	0.0335279712	-0.006202087199999999	0.0407425144	-0.0610054438	0.0028209498	-0.0818569943	0.038453239900000005	-0.0429402241	-0.0797660189	-0.0338026431	-0.00634832	-0.032647300000000004	-0.0338035	-0.0007523239999999999	0.00107845	0.0
0.08891413	-0.0955835079	0.0890578799	-0.0217894636	-0.0721310528	-0.018223308	-0.112899823	0.037747925	-0.0442849438	-0.0795729635	-0.030867963	-0.011718799999999998	-0.014787	-0.022891599999999998	-0.00125564	0.000486337	0.0
0.05128351	-0.07703999519999999	0.0019263652	-0.1074126532	0.0691259575	0.0234490275	-0.0365886058	0.037038807400000005	-0.0456118188	-0.0793077664	-0.0278835343	-0.0052534999999999995	-0.0205799	0.00523931	-0.00114367	0.000380419	0.0
0.08593773	0.0480412487	-0.0333563463	-0.0483083905	0.0902912835	-0.0459582778	0.005383235	0.0363259585	-0.0469203142	-0.0789706681	-0.0248541669	-0.00608417	-0.0280824	-0.018563200000000002	-0.00074845	0.00106124	0.0
0.03217299999999998	0.0616062132	0.0047422016	-0.0535557628	-0.0086102981	-0.064915682	0.0403886478	0.035609450099999995	-0.0482099028	-0.0785619741	-0.0217847431	-0.0116991	-0.0308212	-0.027190100000000002	-0.000513875	0.00104757	5.5602399999999995e-05
0.08321982	-0.047064265999999993	-0.0631405643	-0.0178856103	-0.042360919	-0.0576118648	-0.0381907851	0.0348893543	-0.0494800651	-0.078082055	-0.0186802098	-0.011718799999999998	-0.0114007	-0.0253585	-0.0011359999999999999	0.000486337	0.0
0.033791400000000006	-0.07651222519999999	-0.0124918892	0.0510864199	0.07670286309999999	-0.0589053411	-0.025102955	0.0341657437	-0.0507302891	-0.07753134589999999	-0.0155455703	-0.011707700000000001	-0.0111731	-0.00331405	-0.00107919	0.000486337	-0.000173355
0.06869735	0.0386489848	0.0607237453	0.0595667634	0.06446927820000001	-0.0166679651	-0.040540024	0.0334386912	-0.051960071	-0.07691034599999999	-0.0123858767	-0.00538904	-0.0277564	-0.016431099999999997	-0.0007490489999999999	0.000711681	-7.527319999999997e-05
0.06380329	0.0615107864	0.0872896305	-0.0067471641	0.0236295255	-0.0699967963	0.0370696614	0.03270827	-0.0531689154	-0.0762196185	-0.0092062214	-0.00129161	-0.0211889	-0.0310524	-0.00053514	0.00119284	-1.0587899999999999e-22
0.026507889999999992	0.06290387530000001	0.0526209595	-0.0197457656	-0.07491350620000001	-0.0371526394	0.0136964344	0.0319745538	-0.0543563352	-0.0754597894	-0.0060117288	-0.009273000000000005	-0.025785200000000005	-0.026695999999999998	-0.000649596	0.00111582	0.0
0.10649229999999996	-0.08297660400000001	0.0354735887	-0.0266089665	-0.1116744683	-0.0159795746	-0.0081822635	0.0312376164	-0.0555218517	-0.0746315476	-0.0028075473	-0.016587900000000003	-0.011861499999999999	-0.0214612	-0.0014405	0.000486338	-0.000179992
0.05875928	-0.1048658467	0.0367365151	-0.0877295687	0.0420118537	0.0769379147	-0.07521728280000001	0.0304975321	-0.0566649955	-0.0737356442	0.000401159	-0.00474513	-0.012129299999999999	-0.00577769	-0.000981375	0.00034369	-0.00019752299999999999
0.07886390999999998	0.0236792722	-0.0197522194	-0.1078151233	0.0685331949	0.019280017	-0.0575831408	0.0297543755	-0.0577853059	-0.0727728912	0.0036092188	-0.00282338	-0.0211851	-0.028774900000000006	-0.000612913	0.00083803	-0.000162542
0.028357079999999993	0.0594214024	-0.0074001342	-0.0918546666	0.0497250968	-0.091095278	0.031052504	0.0290082213	-0.0588823313	-0.0717441615	0.0068114617	-0.0009899	-0.0211878	-0.0241526	-0.000612913	0.00111346	0.0
0.05087826	0.0414507807	-0.0531592116	-0.0455779792	-0.035147858500000004	-0.0986374605	0.00054542	0.0282591448	-0.059955629800000014	-0.0706503878	0.0100027269	-0.00646406	-0.0125989	-0.0324038	-0.00105927	0.000988537	0.0
0.06867951	-0.0539430945	-0.0341492503	0.06828139820000001	-0.0037473088	-0.0541477468	0.0845528891	0.0275072215	-0.061004769	-0.06949256179999999	0.0131778711	0.002366	-0.0127094	-0.0102289	-0.00142714	0.000605126	-1.0587899999999999e-22
0.034319739	-0.0381490863	0.0235586569	0.060145429000000014	0.0527220468	0.0493543347	0.0592186333	0.026752527	-0.0620293259	-0.068271733	0.0163317771	-0.000315189	-0.014026499999999999	0.00526615	-0.0012494000000000001	0.000486338	0.0
0.080624373	0.0682238652	0.0529986743	0.0295571967	0.0147170493	0.0091338473	0.07343216179999999	0.0259951375	-0.0630288878	-0.0669890084	0.0194593619	0.000455734	-0.0177422	-0.0138501	-0.0009626080000000002	0.00115687	-0.000183106
0.03562496900000001	0.0566157454	0.012328223700000002	-0.0150977573	-0.0808436838	0.0311281797	0.0275095649	0.0252351292	-0.06400305190000001	-0.06564555080000001	0.0225555848	-0.00164412	-0.0211812	-0.026874000000000002	-0.00116809	0.0011719	-6.23737e-05
0.099512665	-0.0636886613	-0.011596293200000002	0.033917688	-0.1187234746	0.0371700818	-0.0500585023	0.0244725786	-0.06495142570000001	-0.0642425783	0.0256154559	-0.0116963	-0.00673283	-0.0155922	-0.00154619	0.000486338	-0.000273318
0.05689741	-0.0696220214	0.0472725298	0.0005604555	0.0197467901	0.0519901912	-0.0108108599	0.0237075627	-0.065873627	-0.0627813628	0.0286340436	-0.00213986	-0.0106269	0.00231425	-0.00121189	0.000349423	-0.00023372400000000001
0.078950957	0.0579310903	0.0593700928	-0.0284455066	0.042769607300000005	0.0538177279	-0.0192626269	0.0229401584	-0.0667692842	-0.0612632291	0.0316064831	-0.000217753	-0.021168799999999998	-0.0208555	-0.0009120860000000002	0.000887808	-0.000261879
0.040606687	0.0462809217	-0.0085820576	-0.0416648248	-0.06375677860000001	-0.0274092841	-0.0193961632	0.0221704431	-0.0676380363	-0.0596895534	0.0345279838	-0.00650699	-0.0211778	-0.037088300000000005	-0.0008859919999999998	0.0009613480000000002	0.0
0.08389391	-0.0791683064	0.0270080847	-0.0271281233	-0.0128342054	0.0016198067	0.0082817215	0.0213984944	-0.0684795334	-0.0580617626	0.0373938371	-0.0116815	-0.021171000000000002	-0.0124892	-0.00124082	0.000486338	-0.000252432
0.05914914	-0.0019877675	0.0068658512	-0.0160292352	0.0789272832	0.0407954779	-0.0440628572	0.0206243899	-0.0692934363	-0.05638133240000001	0.0401994245	-0.008066959999999998	-0.0272606	-0.00885165	-0.000513429	0.000595213	-0.000332315
0.07013894	0.0696927467	-0.0018506653	-0.0141376825	0.0168866222	-0.0043464532	-0.0041704976	0.0198482077	-0.0700794171	-0.0546497862	0.0429402241	-0.0116899	-0.0335236	-0.030801599999999995	-0.0007899439999999999	0.0009509389999999999	-0.000198495
0.06902305	0.0290126412	-0.0133814557	-0.0029070001	-0.0624403336	-0.0795088029	0.0263094537	0.019070026	-0.07083715900000001	-0.052868694	0.0456118188	-0.011700499999999999	-0.028294299999999998	-0.049823800000000015	-0.00134147	0.000669951	-0.00013579000000000005
0.063833	-0.0978264751	0.0023415082	0.0095331899	-0.0020457948	-0.0532920047	0.029820677	0.0182899231	-0.0715663568	-0.0510396705	0.0482099028	-0.011678299999999999	-0.021161799999999998	-0.0111685	-0.00134642	0.000486338	-0.000307687
0.01914937	-0.0610499353	0.0518436935	0.025820887	0.0665437537	-0.0316189712	0.0553705291	0.0175079777	-0.07226671650000001	-0.0491643739	0.0507302891	-0.011664299999999999	-0.0211621	-0.00773933	-0.0013284700000000006	0.000295687	-0.000413204
0.02783146000000001	-0.0342310058	0.0134109541	0.0452349547	0.0363886889	0.0117993407	0.0811986053	0.016724268400000002	-0.072937956	-0.0472445043	0.0531689154	-0.0116941	-0.021155700000000003	-0.00771067	-0.00114307	0.000486338	-0.000233923
0.06356149999999999	0.0554740265	0.0012822767	0.0414350395	0.0619595753	0.0638686381	0.0627804327	0.0159388744	-0.07357980480000001	-0.0452818024	0.0555218517	-0.00907398	-0.034170400000000004	-0.0181875	-0.0008413029999999997	0.0008237369999999997	-0.000343754
0.04076277	-0.0089716995	-0.0516800939	0.0239640664	-0.030649831800000006	-0.0097638234	0.0572736763	0.0151518747	-0.0741920043	-0.0432780475	0.0577853059	-0.011656	-0.0281507	-0.0164225	-0.0013758	0.0008277109999999999	-0.000413204
0.035080150000000004	-0.014251409	-0.0638950543	0.0499353111	0.0420755628	0.0938587226	0.0367820426	0.0143633485	-0.0747743077	-0.0412350562	0.059955629800000014	-0.00466479	-0.021164500000000003	-0.00775641	-0.00140393	0.000693268	-0.000327044
0.11634217	0.0853464238	-0.0436962333	0.0536488459	0.059426734	0.1050129622	-0.0242300593	0.0135733754	-0.0753264804	-0.0391546809	0.0620293259	-0.00136141	-0.0334824	-0.0369069	-0.000581726	0.0012759	-0.000353616
0.04188961	0.046165379000000006	-0.0654832737	0.0446642256	-0.0587754674	0.0066500737	-0.0181206054	0.0127820349	-0.07584830000000001	-0.037038807400000005	0.06400305190000001	-0.00542777	-0.0319622	-0.0382171	-0.0010050800000000002	0.00109857	-0.000254443
0.07741112	-0.0699837974	-0.1018372162	0.0648659054	-0.0659188958	0.06969473059999999	-0.0704829798	0.0119894067	-0.0763395561	-0.0348893543	0.065873627	-0.00897524	-0.021159099999999997	-0.020588299999999997	-0.00124089	0.000486338	-0.000315036
0.05758938999999999	0.0205870384	-0.0454118181	0.066948965	0.0770915439	0.1326950023	-0.1062079056	0.0111955706	-0.0768000508	-0.03270827	0.0676380363	-0.0074292	-0.016992300000000002	-0.0319866	-0.000651592	0.0006970889999999999	-0.00032455200000000003
0.06312975	0.08257865360000001	0.0543057506	0.0242778038	-0.0121270811	-0.0099275824	-0.1061195991	0.0104006067	-0.0772295986	-0.0304975321	0.0692934363	-0.011564	-0.0212236	-0.0528765	-0.0007973839999999999	0.00114012	-0.000413204
0.057588699999999986	0.052606978	0.0895859151	0.0165599217	-0.073543941	-0.0556519417	-0.097736068	0.0096045951	-0.0776280263	-0.0282591448	0.07083715900000001	-0.016906400000000002	-0.0124383	-0.0658181	-0.00114123	0.000949266	-0.000337516
0.07901475	-0.1020497295	0.0889217579	-0.1036915415	-0.08825742810000001	-0.0219253953	-0.08280404940000001	0.0088076158	-0.07799517339999999	-0.0259951375	0.07226671650000001	-0.017367299999999995	-0.0211482	-0.033609	-0.0012672	0.000335399	-0.000350376
0.05882620000000001	-0.0495502241	-0.0532173666	-0.0906494756	0.0911042285	0.0021558324	-0.0514803827	0.0080097493	-0.078330892	-0.0237075627	0.07357980480000001	-0.0116645	-0.00903445	-0.015452100000000003	-0.0009908480000000001	0.000486338	-0.000320612
0.07784869999999999	0.0031999863000000003	-0.0614099025	-0.0082262468	0.0111454262	-0.0551749264	-0.0217360044	0.0072110759	-0.0786350467	-0.0213984944	0.0747743077	-0.01163	-0.0211305	-0.0441965	-0.00129105	0.000774794	-0.000471429
0.0473152	-0.0359454019	-0.0927517399	0.0208602226	0.0239347259	-0.0195352682	0.0427148893	0.006411676	-0.07890751509999999	-0.019070026	0.07584830000000001	-0.0194117	-0.0211203	-0.028120599999999996	-0.00135845	0.000431471	-0.000413204
0.04216675	0.0067154351	-0.0366882554	0.08686721630000001	0.0314034829	0.013381524	-0.0380657712	0.0056116301	-0.0791481873	-0.016724268400000002	0.0768000508	-0.011656200000000002	-0.021146	-0.022389199999999998	-0.00102096	0.000614464	-0.000360604
0.040983369999999984	-0.0565466425	0.0055844586	0.0570733677	-0.0031878147	-0.0326744107	-0.0128292641	0.004811019000000001	-0.07935696639999999	-0.0143633485	0.0776280263	-0.00945258	-0.021111599999999998	-0.0320726	-0.0014145300000000006	0.000486338	-0.000301061
0.03307167	0.0007877036	0.0922716415	0.0780743515	0.0597740934	0.0125492506	-0.0258217269	0.0040099232	-0.0795337681	-0.0119894067	0.078330892	-0.0116522	-0.0268003	-0.0264021	-0.00124366	0.000702394	-0.00029773
0.04322194	0.0420086126	0.12834672560000002	-0.0627299159	0.0125636925	-0.0469418627	-0.0013101243	0.0032084234000000003	-0.0796785214	-0.0096045951	0.07890751509999999	-0.00589001	-0.0211351	-0.035563199999999996	-0.00117005	0.00103879	-0.00034039300000000003
0.02910964	-0.0203604857	0.0065108025	-0.1331464073	-0.0553006322	-0.0279410029	0.0590638632	0.0024066004	-0.0797911678	-0.0072110759	0.07935696639999999	-0.0116104	-0.0252759	-0.0423149	-0.00138642	0.00106284	-0.000349908
0.0726446	-0.0309851642	-0.0799577899	-0.046038621	0.0254337529	-0.0177692576	0.0439752366	0.001604535	-0.0798716619	-0.004811019000000001	0.0796785214	-0.00555284	-0.0210999	-0.008758409999999998	-0.00135601	0.000560258	-0.00030580900000000004
0.09515553	0.0752338043	-0.0789336947	0.0116895849	0.0800349394	-0.0431431487	-0.016029352099999998	0.0008023078999999999	-0.0799199714	-0.0024066004	0.0798716619	-0.00909793	-0.0371493	-0.036925599999999996	-0.00107604	0.00112077	-0.000413204
0.021865870000000016	0.0358072864	-0.0696821577	0.0498839826	-0.064190243	-0.0681344149	-0.0017813012	0.0	-0.0799360767	-0.0	0.0799360767	-0.0116145	-0.0341189	-0.034242199999999993	-0.0013293100000000006	0.00110133	-0.000413204
0.055983249999999984	-0.0210697286	-0.0690451398	0.090773828	-0.044438250599999986	0.0829104284	0.0033314364000000003	-0.0008023078999999999	-0.0799199714	0.0024066004	0.0798716619	-0.0116597	-0.021103	-0.0250283	-0.001437	0.000659638	-0.00028842099999999997
0.05380925	0.0204984102	0.0346739583	0.0647905914	0.0277545224	0.0495947394	-0.0711148225	-0.001604535	-0.0798716619	0.004811019000000001	0.0796785214	-0.0116294	-0.0330311	-0.032998400000000004	-0.00113508	0.00091055	-0.000413204
0.0281161	0.067148782	0.1328552888	-0.0238234311	-0.0300573929	-0.0174660609	-0.0078376519	-0.0024066004	-0.0797911678	0.0072110759	0.07935696639999999	-0.011615700000000001	-0.021118599999999998	-0.033925800000000006	-0.00126744	0.00108344	-0.000413204
0.04222415	-0.0404299212	0.039760844	-0.1314946295	-0.0760778047	-0.0370529069	0.0245269526	-0.0032084234000000003	-0.0796785214	0.0096045951	0.07890751509999999	-0.0150438	-0.0285135	-0.035793	-0.00162585	0.0008511709999999999	-0.000413204
0.05093930000000002	-0.0702547138	-0.0751093637	-0.0435344407	0.0320934277	-0.0448838804	0.011857138400000002	-0.0040099232	-0.0795337681	0.0119894067	0.078330892	-0.0116682	-0.0210762	-0.018373900000000002	-0.00152766	0.000613632	-0.000294787
0.07233624999999999	0.0548233508	-0.0715191947	0.0170962369	0.0902357695	0.0107564406	-0.0091795317	-0.004811019000000001	-0.07935696639999999	0.0143633485	0.0776280263	-0.011644499999999999	-0.0398827	-0.0161486	-0.00105117	0.00110083	-0.000356714
0.024275200000000014	0.0792373692	-0.0136746031	0.0463242359	0.0207820576	-0.01670275	0.0057159749	-0.0056116301	-0.0791481873	0.016724268400000002	0.0768000508	-0.011625299999999998	-0.042769	-0.0203428	-0.00111049	0.00132853	-0.000413204
0.0852625	-0.0341214403	-0.0606481968	0.0616879449	-0.08081537230000001	-0.0180822913	-0.0191312947	-0.006411676	-0.07890751509999999	0.019070026	0.07584830000000001	-0.0152595	-0.0331679	-0.0384945	-0.00196568	0.00110621	-0.000413204
0.06515220000000001	-0.0753591151	0.0567692128	0.06626127679999999	-0.0144852782	0.08031150299999999	0.0025940861	-0.0072110759	-0.0786350467	0.0213984944	0.0747743077	-0.011664399999999998	-0.028771299999999996	-0.0206441	-0.00179935	0.000486338	-0.000413204
0.06585803	0.0003395918	0.0690243683	-0.0568905934	0.0425558621	0.0396611557	-0.0388632309	-0.0080097493	-0.078330892	0.0237075627	0.07357980480000001	-0.00719087	-0.025623700000000003	-0.0364176	-0.00147568	0.000931495	-0.000332763
0.04111363	0.0304517935	-0.009739512	-0.08548212779999999	0.011717926399999998	-0.043795245	0.0125559888	-0.0088076158	-0.07799517339999999	0.0259951375	0.07226671650000001	-0.0116041	-0.033474800000000006	-0.0351286	-0.00125954	0.00118612	-0.000413204
0.05118325	-0.0314033033	-0.0849060532	-0.0182049331	-0.0565699317	-0.0189816038	0.0307774077	-0.0096045951	-0.0776280263	0.0282591448	0.07083715900000001	-0.011665	-0.031103199999999998	-0.038537699999999994	-0.00190079	0.0009205369999999999	-0.000413204
0.03448545	-0.0177459255	-0.0547452298	0.0518566441	0.021100723	0.000550164	0.0103500639	-0.0104006067	-0.0772295986	0.0304975321	0.0692934363	-0.011658000000000005	-0.0326173	-0.0201415	-0.00193712	0.0006655039999999999	-0.000413204
0.0831084	0.0438625456	0.032635973	0.0664676111	0.04210083480000002	0.0022823581	-0.0248566946	-0.0111955706	-0.0768000508	0.03270827	0.0676380363	-0.011593000000000001	-0.0399568	-0.0384676	-0.00129577	0.00117171	-0.000413204
0.02819690000000001	-0.0064976887	0.0140457871	0.0568733462	-0.0625228144	-0.0437749905	0.0194239433	-0.0119894067	-0.0763395561	0.0348893543	0.065873627	-0.0116054	-0.0399155	-0.0385005	-0.00163254	0.000946274	-0.000413204
0.05657665000000001	-0.0609586686	0.087159296	0.0426246925	-0.0341961313	0.049280554	-0.002658723	-0.0127820349	-0.07584830000000001	0.037038807400000005	0.06400305190000001	-0.0116536	-0.0315786	-0.0223262	-0.00188149	0.000630382	-0.000337701
0.06085055000000001	0.014239923	0.0621056639	-0.0681873669	0.0147018672	0.0272645551	-0.0791243749	-0.0135733754	-0.0753264804	0.0391546809	0.0620293259	-0.0115728	-0.0336577	-0.0384883	-0.0015692	0.00109316	-0.000413204
0.014097700000000001	0.0005573015	0.0370540329	-0.098700597	-0.0532535182	0.0136577123	-0.0657365226	-0.0143633485	-0.0747743077	0.0412350562	0.059955629800000014	-0.0140218	-0.0312764	-0.0428037	-0.00157749	0.00111114	-0.00034043400000000003
0.04861725000000002	-0.0339269087	-0.0526000844	-0.0816788249	-0.0094936104	0.0708941071	-0.0890500811	-0.0151518747	-0.0741920043	0.0432780475	0.0577853059	-0.017559499999999995	-0.0198125	-0.0385289	-0.00175436	0.00071251	-0.000329117
0.07035145000000001	0.0287040535	-0.0866940708	-0.0332006229	0.0657517254	-0.0798508082	-0.1140183226	-0.0159388744	-0.07357980480000001	0.0452818024	0.0555218517	-0.011571399999999999	-0.028552099999999997	-0.0465348	-0.00138152	0.00120794	-0.000413204
0.06198730000000001	0.0120906496	-0.0070755287	0.0060119514	0.0120067975	-0.1543285822	-0.0245328569	-0.016724268400000002	-0.072937956	0.0472445043	0.0531689154	-0.017828999999999998	-0.0324004	-0.018803599999999997	-0.0013595800000000006	0.000746876	-0.000413204
0.0711305	-0.0610135024	-0.0067186497	0.0681989432	-0.016828163	-0.0457965241	0.0232877956	-0.0175079777	-0.07226671650000001	0.0491643739	0.0507302891	-0.0116463	-0.015500100000000001	-0.024700299999999998	-0.00189468	0.0008669959999999998	-0.000225408
0.03778595	-0.0231381136	0.0615017664	0.0573324613	0.0368669828	0.037460804900000005	0.0437135778	-0.0182899231	-0.0715663568	0.0510396705	0.0482099028	-0.0116709	-0.0190363	-0.0140916	-0.00186777	0.000486338	-0.000290169
0.06267764999999999	0.0329558016	0.1069650258	0.021586897200000003	0.0396877558	-0.0575569204	0.019632742	-0.019070026	-0.07083715900000001	0.052868694	0.0456118188	-0.0116211	-0.0212192	-0.0246392	-0.00162194	0.0011154200000000002	-0.000413204
0.04420645	0.0065171771	0.08827501189999999	0.018949588	-0.1036813455	-0.0650934954	0.1139149526	-0.0198482077	-0.0700794171	0.0546497862	0.0429402241	-0.011639100000000001	-0.0204268	-0.033163	-0.00205758	0.000927317	-0.000339502
0.04083355	-0.0333742346	0.0669925324	-0.0297215975	-0.0497318111	0.0422334934	0.0478943387	-0.0206243899	-0.0692934363	0.05638133240000001	0.0401994245	-0.0116649	-0.026294099999999997	-0.018326099999999998	-0.00221251	0.0007378589999999999	-0.000281819
0.07363489999999999	0.0301518951	0.0609489539	-0.0930243087	0.0227407483	0.0757283864	-0.016906528799999997	-0.0213984944	-0.0684795334	0.0580617626	0.0373938371	-0.0157147	-0.0399237	-0.017617400000000002	-0.00150592	0.00100482	-0.000413204
0.0208483	0.0502624685	0.033559194900000006	-0.1083358883	-0.019144938	-0.007099869399999998	0.016523794799999998	-0.0221704431	-0.0676380363	0.0596895534	0.0345279838	-0.0197261	-0.0399233	-0.0299803	-0.00143242	0.000988848	-0.000413204
0.06374495000000001	-0.0553270141	-0.0183183128	-0.0897728181	-0.0563292783	0.046596009	0.0297226536	-0.0229401584	-0.0667692842	0.0612632291	0.0316064831	-0.020272099999999998	-0.0295921	-0.0372862	-0.00197386	0.000619051	-0.000413204
0.069624605	-0.016864606299999998	-0.0650103787	-0.0629387386	0.0700829465	0.0345494425	0.06192553980000001	-0.0237075627	-0.065873627	0.0627813628	0.0286340436	-0.0155357	-0.0398889	-0.000623895	-0.00164159	0.000645363	-0.000413204
0.069450055	0.08131167	-0.0251824566	-0.042156644400000005	0.0475437242	-0.07300427940000001	0.0608723045	-0.0244725786	-0.06495142570000001	0.0642425783	0.0256154559	-0.018611799999999998	-0.0460487	-0.015474700000000001	-0.00128084	0.00119188	-0.000413204
0.06783609999999997	0.0294861607	-0.059698493	-0.001763741	-0.051207277300000006	-0.0761265054	0.0910931797	-0.0252351292	-0.06400305190000001	0.06564555080000001	0.0225555848	-0.024090900000000002	-0.042757800000000006	-0.026803800000000003	-0.00180851	0.00086852	-0.000309494
0.042317900000000006	-0.0168037383	-0.0712346691	0.0532101072	0.015023121	0.0431442515	0.08568399730000001	-0.0259951375	-0.0630288878	0.0669890084	0.0194593619	-0.0205764	-0.039878	-0.017947399999999995	-0.00207457	0.000696946	-0.000413204
0.082369259	0.0429960808	-0.0144312919	0.0642572552	0.0720963065	-0.0173811184	0.0169766909	-0.026752527	-0.0620293259	0.068271733	0.0163317771	-0.019049400000000005	-0.058504499999999994	-0.000586341	-0.00150266	0.00102213	-0.000413204
0.038001858999999985	0.0564736682	-0.0130661279	0.0506359362	-0.0199686015	-0.0586293233	0.067008098	-0.0275072215	-0.061004769	0.06949256179999999	0.0131778711	-0.026007799999999998	-0.058511699999999986	-0.013497899999999998	-0.00167074	0.000928682	-0.000312238
0.0720049	-0.001029881	-0.053143136	0.0825157541	-0.0500420695	0.0388473994	0.08787657509999999	-0.0282591448	-0.059955629800000014	0.0706503878	0.0100027269	-0.023731099999999998	-0.039157800000000006	-0.0163006	-0.00237524	0.000782716	-0.000413204
0.06625909999999999	0.0375162263	0.0135750569	0.0485944392	0.038571164500000005	0.0505852238	0.0104159272	-0.0290082213	-0.0588823313	0.0717441615	0.0068114617	-0.0237591	-0.05852200000000001	-0.012827600000000002	-0.0016680899999999995	0.000943444	-0.000413204
0.0227626	0.0551737574	0.033670345	0.0224389898	-0.0473658558	-0.0693797142	0.0545641325	-0.0297543755	-0.0577853059	0.0727728912	0.0036092188	-0.02364	-0.055602099999999995	-0.015760800000000002	-0.00154448	0.00103504	-0.000292602
0.07364035	-0.0308964803	0.0790545431	0.0562973365	-0.0933276332	0.024320279500000003	0.0983904279	-0.0304975321	-0.0566649955	0.0737356442	0.000401159	-0.028354400000000005	-0.0429623	-0.018769400000000002	-0.00227855	0.000824161	-0.000413204
0.0564249	0.0161461897	0.0680674293	-0.0111108803	0.0221539938	0.0603293274	-0.0170759511	-0.0312376164	-0.0555218517	0.0746315476	-0.0028075473	-0.0176172	-0.041023000000000004	-0.0072813	-0.00194501	0.000994796	-0.000272173
0.02645655	-0.0148380445	0.0642838717	-0.0515420025	-0.0302725346	0.0217841958	0.08585714529999999	-0.0319745538	-0.0543563352	0.0754597894	-0.0060117288	-0.0191821	-0.041642	-0.0135043	-0.00217818	0.0009424539999999999	-0.00019669200000000002
0.031492087000000016	-0.0424774395	0.0141972555	-0.0536815567	-0.00226312	0.1556816149	0.0732083435	-0.03270827	-0.0531689154	0.0762196185	-0.0092062214	-0.011691799999999999	-0.0407598	-0.0006919130000000001	-0.00208663	0.0008516529999999999	-0.000220485
0.031821897	-0.0005639072000000001	0.0051449273	-0.0521433479	-1.29519e-05	0.0612902593	-0.0303802585	-0.0334386912	-0.051960071	0.07691034599999999	-0.0123858767	-0.011680500000000005	-0.0436949	-0.008397359999999998	-0.00182865	0.00101642	-0.00022113900000000005
0.04271672399999999	-0.0557579629	-0.0162659954	-0.0638348753	-0.0180177712	0.0573953591	0.0176521208	-0.0341657437	-0.0507302891	0.07753134589999999	-0.0155455703	-0.0116775	-0.0312603	-0.0007193360000000001	-0.00219151	0.000934099	-0.000214298
0.042803444	0.016889318799999997	-0.0293123637	-0.0511122401	0.06167319650000001	0.0046789816	0.0145320485	-0.0348893543	-0.0494800651	0.078082055	-0.0186802098	-0.0116758	-0.04094880000000002	-0.00975913	-0.00199308	0.00118972	-0.00024171599999999997
0.034830514	-0.0188909882	-0.0228102678	-0.0466450803	-0.0240225013	-0.0208553894	0.1206971981	-0.035609450099999995	-0.0482099028	0.0785619741	-0.0217847431	-0.0116923	-0.0310057	-0.0007315160000000001	-0.00213257	0.00103912	-0.00021494
0.02330576400000001	-0.0124254267	-0.0786338709	-0.0189167329	0.0199168292	0.090471022	0.1212428823	-0.0363259585	-0.0469203142	0.0789706681	-0.0248541669	-0.00301038	-0.028048700000000003	-0.00531771	-0.00211328	0.00109774	-0.000151237
0.02771437999999999	-0.0036597435	-0.08617105650000001	0.0227572604	-0.0060861806	0.0382890211	0.0590669207	-0.037038807400000005	-0.0456118188	0.0793077664	-0.0278835343	-0.00764567	-0.0306373	-0.016487799999999997	-0.00203053	0.00115961	-0.000193025
0.02319387	-0.0156084451	-0.0830017027	0.0231127024	0.007328054	0.081108844	0.0130926747	-0.037747925	-0.0442849438	0.0795729635	-0.030867963	-0.00583775	-0.0259981	-0.0142285	-0.00215124	0.00103039	-0.000232844
0.04947809	0.0293671957	-0.0530632756	0.0264948829	0.0572632179	-0.0044878148	-0.0735697233	-0.038453239900000005	-0.0429402241	0.0797660189	-0.0338026431	-0.00663944	-0.038472900000000004	-0.012835299999999996	-0.00172773	0.00128097	-0.000254922
0.01711742999999999	0.0458623893	-0.016460433	0.0131502681	0.06110188	-0.0646225208	-0.0714381025	-0.0391546809	-0.0415782013	0.0798867576	-0.0366828449	-0.00751117	-0.0345172	-0.010367	-0.00166875	0.00141224	-0.000261106
0.06173408	0.0206754074	-0.0218171902	0.0484876141	-0.034279254700000004	-0.0882332193	-0.0157680444	-0.0398521774	-0.0401994245	0.07993507009999999	-0.0395039266	-0.0116497	-0.0260015	-0.031924	-0.0020285999999999998	0.00130051	-0.000182229
0.05847547500000003	-0.0699588716	0.0076599077	0.07794963690000001	-0.0128088498	-0.0373041959	0.0312085127	-0.0405456591	-0.038804449	0.0799109126	-0.0422613414	-0.00529622	-0.0286413	-0.0102856	-0.00199493	0.0008883969999999998	-7.11361e-05
0.040680692000000004	-0.006282399399999999	0.0773653398	0.0496581938	0.0557335799	0.005845807099999999	0.0010587581	-0.0412350562	-0.0373938371	0.0798143071	-0.0449506455	-0.00815767	-0.033071300000000005	-0.000644103	-0.00164125	0.000828563	-0.00013257700000000001
0.03635799000000002	-0.0076764665	0.1273021568	0.0450704889	-0.0110030902	-0.0282579105	0.0221198637	-0.0419202993	-0.0359681572	0.079645341	-0.0475675045	-0.0117036	-0.0308279	-0.000703913	-0.00209207	0.0009662469999999999	-0.00015425
0.04221036300000002	-0.0434876467	0.055623331100000006	-0.0349849972	-0.0275270302	0.0968712017	0.05481284610000002	-0.0426013192	-0.0345279838	0.0794041677	-0.050107701	-0.0066729	-0.028647500000000006	0.0120406	-0.00179185	0.000844342	-0.00017722
0.05756130900000001	0.0379150708	-0.0039016724	-0.0680727958	0.0422881652	0.1326655668	-0.0758883441	-0.0432780475	-0.0330738971	0.07909100570000001	-0.052567141100000006	-0.0117048	-0.0362834	-0.0005890590000000001	-0.0014044900000000006	0.00109328	-0.000186199
0.025048706	0.0555697101	0.0068602119	-0.0553204918	-0.0448797297	0.0378529454	-0.0927511149	-0.0439504158	-0.0316064831	0.0787061389	-0.0549418609	-0.017531	-0.0358165	-0.014315600000000001	-0.0014044900000000006	0.00109777	-9.01077e-05
0.03978506500000002	-0.06266829089999999	-0.0468224843	-0.057516066	-0.0580555401	0.0441795473	-0.1325483207	-0.044618356500000005	-0.0301263332	0.0782499164	-0.0572280333	-0.0156933	-0.0319094	-0.012028200000000001	-0.00172298	0.000834538	-0.000143443
0.031761801	-0.0439172734	-0.0865793863	-0.0335211202	0.0784427788	-0.0392639085	-0.0748626587	-0.0452818024	-0.0286340436	0.0777227516	-0.0594219737	-0.008604439999999998	-0.0367483	-0.000662009	-0.00175435	0.0007953959999999998	-0.00024228799999999998
0.08252060099999999	0.0663291422	-0.020435986	-0.0027148597	0.0754625481	-0.1378548041	-0.0851769302	-0.0459406864	-0.0271302159	0.0771251226	-0.0615201462	-0.011720200000000002	-0.053248500000000004	-0.012973599999999998	-0.00128895	0.00120175	-0.000102181
0.0447231	0.007638800699999998	-0.029425626200000006	0.054482627	-0.0562437422	-0.0841119082	-0.0282481388	-0.046594942400000006	-0.0256154559	0.07645757110000001	-0.0635191694	-0.0117104	-0.0481353	-0.0114125	-0.00190964	0.0011145800000000002	-0.000155101
0.050268151	-0.0569394325	-0.0247779453	0.1118426667	-0.0169326117	0.0268880153	-0.1046472774	-0.0472445043	-0.024090374	0.0757207024	-0.06541582139999999	-0.0117255	-0.0359404	-0.0006879989999999999	-0.00190964	0.000657424	-6.5584e-05
0.06894160099999999	0.023804944900000003	0.0121642901	0.0649070671	0.0569820378	0.0205332446	-0.0915304361	-0.0478893067	-0.0225555848	0.0749151845	-0.06720704549999999	-0.0116803	-0.0481459	-0.0110867	-0.00143829	0.000922792	-0.00025471
0.05545089999999999	0.0166622827	0.0953517128	0.0472394525	-0.0574585625	-0.1051270808	-0.0335097711	-0.0485292848	-0.0210117067	0.0740417477	-0.06888995490000001	-0.016238700000000002	-0.0412153	-0.025310299999999997	-0.00197621	0.000885096	-0.00027386
0.024270350000000017	-0.0287143921	0.0969132918	-0.0368736618	-0.0099229226	0.0420684291	0.0031100251	-0.0491643739	-0.0194593619	0.07310118389999999	-0.07046183730000001	-0.0116738	-0.032811	-0.023827599999999997	-0.0020155999999999998	0.0007921569999999999	-0.00020982
0.07246430000000001	0.0212672146	-0.0019167763	-0.0985212976	0.023705252000000003	-0.025169215	-0.0459074443	-0.0497945101	-0.0178991758	0.0720943458	-0.0719201593	-0.0144086	-0.0481475	-0.0111932	-0.00150273	0.00100789	-0.00031638900000000004
0.054408249999999984	-0.0332206248	-0.0182275819	-0.0687416954	-0.0393420726	-0.0148705846	0.0578124114	-0.05041963	-0.0163317771	0.0710221462	-0.0732625707	-0.0164085	-0.041693	-0.0141667	-0.00201909	0.000738919	-0.000242113
0.034080953	-0.0482261042	-0.098888698	0.011286866299999998	0.0312434483	0.0685569016	-0.0323479734	-0.0510396705	-0.0147577975	0.0698855571	-0.0744869079	-0.0174395	-0.048135199999999996	-0.000647047	-0.00181334	0.000728783	-0.000287989
0.04778305300000001	0.0383339217	-0.0400253133	0.026277456	0.0759599022	-0.0199276421	-0.1021247851	-0.0516545692	-0.0131778711	0.0686856091	-0.07559119780000001	-0.0193657	-0.048152099999999996	-0.010899500000000001	-0.00144002	0.00102282	-0.000332382
0.0353891	0.0263090121	-0.0395467633	0.0409721693	-0.0062761063	-0.089348101	-0.0883013458	-0.0522642642	-0.0115926346	0.06742339	-0.0765736605	-0.0194916	-0.0481615	-0.0221991	-0.00159684	0.00129235	-0.000279648
0.09424610000000004	-0.0473669316	-0.0335345492	0.0681955795	-0.0422416533	-0.000754809	-0.0648122767	-0.052868694	-0.0100027269	0.0661000441	-0.0774327128	-0.017223599999999995	-0.0347556	-0.0288269	-0.00253348	0.0008794810000000001	-0.00019026900000000002
0.05380945	0.0145161278	0.0731401731	0.08433521039999999	0.0451609413	-0.0407099718	-0.1259327769	-0.0534677978	-0.0084087885	0.0647167712	-0.07816697	-0.00690995	-0.0411111	-0.0275241	-0.00197842	0.000996954	-0.00023448599999999998
0.03130815000000002	-0.0073929656000000015	0.1490083842	-0.0301531194	-0.0343994025	-0.130113079	-0.0332685558	-0.0540615151	-0.0068114617	0.0632748254	-0.0787752489	-0.0116185	-0.029328800000000002	-0.0306663	-0.00207206	0.00110856	-0.00020623
0.05275538	-0.04459692	-0.0023688173	-0.112927539	-0.0205578194	-0.0325012103	0.026443453	-0.0546497862	-0.0052113902	0.061775514	-0.079256569	-0.00548202	-0.03337419999999998	-0.017108	-0.00224894	0.0007090110000000001	-0.000202355
0.049380380000000015	0.0295817124	-0.0368362842	-0.0345247548	0.0495834234	-0.047679078	0.0397701436	-0.0552325519	-0.0036092188	0.0602201963	-0.0796101548	-0.005901699999999999	-0.0350589	-0.014766999999999999	-0.00193583	0.00123075	-0.000266206
0.02413825	0.0406521876	-0.0429734073	-0.0241292066	-0.0384326554	-0.06723430030000001	0.0365070333	-0.0558097533	-0.002005593	0.0586102822	-0.0798354362	-0.011631299999999999	-0.027702299999999996	-0.011905299999999999	-0.00192239	0.00133577	-0.000220859
0.06658177000000001	-0.0550114871	-0.06939139849999999	0.0435811121	-0.0393479858	-0.0212063514	-0.0116827331	-0.05638133240000001	-0.000401159	0.0569472315	-0.0799320503	-0.00664488	-0.015876499999999998	-0.0340147	-0.00214654	0.00109668	-0.000130896
0.032592570000000015	0.02732013	-0.0670429624	0.0454121142	0.0726952971	0.0736789402	-0.1164084123	-0.0569472315	0.0012034366	0.0552325519	-0.0798998413	-0.0116612	-0.021276	-0.0222868	-0.00211277	0.00111903	-0.000283753
0.03911089	0.0481797192	-0.0098026359	0.0638212566	0.0253370936	-0.10179743210000004	-0.1093836385	-0.0575073938	0.0028075473	0.0534677978	-0.0797388611	-0.00723706	-0.030419799999999997	-0.0215644	-0.00190346	0.00131945	-0.000197072
0.06762109000000001	-0.0588438082	-0.004896811	0.0654657235	-0.026032242200000003	-0.07158363849999999	-0.004197869	-0.0580617626	0.0044105266	0.0516545692	-0.0794493692	-0.011659399999999999	-0.0126103	-0.026882	-0.00234269	0.00102932	-0.000124999
0.03284102000000001	-0.0140118193	0.0068433941000000005	0.0754131379	0.0302765186	0.0827762646	0.0333527593	-0.0586102822	0.0060117288	0.0497945101	-0.0790318321	0.00155447	-0.0188518	-0.0244016	-0.00227111	0.000967952	-0.000210156
0.04050412199999999	0.0726506955	0.0506769207	0.0438329941	0.011915496	-0.0157226515	-0.0539131023	-0.0591528974	0.007610508399999999	0.0478893067	-0.0784869228	0.000612198	-0.023168099999999997	-0.026843000000000002	-0.00206657	0.00126198	-5.264100000000001e-05
0.060006797999999986	-0.014146028400000003	0.0687784116	0.0233861945	-0.0623533994	-0.0808972275	0.0414476234	-0.0596895534	0.0092062214	0.0459406864	-0.0778155195	-0.0116403	-0.0201112	-0.0296142	-0.00247213	0.000962458	-0.000186083
0.05289761	-0.0277961694	0.0361344459	0.0386704235	0.0190083164	0.0910385283	-0.0006828314999999999	-0.0602201963	0.0107982247	0.0439504158	-0.0770187042	-0.00725549	-0.0192565	-0.0083411	-0.00212204	0.00084977	-0.000251005
0.03824861	0.0059960208	0.1081169469	0.0035694056	-0.0147630234	0.0096736727	0.0153896685	-0.0607447724	0.0123858767	0.0419202993	-0.0760977612	-0.0116363	-0.0148375	-0.0268554	-0.00219237	0.000996823	-0.00024969799999999997
0.031144110000000013	-0.0737177053	0.0644510567	-0.1123432444	0.0028556055	0.0413790031	0.073293989	-0.0612632291	0.0139685379	0.0398521774	-0.0750541746	-0.00194964	-0.0169814	-0.0195141	-0.00222482	0.0009104470000000002	-0.000129079
0.04043279	0.0033871175	-0.0139818333	-0.076245685	0.0396829243	-0.0180571209	0.0282846264	-0.061775514	0.0155455703	0.037747925	-0.07388962639999999	-0.00584678	-0.0314025	-0.0197359	-0.00210581	0.00114388	-0.00021449099999999998
0.02614119999999999	-0.0127042855	-0.031658736	-0.0668068533	-0.0162637852	0.0120895767	0.1338797986	-0.062281575599999986	0.0171163386	0.035609450099999995	-0.0726059935	-0.00572826	-0.0213144	-0.00752742	-0.00212505	0.00113923	-0.000163859
0.05081465999999999	0.0540342485	-0.07466704269999999	-0.028375501	0.0522424549	0.0571509593	0.0268656983	-0.0627813628	0.0186802098	0.0334386912	-0.0712053446	-0.008747619999999998	-0.0314147	-0.00554827	-0.00175967	0.0013877500000000005	-0.000264276
0.04867245999999999	0.0705785553	-0.0428120054	-0.0023214811	-0.0285882624	-0.0591912287	-0.0227834614	-0.0632748254	0.0202365536	0.0312376164	-0.06968993700000001	-0.013676599999999999	-0.030212400000000007	-0.017262099999999996	-0.00222136	0.00149931	-0.00022097900000000005
0.031887350000000016	-0.0105776776	-0.0533395703	0.039484433	-0.0320979977	0.0026402258	0.0595525676	-0.0637619136	0.0217847431	0.0290082213	-0.0680622132	-0.0116746	-0.0301914	-0.0172594	-0.00230647	0.00101098	-0.000197186
0.031959800000000003	0.0244858302	-0.0090112771	0.070998605	0.0079361566	0.0320061045	-0.0035193764	-0.0642425783	0.0233241543	0.026752527	-0.0663247964	-0.011688200000000001	-0.03508	-0.0171863	-0.00188244	0.00111528	-0.000208546
0.02000735	0.0382909888	0.0606852573	0.053631541100000006	-0.0631935142	-0.0441240015	0.026576103700000003	-0.0647167712	0.0248541669	0.0244725786	-0.0644804868	-0.011667	-0.0364977	-0.013018900000000005	-0.0021190000000000002	0.00115724	-0.000199045
0.02588822	-0.0187248157	0.0721600531	0.0092258602	-0.07118664849999999	0.0789351434	0.0450653995	-0.0651844444	0.0263741644	0.0221704431	-0.0625322567	-0.0116861	-0.0266767	-0.00841973	-0.0021190000000000002	0.0009538960000000001	-0.00017341
0.009540739999999995	-0.0090246222	0.0193442846	-0.0576453525	-0.0399666191	0.1057387263	0.0170075954	-0.06564555080000001	0.0278835343	0.0198482077	-0.060483246	-0.0116668	-0.0266785	-0.00877342	-0.00211352	0.00111058	-0.000152255
0.02184063	-0.030563899	-0.0519981589	-0.0638547006	-0.0257194705	0.1130576214	0.033418943	-0.0661000441	0.0293816684	0.0175079777	-0.058336757	-0.0116561	-0.0266868	-0.0123991	-0.00220501	0.0009197589999999999	-0.00023386299999999998
0.022970104999999987	-0.0403330491	-0.0470547919	-0.0369771022	0.007755571700000002	0.07356174389999999	-0.0429303373	-0.0665478783	0.030867963	0.0151518747	-0.0560962492	-0.0116911	-0.028854	-0.017248199999999998	-0.00214574	0.0008098469999999999	-8.466889999999999e-05
0.031844305	-0.0575419731	-0.0732037027	-0.0313437499	0.0239847783	0.0613552042	-0.0475308747	-0.0669890084	0.0323418192	0.0127820349	-0.0537653335	-0.0116749	-0.0266916	-0.017194499999999998	-0.00185356	0.00100454	-0.00019003599999999998
0.0094068	0.0027371571	-0.06499044150000001	-0.0045953755	0.0981138835	-0.0446499797	-0.0904529852	-0.06742339	0.0338026431	0.0104006067	-0.0513477665	-0.0116446	-0.0266938	-0.0171913	-0.00185356	0.0008949869999999998	-0.000267905
0.028887919999999994	0.0131722916	0.0424266924	0.0408688221	0.030474094	-0.1238530105	0.0078743938	-0.0678509792	0.0352498461	0.0080097493	-0.0488474444	-0.0163037	-0.0357733	-0.007780879999999999	-0.00191019	0.0008926569999999998	-0.00021208700000000002
0.04946611	-0.0243154909	0.0197638969	0.0527069141	-0.0300293881	0.0232935069	0.07834333	-0.068271733	0.0366828449	0.0056116301	-0.046268397	-0.011679700000000001	-0.0331601	-0.017246	-0.00228168	0.0007524129999999997	-6.85452e-05
0.06956416	0.0361950955	0.0805944484	0.041029935	0.0366273926	-0.0256234194	-0.0540848122	-0.0686856091	0.0381010623	0.0032084234000000003	-0.0436147809	-0.011667799999999999	-0.0484075	-0.00946773	-0.00166756	0.000929248	-0.000208122
0.06739387	-0.0032801416	0.1139279607	0.0191179857	-0.0696609564	-0.0359424337	0.0219311717	-0.0690925657	0.0395039266	0.0008023078999999999	-0.0408908726	-0.01705	-0.0309315	-0.017246400000000002	-0.00228168	0.000816801	-0.000199549
0.057871255	-0.0284028682	0.0369232885	-0.0986473365	-0.0302818404	0.1398737008	0.0158183204	-0.06949256179999999	0.0408908726	-0.001604535	-0.0381010623	-0.0117039	-0.0371449	-0.00281899	-0.00187292	0.00070022	-8.720309999999999e-05
0.05397020499999999	0.0367994429	-0.0391001068	-0.09097456539999996	0.0034635891	0.0087690853	-0.0981247465	-0.0698855571	0.0422613414	-0.0040099232	-0.0352498461	-0.0116771	-0.0454096	-0.0126163	-0.00141795	0.0009074160000000001	-0.000142665
0.0624089	-0.0187524973	-0.0542179788	-0.0597763982	-0.0387771002	0.0068694703000000005	0.0233619034	-0.0702715121	0.0436147809	-0.006411676	-0.0323418192	-0.011729700000000001	-0.026682499999999998	-0.0171835	-0.00193779	0.000663034	-0.00015968299999999998
0.01220660000000001	-0.0087321812	-0.1109413306	0.005883135699999999	0.0200180684	0.0255870042	-0.0056142011	-0.0706503878	0.0449506455	-0.0088076158	-0.0293816684	-0.0117304	-0.0327479	-0.0171887	-0.00194841	0.0007659189999999999	-0.00015048200000000001
0.08832117	0.040496805	0.001497366	0.0386415707	0.0819174745	-0.0680213013	-0.0608697916	-0.0710221462	0.046268397	-0.0111955706	-0.0263741644	-0.00665504	-0.04911359999999999	0.00912906	-0.00145762	0.00107871	-0.00014281600000000004
0.05933527	0.0391079306	-0.0093176597	0.031203886200000006	-0.001181045	-0.0465720005	-0.0068839026	-0.0713867496	0.0475675045	-0.0135733754	-0.0233241543	-0.011706600000000001	-0.045286099999999996	-0.0223447	-0.00175277	0.00100923	-0.000157835
0.027861500000000008	-0.0334709784	0.035305440099999995	0.0678428995	-0.0722915003	0.0186743321	-0.0012952793	-0.0717441615	0.0488474444	-0.0159388744	-0.0202365536	-0.011712100000000001	-0.0430588	-0.024831799999999998	-0.00194494	0.0007709159999999999	-0.000190183
0.026156275	-0.0218237699	0.0788017749	-0.0518495884	0.0211327645	0.0621987305	0.0011769608	-0.0720943458	0.050107701	-0.0182899231	-0.0171163386	-0.00445054	-0.042968	-0.0247707	-0.001719	0.0007507289999999999	-6.14537e-05
0.04533440500000002	0.0282740083	-0.0174270356	-0.1006337658	0.044781971	-0.08240077009999999	0.032206681800000005	-0.0724372672	0.0513477665	-0.0206243899	-0.0139685379	-0.00851873	-0.0425173	-0.0183491	-0.00151534	0.00109562	-0.00020078099999999997
0.08021509499999999	0.0007178489	-0.0473999429	-0.0310483287	-0.035159246400000004	-0.06630500809999999	0.095831228	-0.0727728912	0.052567141100000006	-0.0229401584	-0.0107982247	-0.0117113	-0.0341346	-0.035694800000000006	-0.00222839	0.000883717	-9.98515e-05
0.028682574999999988	0.0085387087	-0.0782748305	-0.0034793406	0.0183774788	0.0777309938	0.0010313879	-0.07310118389999999	0.0537653335	-0.0252351292	-0.007610508399999999	-0.0116803	-0.0342464	-0.0248515	-0.00212298	0.000990335	-0.000241753
0.04594465	0.0404229418	-0.0056555732	0.0139935764	0.047926199800000006	-0.0548710243	-0.07267254940000001	-0.0734221124	0.0549418609	-0.0275072215	-0.0044105266	-0.0142559	-0.03982569999999999	-0.0247402	-0.00161119	0.00120041	-0.00021004900000000002
0.06021715000000001	0.0220353164	0.0283490559	0.0336227817	-0.0407449648	-0.0773324329	-0.0101478118	-0.0737356442	0.0560962492	-0.0297543755	-0.0012034366	-0.011682600000000001	-0.033319999999999995	-0.0211919	-0.00235439	0.00104507	-0.000156792
0.02726165	-0.042167874400000006	0.054549484	0.0399758192	-0.0183437019	-0.0307433639	0.062427661	-0.0740417477	0.0572280333	-0.0319745538	0.002005593	-0.011710799999999999	-0.0266426	-0.02484	-0.00217397	0.000912407	-0.000131716
0.029095685000000007	-0.0122742535	0.1365131159	-0.0073587006	0.0175617118	-0.0068569738	0.1003123048	-0.0743403923	0.058336757	-0.0341657437	0.0052113902	-0.00189179	-0.026653899999999998	-0.011030799999999999	-0.00216644	0.000973032	-9.07475e-05
0.045360645	0.0374622889	0.07768438309999999	-0.0934670966	0.0145826681	0.0029254678000000004	0.0702359056	-0.0746315476	0.0594219737	-0.0363259585	0.0084087885	0.00049542	-0.0329191	-0.017731599999999997	-0.00179487	0.00114809	-3.72268e-05
0.04179122500000002	0.019924037	-0.0209389545	-0.0770392028	-0.0370810838	0.0272309641	0.13689380539999998	-0.0749151845	0.060483246	-0.038453239900000005	0.0115926346	-0.00366608	-0.0266493	-0.020955599999999998	-0.00218743	0.0012864	-6.907529999999999e-05
0.042134435	-0.0264590822	-0.07909167	-0.0392896173	-0.0152618799	0.0302564682	0.1083861713	-0.07519127440000001	0.0615201462	-0.0405456591	0.0147577975	-0.00233212	-0.026648	-0.00470941	-0.00201386	0.00101024	-0.000110405
0.022062173	-0.000156113	-0.08130679019999999	0.0426330372	0.0371808612	0.0109614045	0.0999260082	-0.0754597894	0.0625322567	-0.0426013192	0.0178991758	-0.00424164	-0.0374745	-0.000956657	-0.00201386	0.000939232	-0.000150865
0.058319275999999996	0.0584112381	0.0028188012	0.06342586809999999	0.0280389776	0.0190630253	0.0534930134	-0.0757207024	0.0635191694	-0.044618356500000005	0.0210117067	-0.000958377	-0.0455719	-0.00697925	-0.00153648	0.0012211	-9.17926e-05
0.05587625299999999	0.0540443149	0.004277596	0.06347308730000001	-0.0675966305	0.0089476004	0.1070953931	-0.0759739873	0.0644804868	-0.046594942400000006	0.024090374	-0.00642119	-0.0428235	-0.020745	-0.00205254	0.001062	-9.46184e-05
0.05818755	-0.0355375096	0.0787253252	0.0190990215	-0.06277592280000001	0.065832165	0.0391223805	-0.0762196185	0.06541582139999999	-0.0485292848	0.0271302159	-0.00261582	-0.026637400000000002	-0.0114828	-0.00183999	0.000755476	-0.000154222
0.03602096400000001	-0.0335513826	-0.0302701127	-0.0763388334	0.05631585450000001	0.0498524693	0.0762237467	-0.07645757110000001	0.0663247964	-0.05041963	0.0301263332	-0.0117529	-0.031028399999999998	-0.000648651	-0.0019015	0.0006524780000000001	-8.555529999999997e-05
0.054789334000000016	0.0226384488	-0.0966372528	-0.015153402	0.0780737844	-0.004597767	0.0723619516	-0.0766878214	0.06720704549999999	-0.0522642642	0.0330738971	-0.00627078	-0.0426976	-0.0014205	-0.00147247	0.000919772	-4.455600000000001e-05
0.03245880499999998	0.0478596867	-0.0439239188	0.040375972	0.0152630204	-0.0056823078	0.0470841463	-0.07691034599999999	0.0680622132	-0.0540615151	0.0359681572	-0.00634535	-0.0460534	0.0126874	-0.00155857	0.00113172	-4.41933e-05
0.074292015	0.0017004314000000002	-0.0644774313	0.097726352	-0.0728856892	0.1224819792	0.005876750500000001	-0.0771251226	0.06888995490000001	-0.0558097533	0.038804449	-0.011742299999999999	-0.029123000000000007	-0.0164872	-0.00186664	0.000988601	-4.880560000000001e-05
0.035161744999999994	-0.0499158809	0.0858346669	0.0463384036	-0.0232790197	0.0538134071	-0.0619035477	-0.0773321295	0.06968993700000001	-0.0575073938	0.0415782013	-0.011776	-0.026621	-0.00606441	-0.0018236	0.000589302	-4.7079499999999995e-05
0.041788330000000005	-0.0212689975	-0.0157554603	-0.0743722186	0.06299847389999999	-0.0301872342	-0.0431516948	-0.07753134589999999	0.07046183730000001	-0.0591528974	0.0442849438	-0.011768899999999999	-0.034977499999999995	0.00205903	-0.00141379	0.0006759460000000001	-3.75077e-05
0.024030079999999995	0.031546105299999995	-0.0220808228	0.0208443828	0.050253647	-0.0965523039	0.0401679888	-0.0777227516	0.0712053446	-0.0607447724	0.0469203142	-0.011762200000000002	-0.043184600000000004	0.00205708	-0.00141379	0.000919772	3.49529e-05
0.07989662499999999	0.0045475428	-0.0256671039	0.057836820199999986	-0.068392391	0.0277107839	0.0202977524	-0.0779063275	0.0719201593	-0.062281575599999986	0.0494800651	-0.0117095	-0.0375952	-0.020855900000000004	-0.00211779	0.000848502	-0.000216608
0.02786865	-0.0294674498	0.015606848	0.0646316804	-0.054766627000000005	0.0482040381	-0.0549455404	-0.078082055	0.0726059935	-0.0637619136	0.051960071	-0.015228700000000001	-0.0389647	-0.0129629	-0.00203007	0.000640331	-0.00021076
0.025687950000000005	-0.0258040833	0.07026551589999999	-0.0222505561	0.0113707729	0.0189432635	-0.0741895464	-0.0782499164	0.0732625707	-0.0651844444	0.0543563352	-0.0117421	-0.032396100000000004	-0.011159	-0.00177038	0.000653968	-0.00020751
0.04285568000000002	0.0057633431	0.0197608191	-0.0947546172	0.0377923297	-0.12379646710000004	-0.0589837463	-0.0784098948	0.07388962639999999	-0.0665478783	0.0566649955	-0.0210212	-0.0336629	0.00205738	-0.00151954	0.000693163	-0.000299343
0.03655015	0.008707346500000001	-0.0520743117	-0.0222687327	0.0129792658	-0.1216446136	0.059770759000000014	-0.0785619741	0.0744869079	-0.0678509792	0.0588823313	-0.0210365	-0.0341494	-0.00963592	-0.00195772	0.0007140660000000001	-0.000271325
0.03360437999999999	-0.0202823085	0.0150000278	0.0900744297	-0.0488056458	0.0113781428	0.0232988253	-0.0787061389	0.0750541746	-0.0690925657	0.061004769	-0.0208841	-0.03603680000000002	-0.0242764	-0.00215163	0.000576272	-0.000264547
0.039011199999999996	-0.0223372278	0.0974614277	-0.0344191323	0.0055755899	0.0199459939	0.053183478	-0.0788423748	0.07559119780000001	-0.0702715121	0.0630288878	-0.0147232	-0.032031	-0.006708800000000001	-0.00199658	0.000523186	-0.000247145
0.06987872000000002	0.0121102135	-0.0262231502	-0.06476970530000001	0.039795873	0.0336443806	0.0549216425	-0.0789706681	0.0760977612	-0.0713867496	0.06495142570000001	-0.011689	-0.039957199999999984	0.00598642	-0.00150991	0.000919773	-0.00028835
0.03712315	0.0099234055	-0.0766131545	-0.027772977200000003	-0.0318548497	-0.0046000417	0.075105164	-0.07909100570000001	0.0765736605	-0.0724372672	0.0667692842	-0.0116993	-0.0314737	-0.00354253	-0.00184485	0.000919773	-0.000241282
0.02241455	-0.0141636077	-0.0919643265	0.0779328205	-0.0156875657	0.0582648306	-0.054230843	-0.0792033756	0.0770187042	-0.0734221124	0.0684795334	-0.0162292	-0.0304697	-0.00918023	-0.00203415	0.000919773	-0.000205723
0.05320014000000002	0.0032397796	0.0737697806	0.0447571188	0.0388347002	0.0280303438	-0.0904465859	-0.0793077664	0.0774327128	-0.0743403923	0.0700794171	-0.011732799999999998	-0.0366344	-0.00739774	-0.00151409	0.000634331	-0.000215352
0.05528725999999999	-0.0186309861	0.0336592369	-0.08677987359999999	-0.0108269293	0.0302441837	-0.0195061424	-0.0794041677	0.0778155195	-0.07519127440000001	0.0715663568	-0.0116567	-0.0332451	-0.017807299999999998	-0.00185904	0.0009197739999999999	-0.000413205
0.04291295000000001	-0.0445728163	-0.090739098	0.0018107301	-0.0015824982999999998	0.0136968632	-0.0034889288	-0.0794925697	0.07816697	-0.0759739873	0.072937956	-0.016944499999999998	-0.026148200000000003	-0.0137809	-0.00209118	0.0006778530000000001	-0.00035722900000000003
0.04570579	0.0177706711	-0.0302330769	0.0368245945	0.0651071642	-0.0097555192	-0.0854442002	-0.0795729635	0.0784869228	-0.0766878214	0.0741920043	-0.0155764	-0.0431472	-0.00609646	-0.00182182	0.000730168	-0.00028581900000000004
0.033139789999999995	0.0368334363	0.0584513547	0.0592287327	0.0362343783	-0.055127981500000006	-0.0726604039	-0.079645341	0.0787752489	-0.0773321295	0.0753264804	-0.021256599999999997	-0.0385212	-0.0148012	-0.00161552	0.000794188	-0.000273562
0.03992830000000002	0.0113485097	0.1040052671	-0.0211482835	-0.0305347357	-0.1244117618	-0.027869559	-0.079709695	0.0790318321	-0.0779063275	0.0763395561	-0.0193474	-0.0269454	-0.0139763	-0.00196098	0.0009197739999999999	-0.00031488400000000003
0.021987449999999988	-0.0093846457	-0.0420047424	-0.0746835545	-0.0196292483	-0.034779968700000004	0.0357431278	-0.0797660189	0.079256569	-0.0784098948	0.0772295986	-0.0210463	-0.023754499999999998	-0.026798900000000004	-0.00199387	0.0009197739999999999	-0.000262273
0.05723707	0.0233890651	-0.0486737424	0.0415556392	0.036956242400000006	-0.0154345857	-0.0530056528	-0.0798143071	0.0794493692	-0.0788423748	0.07799517339999999	-0.0116664	-0.027726400000000002	-0.00861428	-0.00164106	0.00105287	-0.00023416599999999998
0.02790957	0.0399104122	0.0039273918	0.06997143530000001	-0.0413362329	0.0329759329	-0.0114141347	-0.0798545546	0.0796101548	-0.0792033756	0.0786350467	-0.0116879	-0.027678700000000004	-0.0186854	-0.00185297	0.0009197739999999999	-0.000223787
0.04787250000000001	-0.051693475700000005	-0.0405451776	0.0776091902	-0.0742689864	0.042805084900000005	-0.08984488130000001	-0.0798867576	0.0797388611	-0.0794925697	0.0791481873	-0.015571399999999999	-0.0206046	-0.0185983	-0.00226032	0.0006662710000000001	-0.00029949
0.023680400000000008	-0.0441031551	0.0813934258	0.0402491109	-0.0123843889	0.0888460083	-0.1070914705	-0.0799109126	0.0798354362	-0.079709695	0.0795337681	-0.0117292	-0.0173169	-0.0143334	-0.00212583	0.000689574	-0.000211571
0.06102444999999999	0.0096993961	0.0314922094	-0.1024995883	0.0555262456	-0.0118833083	-0.1113400194	-0.0799270173	0.0798998413	-0.0798545546	0.0797911678	-0.006232100000000001	-0.023345400000000002	-0.027722900000000005	-0.00177176	0.00102547	-0.000243792
0.02516379999999999	0.0036648323	-0.0050317225	-0.0806523172	0.0108180236	-0.0878398506	-0.0222643398	-0.07993507009999999	0.0799320503	-0.0799270173	0.0799199714	-0.013053299999999999	-0.0166842	-0.03272	-0.00182146	0.000956465	-0.000228811
