0.0	-0.024622688	0.019757902	0.0181212781	-0.0425078169	0.0224659846	-0.0692146715	0.07993507009999999	0.0799320503	0.0799270173	0.0799199714	-0.012454600000000001	4.81712e-07	0.0519784	0.0	-7.0298e-05	0.00013385100000000002
0.119248960312	-0.0218215898	0.0303762625	-0.050789008200000006	-0.033168107	0.0025054206	-0.0239742355	0.0799270173	0.0798998413	0.0798545546	0.0797911678	-2.17714e-05	-0.0136873	-0.0056183	0.000371814	-0.0	0.00040237199999999996
0.07316296833999998	-0.0218807058	0.0231172669	0.028854966800000006	-0.0025159906	0.0534914479	-0.0503209275	0.0799109126	0.0798354362	0.079709695	0.0795337681	-0.00922285	7.63974e-06	0.0322161	0.00012316300000000005	-0.0	0.00040237199999999996
0.07305083203999999	-0.0233901777	0.044372380700000005	-0.0148030659	0.0208843014	-0.0319027207	-0.0391271561	0.0798867576	0.0797388611	0.0794925697	0.0791481873	-2.04177e-05	-0.0114869	-0.00301301	0.00017724	-0.000110404	0.000224358
0.09787757102	-0.019834031	-0.0060408345	0.0526929163	-0.022495711600000003	0.0041742574	-0.1036771266	0.0798545546	0.0796101548	0.0792033756	0.0786350467	-0.011488000000000002	3.3687199999999997e-06	0.0552185	0.00021324400000000002	-1.0029300000000002e-24	3.7001799999999995e-05
0.09179844872000001	-0.0190719432	0.044658090199999986	-0.0570281454	-0.0160515234	-0.0424620134	-0.04490331	0.0798143071	0.0794493692	0.0788423748	0.07799517339999999	-0.009085	-0.0178488	0.00244473	0.000203224	-0.0	0.00040237199999999996
0.054734925	-0.0187959598	0.0217519887	0.0394313356	0.0207021414	0.0387261252	-0.0623279039	0.0797660189	0.079256569	0.0784098948	0.0772295986	-0.0139631	-0.0103741	0.008237539999999998	-3.21113e-05	-0.00021588	0.00012180100000000001
0.063846844	-0.0220456789	0.0200078127	0.0130939193	-0.019917637	0.0077890767	-0.040247413	0.079709695	0.0790318321	0.0779063275	0.0763395561	-0.0118597	-0.000697751	0.030931200000000002	-0.00034806699999999997	9.61872e-24	0.00017743400000000002
0.05478733400000002	-0.0148067106	0.0298151268	-0.0180827533	-0.0126767708	-0.0131230741	-0.06811597059999999	0.079645341	0.0787752489	0.0773321295	0.0753264804	-0.0072468	-0.0081962	0.00242898	-7.408969999999997e-05	-0.0	0.00016793599999999999
0.098965635	-0.02629186	0.0234438432	0.0352575897	0.0103003903	0.0828530109	-0.0661652526	0.0795729635	0.0784869228	0.0766878214	0.0741920043	-0.0140488	0.005201	0.057844500000000014	-0.000251363	0.000258065	0.000136256
0.114568345	-0.016971425800000002	0.0307976985	-0.0283535656	0.0121860764	0.0056250823	-0.0198007573	0.0794925697	0.07816697	0.0759739873	0.072937956	-0.00594472	-0.011737899999999999	-0.00951349	-7.408969999999997e-05	5.57058e-05	0.000199971
0.03911944740000002	-0.0026360263	0.0405703165	-0.0568308219	0.0103716849	-0.0179951488	-0.0222525096	0.0794041677	0.0778155195	0.07519127440000001	0.0715663568	-2.427760000000001e-05	-0.00463561	-0.00975363	0.000292024	-0.0	0.00029528299999999997
0.0935376424	-0.0200220915	0.0342493035	0.0041778192	0.0428241577	0.0201336526	-0.0299262343	0.0793077664	0.0774327128	0.0743403923	0.0700794171	-0.00964646	-0.007507899999999999	0.020166099999999996	-0.000423035	6.47412e-05	5.2614399999999996e-05
0.05130959769999999	-0.0140635214	0.0332100456	-0.0388695566	0.0362856363	-0.0391748692	-0.008629742900000001	0.0792033756	0.0770187042	0.0734221124	0.0684795334	-2.68923e-05	-0.00568015	0.00746352	-7.408969999999997e-05	-0.0	-7.68931e-05
0.029813601700000008	-0.0031862555	0.0160179742	-0.0355641878	0.0150653224	-0.0321327156	-0.024753764700000003	0.07909100570000001	0.0765736605	0.0724372672	0.0667692842	-0.00812233	-0.00812909	-0.00045636900000000003	0.000152897	-0.0	-7.68931e-05
0.06855978900000001	-0.0196053888	0.0235106006	0.0252151703	0.0178352962	0.0171472836	-0.0183646769	0.0789706681	0.0760977612	0.0713867496	0.06495142570000001	-0.00988205	-0.007330289999999999	0.0392261	-7.408969999999997e-05	0.000233306	-1.08098e-05
0.06680059499999999	-0.0085143704	0.0274415165	-0.031806332400000005	0.050622001500000006	0.0049189059	-0.0020471235000000003	0.0788423748	0.07559119780000001	0.0702715121	0.0630288878	-0.008398859999999998	-0.00450582	-0.00026471	8.407360000000001e-05	0.00010881399999999999	-0.000188197
0.046188505	-0.0030450574	0.0421848654	-0.0618648981	0.0116113759	-0.0616711349	0.0082820999	0.0787061389	0.0750541746	0.0690925657	0.061004769	-0.00561568	0.00679667	-0.00749437	0.000214674	-0.0	6.98521e-05
0.04351055	-0.0052988046	0.0280584063	0.0052850038	0.0544381622	0.0087242461	-0.0008129511	0.0785619741	0.0744869079	0.0678509792	0.0588823313	-0.014666499999999999	0.00681627	0.0151918	0.000303008	-0.0	-7.68931e-05
0.045389891200000004	-0.0051031848	0.0227511402	-0.0223220713	0.027492147400000003	0.0041275876000000005	0.0151020343	0.0784098948	0.07388962639999999	0.0665478783	0.0566649955	-2.70038e-05	0.00678964	0.00249758	2.4307899999999998e-05	8.18908e-05	-7.68931e-05
0.0082653815	0.005849120500000001	0.015992056299999998	-0.0342622851	0.0126651123	-0.0317342022	-0.0079393175	0.0782499164	0.0732625707	0.0651844444	0.0543563352	-2.68923e-05	0.006790899999999999	0.00542094	4.92301e-05	-0.0	-7.68931e-05
0.0138165925	0.0006044037	0.0088650792	-0.0054841571	0.0084632112	-0.0017808088	0.0246338971	0.078082055	0.0726059935	0.0637619136	0.051960071	-2.68923e-05	0.00678197	-5.24775e-05	0.000215915	-0.0	-7.68931e-05
0.0367029952	0.0072485439	0.0146054942	-0.0373963022	0.0191673611	-0.0191344509	-0.0232541786	0.0779063275	0.0719201593	0.062281575599999986	0.0494800651	-0.008387129999999998	-0.00179904	-0.00793928	0.000360413	9.30009e-05	-7.68931e-05
0.03628307	0.0122846445	0.0026111717	0.0041067913	0.0211083608	-0.0046976133	0.0145709259	0.0777227516	0.0712053446	0.0607447724	0.0469203142	-0.00993323	0.00193138	0.00703223	0.000400221	1.3234899999999996e-23	-0.000264785
0.03783481	0.0050755101	-0.0013706033	-0.0312812984	-0.0057539724	-0.0452792713	0.0125794991	0.07753134589999999	0.07046183730000001	0.0591528974	0.0442849438	-0.00974447	0.00342935	-0.022671200000000002	0.000456527	-0.0	-0.000192198
0.111369815	0.0080636048	-0.031120173	0.07829905179999999	-0.0351177888	-0.0060500963	-0.0589902506	0.0773321295	0.06968993700000001	0.0575073938	0.0415782013	-0.019828099999999998	0.00679649	0.039753	7.8162e-05	0.00021622700000000002	-7.68931e-05
0.03627041	0.0090273189	-0.0371250723	0.0460643596	-0.0457189657	-0.0242250952	-0.0451101654	0.0771251226	0.06888995490000001	0.0558097533	0.038804449	-0.0135257	0.00678323	0.039731300000000004	-0.000488841	0.00018456900000000001	-7.68931e-05
0.035220554999999994	0.0165034781	-0.056226129400000005	0.0770032236	-0.0320474558	-0.0066173417	-0.048340928	0.07691034599999999	0.0680622132	0.0540615151	0.0359681572	-0.0198217	0.00679166	0.0397543	5.79525e-05	0.00021563799999999998	-7.68931e-05
0.044752745	0.0216162819	-0.0561536058	0.0559352183	-0.06418961990000001	-0.0217047676	-0.0345979902	0.0766878214	0.06720704549999999	0.0522642642	0.0330738971	-0.010783	-0.00542	0.043743699999999996	9.899629999999999e-05	0.0004914990000000001	-0.000150248
0.04528073500000001	0.022037841800000003	-0.0407366631	0.07576019980000001	-0.0229481909	0.0489546933	0.0048727054	0.07645757110000001	0.0663247964	0.05041963	0.0301263332	-0.016115899999999996	-0.014360399999999999	0.0301916	0.00028153	0.00038218400000000004	-0.000207506
0.113003105	0.0089135694	0.0102524548	-0.0367885746	-0.0145734722	0.0373182174	0.0428743687	0.0762196185	0.06541582139999999	0.0485292848	0.0271302159	-0.00212999	-0.0143707	-0.0183222	-0.000215535	-0.0	-7.68931e-05
0.128026865	0.0206147201	-0.0036212975	-0.043661886	-0.0125363741	-0.0211777978	0.0459455161	0.0759739873	0.0644804868	0.046594942400000006	0.024090374	-0.00828501	-0.011204299999999999	-0.0566121	0.00103034	0.000106171	-0.000333158
0.17938086499999994	0.012402651	-0.0466466864	0.0834235344	-0.0217102696	0.0725313304	0.0126452536	0.0757207024	0.0635191694	0.044618356500000005	0.0210117067	-0.0132216	0.00670383	0.0376732	0.00020690599999999997	0.00027148900000000003	-7.68931e-05
0.15563349999999998	0.0148575417	0.0061072366000000005	-0.0289564684	0.0091474069	-0.031731924	0.06340161230000001	0.0754597894	0.0625322567	0.0426013192	0.0178991758	-0.0024945999999999996	-0.00570721	-0.0262591	-0.000558481	8.51627e-05	-0.0004964430000000001
0.112065835	0.0253476819	-0.04948113480000002	0.051554086	0.0016492302	0.030387695	0.039909161	0.07519127440000001	0.0615201462	0.0405456591	0.0147577975	-0.0100226	0.008930479999999998	0.00306921	0.000309167	-0.0	-0.000237817
0.04983144999999999	0.0247642035	-0.024167597	-0.0067328527	0.0123672531	-0.0126121547	0.0705636162	0.0749151845	0.060483246	0.038453239900000005	0.0115926346	-0.00762528	0.013943899999999999	-0.0112126	0.000595222	-0.0	-0.00051454
0.08636763999999998	0.0266162965	-0.0236072006	-0.0401599952	0.0123550472	-0.027895224	0.07887937269999999	0.0746315476	0.0594219737	0.0363259585	0.0084087885	-0.00250584	-0.00224435	-0.0485935	0.00041502900000000003	-0.000232845	-0.000373997
0.09379706	0.022712674900000004	-0.0455659933	0.0443227867	0.0175957393	0.0384193837	0.0285975299	0.0743403923	0.058336757	0.0341657437	0.0052113902	-0.00956868	0.013113399999999999	-0.00634356	0.00026847	6.25836e-05	-0.00051454
0.15664556	0.0189668215	0.0150729793	-0.0545137201	0.0116308032	-0.0271698402	0.0724824414	0.0740417477	0.0572280333	0.0319745538	0.002005593	-0.00250064	-0.016790299999999998	-0.0582867	-0.00102356	1.0587899999999999e-22	-0.00051454
0.11036816	0.0147455106	-0.0162262401	0.0191852238	0.0487241424	-0.0065301491	0.0692215145	0.0737356442	0.0560962492	0.0297543755	-0.0012034366	-0.0121422	0.010423700000000001	-0.0139667	-0.000439708	-0.0	-0.00051454
0.06018614000000001	0.0146811757	-0.0083010772	-0.0144841818	0.0274519531	-0.0176207722	0.0773195602	0.0734221124	0.0549418609	0.0275072215	-0.0044105266	-0.00250348	0.00219148	-0.034475300000000014	-0.0007694089999999997	-4.4247300000000004e-23	-0.00040810900000000003
0.04980474	0.0153344249	-0.026544372000000004	-0.0301526007	0.0189564664	-0.0382078012	0.06617634559999999	0.07310118389999999	0.0537653335	0.0252351292	-0.007610508399999999	-0.0102459	0.010419	-0.0245418	-0.000665474	0.00010721799999999999	-0.000674982
0.034938015	0.0263534546	-0.0375799557	0.0214332408	0.0057482933	-0.0061227414	0.0795834922	0.0727728912	0.052567141100000006	0.0229401584	-0.0107982247	-0.00249956	0.010412200000000002	-0.014037200000000001	-0.0008982339999999998	8.77565e-05	-0.000593598
0.022715085	0.0195159782	-0.0534885426	-0.0152890094	-0.022202953	-0.0359930457	0.087386626	0.0724372672	0.0513477665	0.0206243899	-0.0139685379	-0.0024935	0.0104191	-0.0244436	-0.0007694089999999997	-0.0	-0.000622931
0.02671928	0.026234914	-0.0274308712	0.0244113725	0.0446875403	0.0460918914	0.0950744582	0.0720943458	0.050107701	0.0182899231	-0.0171163386	-0.00249788	0.0104177	-0.0328825	-0.0008656599999999998	-0.00016085	-0.00051454
0.018373410000000003	0.015975218700000002	-0.0518982449	-0.0233673532	-0.0177981231	-0.0776931403	0.1053598685	0.0717441615	0.0488474444	0.0159388744	-0.0202365536	-0.00250064	0.0104199	-0.0231354	-0.0008540829999999997	-0.0	-0.00051454
0.03725153	0.0134092639	-0.0652905761	0.0520022708	0.007143300100000001	0.0468403018	0.0486777247	0.0713867496	0.0475675045	0.0135733754	-0.0233241543	-0.010466	0.0083735	-0.00526548	-0.000928329	-0.000113151	-0.00051454
0.05104473	0.0100669072	-0.0439221631	-0.0204082361	-0.0222636743	-0.0243641931	0.0905968652	0.0710221462	0.046268397	0.0111955706	-0.0263741644	-0.00249864	0.010423700000000001	-0.030441900000000008	-0.00102145	1.0587899999999999e-22	-0.000625283
0.04434178	0.0137172806	-0.0739380356	0.0179490292	-0.0216162857	0.0290756113	0.0662414051	0.0706503878	0.0449506455	0.0088076158	-0.0293816684	-0.00968917	0.010415700000000002	-0.0187043	-0.0007694089999999997	-0.00017879	-0.000702565
0.05829133000000001	0.0001143203	-0.0993985841	0.034025934300000005	-0.0331215164	0.0217467911	0.0907157674	0.0702715121	0.0436147809	0.006411676	-0.0323418192	-0.00165782	0.0104245	-0.00550442	-0.0013089200000000005	-0.0001653	-0.00051454
0.061262743000000015	0.0058427825	-0.0833572065	-0.0123820444	-0.0607139334	-0.006186582800000001	0.1139121952	0.0698855571	0.0422613414	0.0040099232	-0.0352498461	0.00444475	-0.0005006930000000001	-0.0191613	-0.00091439	-0.00028982599999999997	-0.000422034
0.08843073299999997	-0.0005022392	-0.1164414576	0.08712296130000001	-0.0442800379	0.0691748343	0.08441870789999999	0.06949256179999999	0.0408908726	0.001604535	-0.0381010623	-0.00285624	0.0104196	0.019021	-0.00104446	0.000128141	-0.00051454
0.05027134999999999	-0.002961815	-0.106853985	0.0137066615	-0.0689982525	0.0157076353	0.12983971619999998	0.0690925657	0.0395039266	-0.0008023078999999999	-0.0408908726	0.00444427	-0.00247001	-0.00120068	-0.00111351	-0.0	-0.00051454
0.05049882	-0.0050016793	-0.1077566471	-0.0131516131	-0.0681646033	0.0149384164	0.1236984011	0.0686856091	0.0381010623	-0.0032084234000000003	-0.0436147809	0.00443474	-0.00584533	-0.015182399999999999	-0.0007694089999999997	-0.000255051	-0.000451047
0.08847012	-0.0016298895000000002	-0.1206876497	0.0950266455	-0.0199110729	0.1126456795	0.1128116888	0.068271733	0.0366828449	-0.0056116301	-0.046268397	-0.00271349	-0.007890269999999998	0.0235137	-0.00122361	-0.0	-0.00034868199999999995
0.061571079999999986	-0.013293598500000002	-0.1179773425	0.0115472345	-0.0839723833	0.0370979452	0.1631685503	0.0678509792	0.0352498461	-0.0080097493	-0.0488474444	0.00683849	-0.00787354	-0.00684687	-0.0009839439999999998	-0.00016829599999999996	-0.000373556
0.028109809999999992	-0.0031759774	-0.10877826	0.0006672488	-0.0602991855	0.0464937109	0.1405705347	0.06742339	0.0338026431	-0.0104006067	-0.0513477665	0.00443197	-0.0134922	-0.017258599999999995	-0.00100779	-0.0	-0.00037487199999999994
0.08883698000000001	-0.0358929266	-0.1137444412	0.0351246333	-0.08586623939999999	0.0393244732	0.1136206475	0.0669890084	0.0323418192	-0.0127820349	-0.0537653335	0.00442222	-0.00378957	-0.013624200000000001	-0.00189813	-0.000331574	-8.6982e-05
0.13136782	-0.0109429412	-0.043016578	-0.0741067507	-0.0490422325	0.0926829483	0.0870706507	0.0665478783	0.030867963	-0.0151518747	-0.0560962492	-0.00154057	-0.0280231	-0.0712216	-0.0017090199999999995	-0.00071171	0.000215254
0.059625955000000015	0.0076496637	0.0219037054	-0.0842831644	0.015760501899999998	0.0284398786	0.0422085439	0.0661000441	0.0293816684	-0.0175079777	-0.058336757	0.0100891	-0.016949599999999995	-0.0892632	-0.00180776	-0.0008283589999999998	5.30193e-05
0.16739453999999998	0.0776528066	0.1558560565	-0.0130609877	-0.1753928379	0.0809693082	-0.2540125118	0.06564555080000001	0.0278835343	-0.0198482077	-0.060483246	-0.00818041	-0.017714899999999995	-0.114996	-0.00344906	-1.71204e-05	5.30193e-05
0.206867975	0.0929088899	0.1679580762	0.0838863115	0.0230033294	0.0005408298	-0.2124047083	0.0651844444	0.0263741644	-0.0221704431	-0.0625322567	-0.00390363	-0.0444031	-0.049251800000000005	-0.00193522	-0.00021847400000000002	-0.000434963
0.08642940499999999	0.05697419820000001	0.1212129493	0.0137214755	0.0582963187	-0.1213876241	-0.1558222572	0.0647167712	0.0248541669	-0.0244725786	-0.0644804868	-0.00391579	-0.034594199999999985	-0.032591	-0.00289525	2.04469e-05	-0.000434963
0.033340285000000004	0.033359348500000004	0.1131653039	0.0342959884	0.0787654085	-0.0953708756	-0.1553458952	0.0642425783	0.0233241543	-0.026752527	-0.0663247964	-0.00389695	-0.0361304	-0.034367400000000006	-0.00329905	-0.00017593	-0.000434963
0.04734805	0.0388537056	0.1143273592	-0.0146334194	0.0316890846	-0.10959585880000004	-0.1596024063	0.0637619136	0.0217847431	-0.0290082213	-0.0680622132	-0.00391085	-0.0254763	-0.0360121	-0.00277914	-0.000356727	-0.000434963
0.07247093999999997	0.0296652751	0.1070308115	0.0160766934	0.0477668155	-0.075180028	-0.1245561266	0.0632748254	0.0202365536	-0.0312376164	-0.06968993700000001	0.00128839	-0.0293237	-0.025110900000000002	-0.00368288	-0.000210005	-0.000434963
0.06914479999999999	0.0429811743	0.1067398896	-0.0520935516	0.016187549	-0.066073142	-0.1388785016	0.0627813628	0.0186802098	-0.0334386912	-0.0712053446	-0.00390266	-0.035146300000000005	-0.042375300000000005	-0.00289405	-0.00023851	-0.000434963
0.102967505	-0.0469479289	0.06564800330000001	0.08875141199999999	0.0479598342	-0.0143342973	-0.0677741537	0.062281575599999986	0.0171163386	-0.035609450099999995	-0.0726059935	-0.00389224	-0.0168484	-0.0314654	-0.0041177	1.28257e-05	-0.000434963
0.144222545	-0.0970319776	-0.0048553568	0.0192088624	-0.0835387881	0.045408728200000005	-0.0635020419	0.061775514	0.0155455703	-0.037747925	-0.07388962639999999	-0.0277217	-0.035080099999999996	-0.0196871	-0.00275301	1.28257e-05	8.0087e-06
0.05406899999999999	-0.0141853163	0.0668376896	0.0057528964000000005	0.1628317941	0.053223439	-0.017537786899999998	0.0612632291	0.0139685379	-0.0398521774	-0.0750541746	-0.0170584	-0.0375847	-0.052534500000000005	-0.00286141	1.28257e-05	6.068270000000002e-05
0.09041006999999998	-0.052394414400000006	0.0191377253	-0.0680916358	-0.0320836132	-0.059363064000000014	-0.0078179179	0.0607447724	0.0123858767	-0.0419202993	-0.0760977612	-0.0229323	-0.0148759	-0.051523900000000004	-0.00211237	-0.00017034599999999998	-0.00022344099999999998
0.101800885	0.011777992	0.092484505	-0.06626106650000001	0.08854099439999999	0.0435347753	-0.0676568321	0.0602201963	0.0107982247	-0.0439504158	-0.0770187042	-0.016096	-0.0360066	-0.0764245	-0.00135515	1.28257e-05	-0.000261715
0.05237245000000002	-0.0330185147	0.0484085613	-0.0363081623	0.0167257172	-0.0855875246	-0.0213539075	0.0596895534	0.0092062214	-0.0459406864	-0.0778155195	-0.0139065	-0.0307642	-0.06518790000000001	-0.0019616	1.28257e-05	-0.000194086
0.0716697	0.0039574156	0.0736012137	-0.0773491713	0.0972651368	-0.0081799779	-0.0769233942	0.0591528974	0.007610508399999999	-0.0478893067	-0.0784869228	-0.0192534	-0.045039300000000004	-0.0477656	-0.0025055	1.28257e-05	-0.000342694
0.04487733499999999	-0.0005334941000000001	0.0664538003	-0.0688555569	0.0904615925	-0.075210085	-0.0321948537	0.0586102822	0.0060117288	-0.0497945101	-0.0790318321	-0.0123743	-0.0455087	-0.0643043	-0.00230011	-0.000151578	-0.000292685
0.03777738499999999	-0.0091441869	0.0604367751	-0.0686254182	0.1557923535	-0.053180178	-0.0380790709	0.0580617626	0.0044105266	-0.0516545692	-0.0794493692	-0.0192776	-0.0410199	-0.050239599999999995	-0.00232083	1.28257e-05	-0.000231397
0.04808546500000002	-0.0445525709	0.0455769515	-0.0349441363	0.0788366373	-0.07956113940000001	-0.02017297	0.0575073938	0.0028075473	-0.0534677978	-0.0797388611	-0.0192507	-0.0385752	-0.0521889	-0.00301596	7.969e-05	-0.000342694
0.05043910000000002	-0.0944318428	0.0189566732	0.0037867326	0.0722539317	-0.027684569300000003	0.008203370500000001	0.0569472315	0.0012034366	-0.0552325519	-0.0798998413	-0.0229137	-0.0345776	-0.0317055	-0.00310715	0.000331336	-0.000239628
0.019822865	-0.0959838874	0.0072128118999999985	-0.045745514800000005	-0.0284295471	-0.0462132874	0.0100713225	0.05638133240000001	-0.000401159	-0.0569472315	-0.0799320503	-0.024059900000000002	-0.0354941	-0.031685000000000005	-0.0031311999999999998	1.28257e-05	-0.000227395
0.07070421500000003	-0.0404502788	0.0556575392	-0.1073290941	0.0722080382	0.0251087349	0.0012672104	0.0558097533	-0.002005593	-0.0586102822	-0.0798354362	-0.0192495	-0.0475957	-0.039561	-0.00242709	0.00011174100000000005	-0.000342694
0.08174696500000002	-0.1084569514	0.012416693799999998	-0.0166790905	0.0483429996	0.01574604	0.0446154205	0.0552325519	-0.0036092188	-0.0602201963	-0.0796101548	-0.0192534	-0.0292968	-0.031548599999999996	-0.00343681	1.28257e-05	-0.000342694
0.0590451	-0.0826141028	0.0354136277	-0.1176726303	0.043271990700000006	0.030796182400000007	0.028641248	0.0546497862	-0.0052113902	-0.061775514	-0.079256569	-0.0192534	-0.0409968	-0.0383772	-0.00262648	1.28257e-05	-0.000342694
0.049126485	-0.0967101903	0.0205913877	-0.0453041334	0.0663415115	0.0122438499	0.025422848900000003	0.0540615151	-0.0068114617	-0.0632748254	-0.0787752489	-0.0192632	-0.0331418	-0.0398709	-0.00327646	9.381040000000001e-05	-0.000278299
0.09841035	-0.043714692400000005	0.0358292755	-0.1672156149	0.0639819505	-0.0004548292	0.0063960775	0.0534677978	-0.0084087885	-0.0647167712	-0.07816697	-0.019250299999999998	-0.0502337	-0.0539563	-0.00200686	8.34024e-05	-0.000342694
0.10038113	-0.0912273482	0.0389257898	-0.0246034111	0.120388539	0.0321790452	0.048104565300000006	0.052868694	-0.0100027269	-0.0661000441	-0.0774327128	-0.019256	-0.0328537	-0.0408909	-0.00324783	0.00018043400000000001	-0.000282095
0.105780415	-0.022286449500000003	0.0335613563	-0.241309008	0.0063244705	-0.0429602342	-0.0385549136	0.0522642642	-0.0115926346	-0.06742339	-0.0765736605	-0.0253108	-0.0509218	-0.053003599999999984	-0.00208346	1.28257e-05	-0.000223177
0.3121836	0.0593582562	-0.0310604213	-0.0011553359	-0.0616490307	0.25536221800000003	-0.2447910679	0.0516545692	-0.0131778711	-0.0686856091	-0.07559119780000001	-0.0557043	-0.06429059999999999	-0.122947	5.68917e-05	0.000559735	0.00105912
0.403778835	0.1270636225	-0.08933911619999997	0.3158250123	-0.260094519	0.09464541619999996	-0.1850292607	0.0510396705	-0.0147577975	-0.0698855571	-0.0744869079	-0.0563351	-0.09545419999999999	-0.044849400000000005	-0.00459178	0.0017887999999999997	0.00105912
0.21111965	0.0918949044	-0.0312846413	0.1664779262	-0.1075813681	-0.0437810914	-0.0451501932	0.05041963	-0.0163317771	-0.0710221462	-0.0732625707	-0.0492506	-0.046479400000000004	-0.0388714	-0.00277593	0.000713313	0.00096881
0.10111599999999996	0.012733891200000002	0.012659223999999998	0.191675995	-0.1046047065	-0.0191512029	-0.0868662384	0.0497945101	-0.0178991758	-0.0720943458	-0.0719201593	-0.052121900000000006	-0.033150400000000003	-0.013521300000000005	-0.00210478	0.000635377	0.000526584
0.0646844	0.018502829	0.0168496383	0.0718156887	-0.0919060771	-0.0198811797	-0.050030564400000005	0.0491643739	-0.0194593619	-0.07310118389999999	-0.07046183730000001	-0.045940499999999995	-0.0363946	-0.035108099999999996	-0.00255518	0.0007683939999999999	0.0006166069999999999
0.09044865000000002	0.1099811134	-0.0382117052	-0.0347885387	-0.1260139035	0.0406756412	-0.061344226900000014	0.0485292848	-0.0210117067	-0.0740417477	-0.06888995490000001	-0.0448575	-0.0469597	-0.040405	-0.00182969	0.000267203	0.0008599989999999999
0.0859546	0.0723780853	-0.0217474032	0.0824819985	0.0380494637	0.0585102459	-0.0189116153	0.0478893067	-0.0225555848	-0.0749151845	-0.06720704549999999	-0.039241399999999996	-0.0347369	-0.0302598	-0.00253621	0.000399225	0.000539131
0.0467019	0.0633821472	-0.0316773753	0.0209922324	-0.0475227078	-0.0582849255	-0.0204242478	0.0472445043	-0.024090374	-0.0757207024	-0.06541582139999999	-0.0334265	-0.0418813	-0.0207445	-0.00239803	0.000499076	0.0007856459999999997
0.06635648999999999	0.0200627646	-0.0203256323	0.076217381	0.0204837292	0.0252101156	-0.0285792368	0.046594942400000006	-0.0256154559	-0.07645757110000001	-0.0635191694	-0.0398494	-0.0328359	-0.00876061	-0.00257603	0.0006555710000000001	0.000342055
0.07854709000000001	0.058876033	-0.034086354900000004	-0.0004621056	-0.0437097384	-0.0213295054	-0.0205785828	0.0459406864	-0.0271302159	-0.0771251226	-0.0615201462	-0.0425264	-0.0418662	-0.0444828	-0.00222823	0.0006555710000000001	0.0006166069999999999
0.05065355000000001	0.031771506	-0.0122440908	0.0502790582	0.0299167953	-0.0163389238	-0.002607831	0.0452818024	-0.0286340436	-0.0777227516	-0.0594219737	-0.039700400000000004	-0.036561	-0.0275437	-0.00256267	0.0006555710000000001	0.000439382
0.038558999999999996	0.0306463129	-0.0198852185	0.0270095798	-0.058007987	-0.035419534100000004	-0.0102611102	0.044618356500000005	-0.0301263332	-0.0782499164	-0.0572280333	-0.0443306	-0.0418377	-0.035811699999999995	-0.00260983	0.000472274	0.0006166069999999999
0.04907925000000001	0.015954861299999998	-0.0089089189	0.0370453362	-0.0219397781	0.0044706303	-0.0200206588	0.0439504158	-0.0316064831	-0.0787061389	-0.0549418609	-0.051089499999999996	-0.0401551	-0.0317028	-0.0018962	0.000455328	0.000616606
0.030723100000000007	0.0426819532	-0.0211164889	0.0238256192	0.0186281483	-0.0144803801	0.0155010197	0.0432780475	-0.0330738971	-0.07909100570000001	-0.052567141100000006	-0.0510994	-0.0411974	-0.041283099999999996	-0.00229794	0.000455257	0.0006166069999999999
0.03515400000000001	0.0224041656	-0.005368749399999999	0.0313121648	-0.0204758412	-0.0241438657	0.0033453887	0.0426013192	-0.0345279838	-0.0794041677	-0.050107701	-0.0462176	-0.040885000000000005	-0.0284508	-0.00203931	0.00037133699999999996	0.0006166069999999999
0.040190900000000016	0.0640616123	-0.0410758348	-0.0599914677	0.0461224346	-0.0264282945	-0.0033088858	0.0419202993	-0.0359681572	-0.079645341	-0.0475675045	-0.0472436	-0.0413704	-0.0247165	-0.00245398	0.0006555710000000001	0.0006166069999999999
0.09883875	0.045184585599999987	-0.0322102697	-0.0793090559	0.070608804	-0.0023671158	-0.0218368394	0.0412350562	-0.0373938371	-0.0798143071	-0.0449506455	-0.0425701	-0.0514246	-0.037658300000000006	-0.0013584300000000005	0.00038658800000000016	0.0006754589999999999
0.07325334999999998	0.0491509993	-0.038002779900000005	-0.0297041984	0.0754479917	-0.0045147703	-0.0044210707	0.0405456591	-0.038804449	-0.0799109126	-0.0422613414	-0.0441923	-0.0430656	-0.0331184	-0.00220524	0.0006555710000000001	0.0006166069999999999
0.05108499999999999	0.0480587682	-0.0542087504	-0.0772718171	0.0231188761	-0.0253803905	-0.0064239166	0.0398521774	-0.0401994245	-0.07993507009999999	-0.0395039266	-0.0437245	-0.0342962	-0.039835699999999995	-0.00150263	0.0006555710000000001	0.0006166069999999999
0.10132705	-0.0493454251	-0.0100491628	0.1213115905	-0.006735018000000001	0.011823703	0.0523882571	0.0391546809	-0.0415782013	-0.0798867576	-0.0366828449	-0.0497874	-0.0100586	-0.0589413	-0.00214758	0.000756818	0.0009088290000000002
0.09342814999999996	-0.1169836519	0.0047907777	0.0603034282	-0.1115860492	0.0352274179	0.0317391949	0.038453239900000005	-0.0429402241	-0.0797660189	-0.0338026431	-0.054183100000000005	-0.01949	-0.011898400000000005	-0.00197734	0.0009455189999999999	0.0006166069999999999
0.11776949999999994	-0.040472309500000005	0.0134153736	0.0305840211	-0.0154083209	0.0397412357	0.0495425196	0.037747925	-0.0442849438	-0.0795729635	-0.030867963	-0.049914099999999996	-0.043264	-0.0546528	-0.00223232	0.000407326	0.000762876
0.08403490000000001	-0.1138232069	0.0183729073	0.032899209900000004	-0.0717600102	-0.046292795199999986	0.0588279056	0.037038807400000005	-0.0456118188	-0.0793077664	-0.0278835343	-0.05133480000000002	-0.013923699999999999	-0.0195039	-0.0022804	0.000575477	0.0006166069999999999
0.07574935	-0.1215473328	0.0248449407	0.0676177754	-0.0039430331	-0.0111356259	0.044984044800000005	0.0363259585	-0.0469203142	-0.0789706681	-0.0248541669	-0.0567298	-0.033622900000000004	-0.0468764	-0.0021108	0.000279424	0.0006166069999999999
0.041331400000000004	-0.1293359616	0.0082120104	-0.0089331122	-0.0935269988	-0.0477803783	0.0424094855	0.035609450099999995	-0.0482099028	-0.0785619741	-0.0217847431	-0.054295800000000005	-0.028661700000000002	-0.0379434	-0.00214824	0.000477765	0.0008808899999999998
0.0642138	0.06936589879999999	-0.0255055068	-0.1408792958	-0.0612417521	0.1772352286	-0.0157371576	0.0348893543	-0.0494800651	-0.078082055	-0.0186802098	-0.0543096	-0.0407771	-0.047682499999999996	-0.0014287900000000005	0.00042568	0.000956265
0.041712999999999986	0.0565356086	-0.0353356118	-0.0165877738	0.1205665795	0.020723393	0.0420225409	0.0341657437	-0.0507302891	-0.07753134589999999	-0.0155455703	-0.05434169999999999	-0.0366055	-0.06458530000000001	-0.0016952999999999998	0.000329245	0.00100545
0.047205199999999996	-0.0246477086	0.0073545423	0.0562439227	0.0551583323	-0.0814556723	0.0325379606	0.0334386912	-0.051960071	-0.07691034599999999	-0.0123858767	-0.05429830000000002	-0.0430504	-0.0527293	-0.00213254	0.000316917	0.0008777999999999998
0.03424729999999999	-0.07877971360000001	0.011692663999999998	0.0345728502	-0.0187495398	-0.076653758	0.0384253171	0.03270827	-0.0531689154	-0.0762196185	-0.0092062214	-0.0594175	-0.0392093	-0.0443595	-0.00207877	0.000600878	0.0008771869999999998
0.05893300000000001	0.0482646824	-0.0314426862	-0.0759230612	-0.0092061782	0.0578650937	-0.0161611727	0.0319745538	-0.0543563352	-0.0754597894	-0.0060117288	-0.054349699999999994	-0.052286400000000004	-0.0426955	-0.00157818	0.000494349	0.00105255
0.07224355	-0.0075839427	-0.003987865399999999	0.0552278117	0.0838271736	-0.0126874016	0.0658670393	0.0312376164	-0.0555218517	-0.0746315476	-0.0028075473	-0.05427959999999999	-0.039218	-0.0544415	-0.0022015999999999997	0.000641407	0.000875847
0.026371249999999968	-0.0638675514	0.0094586403	0.0332599546	-0.0393400298	-0.037100288	0.0265460289	0.0304975321	-0.0566649955	-0.0737356442	0.000401159	-0.0542516	-0.0371301	-0.0384301	-0.0022308000000000002	0.000578378	0.0008031969999999999
0.013445250000000002	-0.0932822915	0.0296619402	0.0614648469	0.0060709815	-0.0309841901	0.0382512193	0.0297543755	-0.0577853059	-0.0727728912	0.0036092188	-0.054273199999999994	-0.039206599999999994	-0.0446145	-0.00219237	0.000549627	0.000839271
0.02272805	-0.12877197740000002	0.0374508179	0.0431346223	-0.0439931191	-0.0052783122	0.0219923027	0.0290082213	-0.0588823313	-0.0717441615	0.0068114617	-0.0574196	-0.0347004	-0.038431599999999996	-0.00220575	0.000670448	0.000882921
0.034586049999999965	-0.1652242465	0.0361128029	0.0514361699	-0.0084962875	-0.0107852576	0.048822960599999986	0.0282591448	-0.059955629800000014	-0.0706503878	0.0100027269	-0.0520529	-0.030555099999999998	-0.0384199	-0.00213244	0.0008320710000000001	0.0006166069999999999
0.039099349999999984	-0.1399278953	0.0208551867	-0.0230565706	-0.1163926307	0.0039142281	0.031216361	0.0275072215	-0.061004769	-0.06949256179999999	0.0131778711	-0.052164499999999996	-0.0399644	-0.0384593	-0.0021735	0.000483959	0.0008182159999999998
0.08454385000000003	0.0423411493	-0.0005852494000000001	-0.152656279	-0.0652926068	0.1826175856	0.0267570141	0.026752527	-0.0620293259	-0.068271733	0.0163317771	-0.060103099999999986	-0.056329099999999986	-0.0468315	-0.0014593	0.000384296	0.00104172
0.08864675000000001	0.0251245263	0.0040184185	0.0135819969	0.1324122211	0.1096055568	0.0729960774	0.0259951375	-0.0630288878	-0.0669890084	0.0194593619	-0.0522048	-0.0440647	-0.0634029	-0.00242361	0.000423579	0.00100706
0.045807699999999986	-0.1331206747	0.0357739402	0.0290210404	-0.037537115	-0.0876557163	0.0701941934	0.0252351292	-0.06400305190000001	-0.06564555080000001	0.0225555848	-0.052148	-0.0345723	-0.0451236	-0.00258495	0.000412098	0.000820297
0.0480523	-0.084884067	0.0441520086	-0.0327210567	-0.0271542829	0.0625643691	0.0062387501	0.0244725786	-0.06495142570000001	-0.0642425783	0.0256154559	-0.0521807	-0.033222	-0.0331884	-0.00216842	0.0005344190000000001	0.000976128
0.07355375	-0.0278130681	0.041087274	0.0373441002	0.0538570506	-0.006088009300000001	0.0666103469	0.0237075627	-0.065873627	-0.0627813628	0.0286340436	-0.05217190000000002	-0.038276599999999994	-0.0739185	-0.0025006	0.00042570300000000004	0.0008618189999999999
0.061922299999999986	-0.08038882559999999	0.0323089442	-0.0217025904	-0.0311270309	-0.0177957621	0.005786711	0.0229401584	-0.0667692842	-0.0612632291	0.0316064831	-0.0521544	-0.0382459	-0.0301395	-0.00263746	0.000636649	0.000875915
0.08850819999999998	0.0505274387	0.0202640763	-0.0518406806	0.0677265403	0.0238025427	0.0418357627	0.0221704431	-0.0676380363	-0.0596895534	0.0345279838	-0.0547101	-0.049822500000000006	-0.07266649999999998	-0.00232231	0.000459496	0.00102059
0.08093070000000001	-0.0521214031	0.0295060452	0.0337364434	0.006417270300000001	0.007614225	0.0254036696	0.0213984944	-0.0684795334	-0.0580617626	0.0373938371	-0.0521085	-0.024218200000000002	-0.0523063	-0.00214104	0.000660627	0.0007556989999999998
0.08153780000000001	0.042404713200000006	0.0044982723	-0.0937051917	0.0372338778	0.0357090346	0.0541866476	0.0206243899	-0.0692934363	-0.05638133240000001	0.0401994245	-0.0477841	-0.0358376	-0.07244839999999997	-0.00156606	0.00058742	0.00101655
0.1000906	-0.058331259800000014	0.0404845984	0.0495212913	0.0161226208	0.0100244442	0.0713285566	0.0198482077	-0.0700794171	-0.0546497862	0.0429402241	-0.0486222	-0.029770400000000002	-0.04046	-0.00243734	0.0008320710000000001	0.000908543
0.03739590000000001	0.0331967029	0.0072058975	-0.0917603074	-0.0318056123	0.0332409222	0.014410523400000003	0.019070026	-0.07083715900000001	-0.052868694	0.0456118188	-0.047572500000000004	-0.030018299999999998	-0.0357948	-0.00197317	0.000687235	0.0009281990000000002
0.07101099999999998	0.058162082699999985	-0.0417756636	-0.0538948673	-0.0445024612	0.0494181963	0.0135946996	0.0182899231	-0.0715663568	-0.0510396705	0.0482099028	-0.0512155	-0.049545	-0.0519901	-0.00172981	0.000409699	0.000816175
0.21421432	-0.0342450279	0.0281544267	0.0122328598	-0.0081171989	0.017437332399999998	0.0981605385	0.0175079777	-0.07226671650000001	-0.0491643739	0.0507302891	-0.059306399999999995	0.00593142	-0.010382899999999999	-0.00316514	0.000955597	0.0006166069999999999
0.26201321999999994	0.1330586858	-0.0881608774	-0.2607396474	-0.0997229074	0.1069395702	-0.0836677342	0.016724268400000002	-0.072937956	-0.0472445043	0.0531689154	-0.0540918	-0.0380516	-0.059941199999999986	-0.00139035	0.00033645400000000003	0.00148782
0.07122315	0.166866811	-0.1316020025	-0.019621233	0.2303556369	0.1045511903	0.0131022046	0.0159388744	-0.07357980480000001	-0.0452818024	0.0555218517	-0.0460137	-0.029384800000000006	-0.05882630000000001	-0.00213321	0.0004997409999999999	0.0013267
0.1372293	0.0131124623	-7.07375e-05	0.1047374628	-0.0249417339	-0.1236764046	0.0631386608	0.0151518747	-0.0741920043	-0.0432780475	0.0577853059	-0.053383400000000004	-0.014718	-0.08492469999999999	-0.0035686	0.000594599	0.00107506
0.21440545	0.15301216	-0.0963410358	-0.1966289555	0.0127947772	0.0333005084	-0.0474255249	0.0143633485	-0.0747743077	-0.0412350562	0.059955629800000014	-0.0513881	-0.049930699999999995	-0.0123904	-0.00200473	0.00045357599999999997	0.00146343
0.14677919999999994	0.16824014620000002	-0.1867040811	-0.09564634	0.1479869642	0.0422553999	0.0019240083	0.0135733754	-0.0753264804	-0.0391546809	0.0620293259	-0.0341959	-0.020472099999999997	-0.0751927	-0.00267172	0.0005208680000000001	0.00147567
0.08604790000000001	0.1391046631	-0.1171112466	-0.0127686537	0.06649867450000001	-0.0989906682	-0.0049012725	0.0127820349	-0.07584830000000001	-0.037038807400000005	0.06400305190000001	-0.0489692	-0.026216000000000003	-0.060340899999999996	-0.00317688	0.000737206	0.00118359
0.08039734999999999	0.122996669	-0.0808761674	0.0375343703	0.0517548445	-0.1024426243	0.006690118100000001	0.0119894067	-0.0763395561	-0.0348893543	0.065873627	-0.05298340000000002	-0.0183695	-0.0582538	-0.00212595	0.000567675	0.00107506
0.05084184999999999	0.1304881728	-0.0774603227	0.0155936551	-0.0142191704	-0.0930156684	-0.008153275699999999	0.0111955706	-0.0768000508	-0.03270827	0.0676380363	-0.039894400000000003	-0.018867599999999998	-0.054676199999999994	-0.00255138	0.000463992	0.00121949
0.06620789999999999	0.1634571388	-0.0932498826	-0.040125405	0.0252149308	-0.0490957612	-0.0180284479	0.0104006067	-0.0772295986	-0.0304975321	0.0692934363	-0.048869499999999996	-0.0228533	-0.05819410000000001	-0.00184805	0.000317168	0.00107506
0.06324579999999999	0.1219917383	-0.0567477021	0.062089504800000014	0.0141311243	-0.1054276433	0.0088295245	0.0096045951	-0.0776280263	-0.0282591448	0.07083715900000001	-0.050980199999999996	-0.0209657	-0.0542908	-0.0025539	0.000510332	0.00128293
0.05530814999999999	0.1241907905	-0.0561409983	0.0188396131	-0.0132028495	-0.1225185726	-0.0241507073	0.0088076158	-0.07799517339999999	-0.0259951375	0.07226671650000001	-0.0530241	-0.028542400000000002	-0.035104699999999996	-0.00226559	0.000544181	0.00107506
0.06976934999999998	0.156146173	-0.0335925309	0.044738835199999986	0.0828371537	-0.055883395	0.0113041503	0.0080097493	-0.078330892	-0.0237075627	0.07357980480000001	-0.047999599999999996	-0.0255018	-0.07430700000000001	-0.00206964	0.000476882	0.00126185
0.05419764999999998	0.0685635406	0.0026301501	0.1036904543	-0.0778892897	-0.1818797613	-0.024338921800000003	0.0072110759	-0.0786350467	-0.0213984944	0.0747743077	-0.0530783	-0.014374000000000001	-0.05931709999999999	-0.00230834	0.000511417	0.00107506
0.06785485	0.1135689467	0.00705585	0.0607508401	-0.0311867036	-0.0443326182	-0.0794632676	0.006411676	-0.07890751509999999	-0.019070026	0.07584830000000001	-0.0530611	-0.0325	-0.038196499999999994	-0.00187408	0.000648978	0.00107506
0.07307655000000003	0.1025882859	0.0192318923	0.1174493907	0.0173297225	-0.0917082188	0.0133880082	0.0056116301	-0.0791481873	-0.016724268400000002	0.0768000508	-0.0498592	-0.0275927	-0.07487719999999999	-0.00236497	0.000574135	0.00107506
0.07801945	0.040590236	0.0406880512	0.0626284235	-0.0960690174	-0.0373385387	-0.0360481551	0.004811019000000001	-0.07935696639999999	-0.0143633485	0.0776280263	-0.053052699999999994	-0.0356348	-0.0489583	-0.0017166	0.000743064	0.00107506
0.05621394999999999	0.08736194300000001	0.0529682689	0.1067493754	0.0134234442	-0.0418353223	0.0350794246	0.0040099232	-0.0795337681	-0.0119894067	0.078330892	-0.053110300000000006	-0.0277791	-0.0460545	-0.00245007	0.000650007	0.00115647
0.08518185	-0.0088119948	0.0456282108	0.0703958321	-0.1055711325	-0.06241551820000001	-0.0215259594	0.0032084234000000003	-0.0796785214	-0.0096045951	0.07890751509999999	-0.0529337	-0.016450699999999995	-0.0670909	-0.00194747	0.000679482	0.000635736
0.13057519999999995	0.1113726648	0.0552862896	-0.016710603100000002	-0.0623354521	-0.0004615334	-0.0151784453	0.0024066004	-0.0797911678	-0.0072110759	0.07935696639999999	-0.0426031	-0.0396643	-0.0246011	-0.00147421	0.000679482	0.0012533
0.28116781	-0.1305168841	0.032517288	0.1984961814	0.0984720091	0.0800481957	0.0096109823	0.001604535	-0.0798716619	-0.004811019000000001	0.0796785214	-0.0495994	-0.00945174	-0.11165	-0.0036931999999999993	0.0008699069999999997	0.000524514
0.16234381000000006	-0.2247580896	-0.1126929807	-0.0850568807	-0.1622519052	0.0121366032	-0.0754282203	0.0008023078999999999	-0.0799199714	-0.0024066004	0.0798716619	-0.0484832	0.0013575900000000005	-0.008717769999999998	-0.00309656	0.00082008	0.000827768
0.18838182	-0.08703386880000001	0.0617185839	-0.050690463600000006	0.0254770771	0.1400966042	-0.034066887000000004	0.0	-0.0799360767	-0.0	0.0799360767	-0.0531758	-0.014573	-0.051458900000000016	-0.00107045	0.000554612	0.00103654
0.09307830000000004	-0.0617458506	0.0987545077	-0.0336502396	-0.0194613953	0.0258545917	0.0152503654	-0.0008023078999999999	-0.0799199714	0.0024066004	0.0798716619	-0.053066099999999984	-0.0173765	-0.06308800000000002	-0.00219583	0.000679482	0.00071607
0.0965198	-0.0363869778	0.0913889513	-0.05848663990000001	0.0104564567	0.0417515581	-0.0006399826	-0.001604535	-0.0798716619	0.004811019000000001	0.0796785214	-0.0532168	-0.023459599999999997	-0.035250800000000006	-0.00158782	0.00043346599999999997	0.00111102
0.10152015	-0.0341650016	0.1037107529	0.005033767299999999	0.0171505955	0.044317609	-0.0143137409	-0.0024066004	-0.0797911678	0.0072110759	0.07935696639999999	-0.0530577	-0.030861400000000008	-0.055695900000000007	-0.00240555	0.000679482	0.000704483
0.08158960999999999	-0.019316692	0.0947233541	-0.0481456497	-0.0018136937	0.0237269454	-0.0020933	-0.0032084234000000003	-0.0796785214	0.0096045951	0.07890751509999999	-0.0502958	-0.0327426	-0.00924194	-0.00198931	0.000679482	0.0008980939999999998
0.10894531	-0.0564808766	0.100549188	0.0673381811	0.1232287768	0.0671586599	0.0308913032	-0.0040099232	-0.0795337681	0.0119894067	0.078330892	-0.0530577	-0.0298507	-0.0578655	-0.00288032	0.000679482	0.000695745
0.0752544	-0.1610841848	-0.0481375964	-0.0162231806	-0.0306068033	-0.0547403144	-0.0412896124	-0.004811019000000001	-0.07935696639999999	0.0143633485	0.0776280263	-0.0530735	-0.0157517	-0.0372136	-0.00233036	0.0008072529999999999	0.000827768
0.02728545000000001	-0.1443549375	-0.0580878406	-0.0087271695	0.0487842517	0.0382595773	-0.0658852779	-0.0056116301	-0.0791481873	0.016724268400000002	0.0768000508	-0.05309540000000002	-0.0157955	-0.0428388	-0.00202624	0.000679482	0.000827768
0.03315035	-0.1262579519	-0.059018963	-0.0559544332	-0.0265339807	-0.0375241945	-0.0739688074	-0.006411676	-0.07890751509999999	0.019070026	0.07584830000000001	-0.0603391	-0.021941099999999998	-0.0425232	-0.00183955	0.0007829449999999997	0.000729012
0.06460245	0.0439521821	0.1476969786	-0.08216629019999999	-0.1653507532	0.1992119499	0.0110180241	-0.0072110759	-0.0786350467	0.0213984944	0.0747743077	-0.053166599999999994	-0.0359607	-0.050681	-0.00187597	0.000271939	0.000886637
0.056861699999999994	0.022821404500000003	0.1312107641	0.0679875429	0.106724444	0.0757638051	0.0792376761	-0.0080097493	-0.078330892	0.0237075627	0.07357980480000001	-0.0530956	-0.0259457	-0.050572399999999997	-0.00263122	0.000260975	0.0007195089999999999
0.04586755	-0.081715817	0.016583123300000002	-0.0082753284	-0.040449459900000005	-0.0490172732	1.4563399999999993e-05	-0.0088076158	-0.07799517339999999	0.0259951375	0.07226671650000001	-0.053098900000000004	-0.0152316	-0.044255800000000005	-0.00236913	0.000467297	0.000827768
0.0556076	-0.013485006599999998	0.0712109863	-0.0595035355	-0.0535840121	0.0020693476	0.0015434797	-0.0096045951	-0.0776280263	0.0282591448	0.07083715900000001	-0.0567462	-0.0245023	-0.0251271	-0.00193125	0.00043395900000000004	0.000827768
0.06264375	-0.0322912585	0.070220874	0.0199506233	0.0240124194	0.0001528953	0.006340588100000001	-0.0104006067	-0.0772295986	0.0304975321	0.0692934363	-0.053077099999999995	-0.019463400000000002	-0.0403088	-0.00247765	0.00066264	0.000827768
0.058060750000000015	-0.0111041769	0.0730281187	-0.054041477	-0.0147597104	-0.0560263437	0.009199533	-0.0111955706	-0.0768000508	0.03270827	0.0676380363	-0.05313060000000002	-0.0283606	-0.031684500000000004	-0.0020696	0.000260975	0.000827768
0.07355495	-0.0352824092	0.071537483	0.0497379365	0.08077250650000001	0.0162477539	0.024046845	-0.0119894067	-0.0763395561	0.0348893543	0.065873627	-0.058057400000000016	-0.0190375	-0.0450661	-0.00243976	0.000639754	0.000658238
0.0538289	-0.025403515	0.0490744921	-0.0709188062	-0.0617934467	-0.1010446522	0.0176623235	-0.0127820349	-0.07584830000000001	0.037038807400000005	0.06400305190000001	-0.0477014	-0.0271438	-0.035439599999999995	-0.00223172	0.0005025219999999999	0.000827768
0.0766895	-0.0654669593	0.0222037597	0.0643766499	0.0835533254	0.0937654165	-0.016792400500000002	-0.0135733754	-0.0753264804	0.0391546809	0.0620293259	-0.0689829	-0.0168876	-0.025995499999999998	-0.00269545	0.0007529460000000001	0.000827768
0.07501349999999997	-0.0609104402	0.0214156169	0.014525749199999997	0.005902377800000001	0.0043322383	0.0230672712	-0.0143633485	-0.0747743077	0.0412350562	0.059955629800000014	-0.0511212	-0.020431	-0.052129999999999996	-0.00300382	0.000511838	0.000827768
0.0978221	-0.0824595603	-0.0397855737	-0.0114506192	-0.0056414351	0.0530875834	-0.0933014622	-0.0151518747	-0.0741920043	0.0432780475	0.0577853059	-0.0611335	-0.0250459	-0.041606	-0.00163277	0.000594206	0.000827768
0.07534179999999999	-0.0930563014	-0.0938133149	0.0013699403	0.0209918349	0.0287717437	-0.0812206756	-0.0159388744	-0.07357980480000001	0.0452818024	0.0555218517	-0.0548597	-0.015541999999999999	-0.07452169999999997	-0.00203661	0.0007233339999999997	0.000827768
0.07289294	-0.0790733371	-0.0941309382	-0.0380066895	-0.031975621	0.1164359567	-0.0940829138	-0.016724268400000002	-0.072937956	0.0472445043	0.0531689154	-0.05837390000000001	-0.00182796	-0.056352	-0.00138502	0.000730862	0.00091855
0.06458759	-0.0462150699	-0.0052907291000000006	0.0332600727	0.0225418393	0.0772452924	-0.0145679264	-0.0175079777	-0.07226671650000001	0.0491643739	0.0507302891	-0.0547818	-0.00157832	-0.106272	-0.00146722	0.000617159	0.0008979360000000002
0.058069300000000025	-0.0610280962	-0.0465080049	-0.0122795183	-0.0315844151	-0.0197619138	-0.037660092400000005	-0.0182899231	-0.0715663568	0.0510396705	0.0482099028	-0.0584312	-0.00203812	-0.07211410000000001	-0.00172301	0.000547073	0.000827768
0.033078150000000014	-0.0215937247	0.037216452	-0.006312149699999999	-0.0486698329	0.0264853625	0.0206359782	-0.019070026	-0.07083715900000001	0.052868694	0.0456118188	-0.0563735	-0.008990319999999998	-0.060112599999999995	-0.00155924	0.0004695080000000001	0.000827768
0.03800818	-0.0516219547	-0.048756242000000005	0.0136625452	0.0422691451	-0.0405119652	-0.0457021594	-0.0198482077	-0.0700794171	0.0546497862	0.0429402241	-0.0584059	-0.0171554	-0.070174	-0.00171905	0.0006646839999999999	0.000827768
0.0320952	-0.0486807821	-0.0658204632	-0.0167014301	0.006331485600000001	-0.0263853731	-0.0753995222	-0.0206243899	-0.0692934363	0.05638133240000001	0.0401994245	-0.0584236	-0.0176688	-0.06532769999999999	-0.00124355	0.000605828	0.000827768
0.016206499999999995	-0.0555798823	-0.078354225	-0.0028267640000000003	0.036581736600000005	-0.0002896143	-0.0729562328	-0.0213984944	-0.0684795334	0.0580617626	0.0373938371	-0.0583677	-0.019749	-0.0693053	-0.0012454	0.0008058339999999997	0.000827768
0.02461190000000001	-0.0452625003	-0.0839616404	-0.0086675169	-0.0041773325	-0.0337830175	-0.078392718	-0.0221704431	-0.0676380363	0.0596895534	0.0345279838	-0.0563205	-0.022970400000000002	-0.06822410000000001	-0.00094489	0.000741102	0.000827768
0.0438562	-0.0533651486	-0.08714686279999999	-0.0086104319	0.0384831011	0.0279007651	-0.07855737730000001	-0.0229401584	-0.0667692842	0.0612632291	0.0316064831	-0.058460800000000014	-0.0187197	-0.0642647	-0.0013347	0.000560056	0.000927028
0.0705658	-0.0334297211	-0.0815190658	-0.0295157453	-0.0275463434	-0.0478569302	-0.06243419190000001	-0.0237075627	-0.065873627	0.0627813628	0.0286340436	-0.058420800000000016	-0.0172372	-0.09271510000000001	-0.000628682	0.000566636	0.000827768
0.10113275	0.073104671	0.1068605674	-0.040852869	-0.1460343332	0.1247090625	0.0348966854	-0.0244725786	-0.06495142570000001	0.0642425783	0.0256154559	-0.0540746	-0.0296341	-0.06418919999999999	-0.00145385	0.00042353199999999996	0.000976771
0.058891049999999986	0.1263866576	0.1455228091	0.0500830727	-0.0027705976000000003	0.0839817745	0.07218157160000001	-0.0252351292	-0.06400305190000001	0.06564555080000001	0.0225555848	-0.055985	-0.0382101	-0.07471859999999997	-0.00211416	0.00043551699999999996	0.000891561
0.0637808	0.0246903034	0.0429911244	0.0605134129	0.06038167110000001	-0.0682793103	0.0275201814	-0.0259951375	-0.0630288878	0.0669890084	0.0194593619	-0.05845369999999999	-0.017767599999999998	-0.059076	-0.0025388000000000003	0.000451624	0.000827768
0.053546149999999966	-0.017803446100000002	-0.0349006675	0.0202560207	0.045579931100000005	-0.0744757942	0.005746952	-0.026752527	-0.0620293259	0.068271733	0.0163317771	-0.056132299999999996	-0.020575299999999998	-0.0503724	-0.00214106	0.0007746889999999997	0.0007543039999999999
0.02898055000000001	-0.0397939198	-0.1300647955	0.00106003	0.0464142026	-0.025646404	-0.0971423176	-0.0275072215	-0.061004769	0.06949256179999999	0.0131778711	-0.054442899999999995	-0.0137972	-0.0606732	-0.00194327	0.0007749509999999999	0.0007481110000000001
0.031087600000000007	-0.0303345984	-0.1363385863	-0.0296654609	0.0200538692	-0.0674905005	-0.0764759213	-0.0282591448	-0.059955629800000014	0.0706503878	0.0100027269	-0.05608250000000002	-0.014061700000000002	-0.06379	-0.00159026	0.000863618	0.000827768
0.06049995	0.0238108523	-0.0081768901	-0.06830117570000001	-0.105492727	-0.0005324062	-0.0157360182	-0.0290082213	-0.0588823313	0.0717441615	0.0068114617	-0.0584375	-0.0169469	-0.0354409	-0.00134434	0.0006637860000000001	0.000920229
0.06567350000000001	0.1720821743	0.1756765061	-0.0073997712	-0.0573650079	0.1640198148	0.0982324445	-0.0297543755	-0.0577853059	0.0727728912	0.0036092188	-0.058413599999999996	-0.0368874	-0.07549689999999999	-0.0013300600000000005	0.000670108	0.0008277689999999999
0.10629345	0.1026043173	0.1051915357	0.0607207609	0.0424211005	-0.0373729319	0.0779572907	-0.0304975321	-0.0566649955	0.0737356442	0.000401159	-0.0546229	-0.0252379	-0.0516215	-0.00262519	0.000625682	0.000827768
0.042973500000000005	0.0168752273	0.008284482900000001	0.045851960199999986	0.0347075659	-0.0140759473	0.0311819391	-0.0312376164	-0.0555218517	0.0746315476	-0.0028075473	-0.058446800000000014	-0.0158248	-0.0321267	-0.0025171	0.0005289380000000001	0.000827768
0.05961776	-0.0261617724	-0.06744371589999999	0.0050004966	0.0254418133	-0.0328668795	0.0067140623	-0.0319745538	-0.0543563352	0.0754597894	-0.0060117288	-0.0550268	-0.00406694	-0.0438857	-0.00203761	0.000703066	0.000827768
0.06054883499999999	-0.0212158977	-0.1244423886	-0.0219270868	0.0552475804	-0.0135556755	-0.0726149317	-0.03270827	-0.0531689154	0.0762196185	-0.0092062214	-0.0583087	0.000120945	-0.0559154	-0.00150164	0.0008738809999999999	0.000713566
0.051548552000000004	-0.0073511035	-0.1145698033	-0.0172757939	-0.0153417728	-0.0276153998	-0.039634906	-0.0334386912	-0.051960071	0.07691034599999999	-0.0123858767	-0.058323400000000004	0.000275497	-0.0437477	-0.00208967	0.000955881	0.000827768
0.065438897	0.0671253906	0.0750023613	-0.043434592	-0.1312031502	0.04682395650000002	0.0654588243	-0.0341657437	-0.0507302891	0.07753134589999999	-0.0155455703	-0.05456130000000002	-0.0204516	-0.0559793	-0.00195162	0.000519569	0.000827768
0.04164265	0.1243846131	0.1507285134	0.0211742692	-0.0431099876	0.0647525563	0.1236094427	-0.0348893543	-0.0494800651	0.078082055	-0.0186802098	-0.0584148	-0.0275874	-0.0651928	-0.00230626	0.0005333530000000001	0.0008881409999999998
0.0436198	0.0898875233	0.1051659035	0.0370807103	0.0322792155	-0.0578808522	0.095521502	-0.035609450099999995	-0.0482099028	0.0785619741	-0.0217847431	-0.05445269999999999	-0.0173771	-0.055333600000000004	-0.00256215	0.000547156	0.00076607
0.017493350000000005	0.0224436627	0.0182770303	0.0492374067	0.0396754455	-0.0411845803	0.0344968394	-0.0363259585	-0.0469203142	0.0789706681	-0.0248541669	-0.0583812	-0.0119967	-0.05127759999999999	-0.00258302	0.000547156	0.0008277689999999999
0.059469455	-0.0014475397	-0.0352723879	-0.0046556043	0.0083915248	-0.0783579623	0.013413281200000002	-0.037038807400000005	-0.0456118188	0.0793077664	-0.0278835343	-0.05829930000000001	0.000152605	-0.0535513	-0.00193694	0.000547156	0.0005745580000000001
0.02841310500000001	0.0041711924	-0.059846487	-0.0033582544	0.0498516079	-0.052928631	-0.0241855359	-0.037747925	-0.0442849438	0.0795729635	-0.030867963	-0.0583812	-0.0107158	-0.0522875	-0.00186617	0.000547156	0.000827768
0.027543350000000005	-0.0043778689	-0.0899849407	-0.0287449148	0.034659676	-0.0902052487	-0.0206512837	-0.038453239900000005	-0.0429402241	0.0797660189	-0.0338026431	-0.0582528	-0.0142703	-0.0535408	-0.00187183	0.0007688499999999999	0.000602979
0.05620419999999999	0.0038479822	-0.0397404735	-0.01425357	-0.007510319699999999	-0.0245648161	-0.0302939759	-0.0391546809	-0.0415782013	0.0798867576	-0.0366828449	-0.0583812	-0.0176099	-0.0632273	-0.00145732	0.000547156	0.0008277689999999999
0.04016915000000002	0.0675481937	0.1054023467	-0.0048366777	-0.0728854817	0.0503298687	0.0836863741	-0.0398521774	-0.0401994245	0.07993507009999999	-0.0395039266	-0.0583635	-0.0282296	-0.063376	-0.00196149	0.000630647	0.0008277689999999999
0.019012599999999987	0.0210973027	0.0323872764	0.0348053813	0.05953177530000001	-0.0066074753	0.0518449526	-0.0405456591	-0.038804449	0.0799109126	-0.0422613414	-0.058365699999999986	-0.0164345	-0.0664288	-0.00204404	0.0006299480000000001	0.000827768
0.03929044999999999	-0.0042840447	-0.0291964932	-0.006931027199999999	-0.01291082	-0.0106657933	0.00511361	-0.0412350562	-0.0373938371	0.0798143071	-0.0449506455	-0.055919399999999994	-0.0113171	-0.05529880000000001	-0.00190157	0.000547156	0.000641095
0.046125099999999995	0.0423526912	0.0503531928	-0.0011738494	-0.043477495	-0.0150039108	0.0640172371	-0.0419202993	-0.0359681572	0.079645341	-0.0475675045	-0.05391749999999999	-0.0237162	-0.0436055	-0.00205428	0.000547156	0.000889001
0.03690935000000002	0.0076799346	-0.005480828	0.0234292346	0.01576303	-0.012287726	0.036467914	-0.0426013192	-0.0345279838	0.0794041677	-0.050107701	-0.0583812	-0.015733700000000003	-0.058064	-0.00219314	0.000547156	0.000827768
0.05733135	0.0427172411	0.0408355661	-0.0383015139	-0.064080425	-0.0704830838	0.0416403232	-0.0432780475	-0.0330738971	0.07909100570000001	-0.052567141100000006	-0.058365999999999994	-0.0175855	-0.036819199999999996	-0.00162914	0.0004933730000000001	0.00076116
0.042953	0.0463306837	0.0643497864	0.0293778694	0.047639205700000006	0.0166428329	0.086556415	-0.0439504158	-0.0316064831	0.0787061389	-0.0549418609	-0.0583812	-0.020553400000000003	-0.0640245	-0.00149424	0.000547156	0.0008277689999999999
0.05191095000000001	0.007356605899999999	-0.0282398651	-0.0084384373	0.0084755742	-0.1013041198	0.0035229527	-0.044618356500000005	-0.0301263332	0.0782499164	-0.0572280333	-0.058292099999999986	-0.020805900000000002	-0.053123500000000004	-0.00200888	0.0006540059999999999	0.000635892
0.04027915000000002	-0.0038816189	-0.0338365203	0.0334178009	0.056968486	0.0481909984	-0.0187251512	-0.0452818024	-0.0286340436	0.0777227516	-0.0594219737	-0.0582645	-0.0240495	-0.046364499999999996	-0.0018081	0.0009471869999999999	0.00074691
0.06578315000000001	0.011844721200000002	-0.0195022059	-0.0230477438	-0.027142641	-0.0718111079	0.0193870707	-0.0459406864	-0.0271302159	0.0771251226	-0.0615201462	-0.058324	-0.016788099999999997	-0.0740061	-0.00194442	0.000547156	0.000666848
0.05304250000000001	0.012156538400000002	-0.013967232	0.0050648698	0.035089706400000004	0.032467863199999995	-0.017292259299999998	-0.046594942400000006	-0.0256154559	0.07645757110000001	-0.0635191694	-0.0548971	-0.018465400000000003	-0.0490731	-0.00182355	0.0007254710000000001	0.0008277689999999999
0.03989745	0.0021933877	-0.0054516294	-0.0029122327	-0.008556269	-0.005422748000000001	0.0249953343	-0.0472445043	-0.024090374	0.0757207024	-0.06541582139999999	-0.0541836	-0.0122578	-0.0564627	-0.00215697	0.000547156	0.0008277689999999999
0.02961120999999999	-0.0033969828000000005	-0.0031826876	-0.0182881842	-0.0100648696	0.038913405	0.0232030798	-0.0478893067	-0.0225555848	0.0749151845	-0.06720704549999999	-0.050833800000000005	-0.00955179	-0.0462578	-0.00188996	0.000547156	0.0008277689999999999
0.044245240000000005	-0.0055862401	-0.0174337897	0.0097801831	0.005344661999999999	0.0085581095	-0.0033644708000000003	-0.0485292848	-0.0210117067	0.0740417477	-0.06888995490000001	-0.0528736	-0.00426775	-0.06518919999999999	-0.00224976	0.000547156	0.0008277689999999999
0.05055665	-0.0019171927	-0.0177734069	-0.035129741400000004	-0.0153432898	0.0243846833	0.039711094	-0.0491643739	-0.0194593619	0.07310118389999999	-0.07046183730000001	-0.0461307	-0.0118874	-0.047282599999999994	-0.00188401	0.000547156	0.0008277689999999999
0.05371336799999999	-0.0063274799	-0.0358266711	0.0082942281	0.022653045	-0.0143065153	-0.0090602079	-0.0497945101	-0.0178991758	0.0720943458	-0.0719201593	-0.0597476	0.00040356800000000004	-0.06545930000000001	-0.00201448	0.000609262	0.0008277689999999999
0.05046086799999999	0.0268897629	0.0364993417	-0.0528346821	-0.0725578792	-0.0198141689	0.0506006859	-0.05041963	-0.0163317771	0.0710221462	-0.0732625707	-0.05371990000000002	-0.016859700000000002	-0.0431392	-0.00204937	0.000547156	0.0008277689999999999
0.052679599999999965	0.0046261233	0.0134227981	0.0494892608	0.0427890126	0.0205171283	0.0175199646	-0.0510396705	-0.0147577975	0.0698855571	-0.0744869079	-0.0526056	-0.0109691	-0.07133830000000001	-0.00222238	0.0007236579999999999	0.0008277689999999999
0.07109486000000001	0.0140311992	0.0077117125	-0.0216720121	-0.0400424142	-0.0607765804	0.0129520572	-0.0516545692	-0.0131778711	0.0686856091	-0.07559119780000001	-0.0478435	0.00578436	-0.052951	-0.00163858	0.000763698	0.0008277689999999999
0.04384516000000002	-0.017799724399999998	-0.0931589002	-0.0024078413	0.0469364818	0.017894489399999998	-0.0561952234	-0.0522642642	-0.0115926346	0.06742339	-0.0765736605	-0.05346990000000002	-0.0104685	-0.050610699999999995	-0.00181455	0.000547156	0.0008277689999999999
0.02576575	-0.0137263154	-0.0694636929	-0.0124982018	-0.0028025027000000004	0.0546521268	-0.0278626881	-0.052868694	-0.0100027269	0.0661000441	-0.0774327128	-0.0534761	-0.010496799999999999	-0.053388599999999994	-0.00175263	0.0007523719999999997	0.0010197000000000001
0.06927615	-0.0065951514	0.0138612399	0.050863690700000005	0.0273216562	0.1112044062	0.0345460738	-0.0534677978	-0.0084087885	0.0647167712	-0.07816697	-0.04862059999999999	-0.0104506	-0.08152829999999997	-0.00202843	0.000547156	0.0007760210000000001
0.046831	-0.0104053665	-0.0368987889	-0.0425507238	-0.0683866516	-0.0171585011	0.022460868	-0.0540615151	-0.0068114617	0.0632748254	-0.0787752489	-0.0478772	-0.0105182	-0.0593545	-0.00170964	0.000600643	0.000880668
0.0209709	-0.009175045	-0.0324228881	0.0244254627	0.0752601752	0.1230027988	-0.0151668183	-0.0546497862	-0.0052113902	0.061775514	-0.079256569	-0.0526276	-0.0105255	-0.0571894	-0.00179813	0.000740216	0.0008277689999999999
0.03287195	-0.0124767534	-0.0008413867999999999	-0.0068778316	-0.0497241278	-0.0256082302	0.0141589696	-0.0552325519	-0.0036092188	0.0602201963	-0.0796101548	-0.048230800000000004	-0.0104522	-0.0619293	-0.00219975	0.0006685969999999999	0.0008277689999999999
0.04783113	-0.0075994904	-0.0252145505	-0.0244350042	0.019713189	0.0377557385	-0.0231019203	-0.0558097533	-0.002005593	0.0586102822	-0.0798354362	-0.0471028	0.00324338	-0.054836800000000005	-0.00180289	0.000547156	0.0008277689999999999
0.04598538099999999	0.0001788458	-0.0141394626	0.0227896784	0.0161303792	-0.022881344700000004	-0.0015055769	-0.05638133240000001	-0.000401159	0.0569472315	-0.0799320503	-0.047206	0.0007370989999999997	-0.08158609999999998	-0.0019847000000000003	0.000697878	0.0008277689999999999
0.06674189900000001	0.0171122182	0.034502889700000004	-0.0357773236	-0.0589001281	-0.064687881	0.0266967003	-0.0569472315	0.0012034366	0.0552325519	-0.0798998413	-0.0432496	-0.015471100000000003	-0.0524586	-0.00201381	0.000819453	0.00102608
0.045050840000000016	-0.008499227199999999	-0.0163802737	0.0275805773	0.051649248	0.0361269527	-0.0063039825	-0.0575073938	0.0028075473	0.0534677978	-0.0797388611	-0.0464793	-0.00309491	-0.0363519	-0.0020055	0.000759308	0.00082777
0.04218448	0.0017037708	0.0372276684	0.0192609276	-0.012975269	-0.0146433717	0.0274816202	-0.0580617626	0.0044105266	0.0516545692	-0.0794493692	-0.0432285	-0.00304123	-0.06248980000000001	-0.00204819	0.000547156	0.00082777
0.02293543	0.0016380812	0.0028607719	-0.0555193027	-0.0492520078	-0.0611789666	-0.0132169953	-0.0586102822	0.0060117288	0.0497945101	-0.0790318321	-0.043276199999999994	-0.00307576	-0.0558048	-0.00186673	0.000547156	0.0009696739999999999
0.04041064	-0.0102229984	0.0091838311	0.056816269	0.0674885578	0.0980009714	0.0011007873	-0.0591528974	0.007610508399999999	0.0478893067	-0.0784869228	-0.0431876	-0.0126222	-0.0483226	-0.0018100999999999998	0.0008144899999999999	0.00082777
0.06091925999999999	-0.0195863708	0.0113112072	0.0115708632	-0.0348096277	-0.0094747088	0.0358062454	-0.0596895534	0.0092062214	0.0459406864	-0.0778155195	-0.0432285	-0.00298524	-0.06590030000000001	-0.00221604	0.000547156	0.00082777
0.06479336	-0.0019106211	0.0156294928	-0.0386160105	-0.0480073229	-0.0001598657	0.006808054	-0.0602201963	0.0107982247	0.0439504158	-0.0770187042	-0.0432285	-0.0117256	-0.0324548	-0.00176389	0.000547156	0.00082777
0.04252362	-0.006660684300000001	-0.0255615244	0.0110215463	0.0371821743	0.0313319069	-0.0163884621	-0.0607447724	0.0123858767	0.0419202993	-0.0760977612	-0.0432285	-0.00301183	-0.056038599999999994	-0.00196841	0.000547156	0.0008277689999999999
0.031862520000000005	-0.0131185733	-0.0457181454	-0.0158543442	-0.005487287800000001	0.0137017064	-0.0425527504	-0.0612632291	0.0139685379	0.0398521774	-0.0750541746	-0.0403425	-0.0111934	-0.0466927	-0.00195035	0.000547156	0.00103869
0.04091335000000002	-0.0111731972	-0.0079155101	0.0464266636	0.049623027	0.0898320405	-0.0034868132	-0.061775514	0.0155455703	0.037747925	-0.07388962639999999	-0.053292099999999995	-0.0105399	-0.0547861	-0.00200728	0.000663643	0.00082777
0.036653950000000005	-0.0032366415000000003	0.026467489500000003	0.0072723619	-0.0085869814	-0.0251887053	0.0098831911	-0.062281575599999986	0.0171163386	0.035609450099999995	-0.0726059935	-0.0484777	-0.0164479	-0.0666074	-0.00179663	0.0007351979999999997	0.00082777
0.05846679	-0.0125295333	-0.0361073831	0.0003919669	0.0520287187	0.0031077986	-0.0421950138	-0.0627813628	0.0186802098	0.0334386912	-0.0712053446	-0.047905800000000005	-0.00297761	-0.0467039	-0.00224209	0.00078016	0.00082777
0.14244745	-0.0116250696	0.0338924696	0.011095095	-0.0107589114	-0.0325831507	0.012248621	-0.0632748254	0.0202365536	0.0312376164	-0.06968993700000001	-0.0432538	0.00570724	-0.103591	-0.00116261	0.00041517	0.00082777
0.09434535600000002	-0.005721471600000001	-0.0109798697	-0.05784103	-0.0100854694	-0.0557554439	-0.0173266747	-0.0637619136	0.0217847431	0.0290082213	-0.0680622132	-0.040129000000000005	0.000510184	-0.0612521	-0.0015753	0.000312538	0.00118614
0.069686274	-0.007776285	-0.0068487515	0.0216116102	0.0594463961	0.0437255451	-0.0354085857	-0.0642425783	0.0233241543	0.026752527	-0.0663247964	-0.048964999999999995	-0.00308639	-0.07596189999999997	-0.00183319	0.000547156	0.00082777
0.04920571000000002	-0.002322718	0.011705988	-0.0093263308	-0.048613074000000006	-0.0410576269	0.004286784	-0.0647167712	0.0248541669	0.0244725786	-0.0644804868	-0.043232	-0.018068999999999998	-0.0629477	-0.00185835	0.0007190889999999999	0.000940195
0.04159148	-0.0091559407	-0.0090362557	0.0115666814	0.0153320909	0.0371329825	-0.0389962582	-0.0651844444	0.0263741644	0.0221704431	-0.0625322567	-0.0485324	-0.00821342	-0.0515221	-0.00191407	0.000547156	0.00101274
0.03627203	-0.0206500314	-0.0181376796	0.0190342554	0.0142164325	0.0239473607	-0.005347357	-0.06564555080000001	0.0278835343	0.0198482077	-0.060483246	-0.04321269999999999	-0.008228000000000001	-0.06787	-0.00192862	0.000639433	0.00082777
0.04757836	-0.0251794051	-0.0241284292	-0.0373228888	-0.0469835734	-0.0227720099	-0.032030979300000005	-0.0661000441	0.0293816684	0.0175079777	-0.058336757	-0.0432921	-0.00112874	-0.047521600000000004	-0.00204332	0.0005471569999999999	0.00102182
0.03966942	-0.0057185834	0.0095294958	-0.0290184251	-0.0370154012	-0.0003285172	-0.0164680064	-0.0665478783	0.030867963	0.0151518747	-0.0560962492	-0.0432675	-0.00566676	-0.062435000000000004	-0.00172698	0.0005471569999999999	0.000934292
0.04188899	-0.0168276106	-0.006359903399999999	0.028235404	0.0303851119	0.07726847070000001	-0.0362249129	-0.0669890084	0.0323418192	0.0127820349	-0.0537653335	-0.043176	-0.0114789	-0.0608203	-0.00207434	0.0007806879999999998	0.00082777
0.028587249999999988	0.0134248385	0.0779314432	0.0062641669	-0.0434316206	-0.0240383201	0.0342416157	-0.06742339	0.0338026431	0.0104006067	-0.0513477665	-0.0432444	-0.0192303	-0.06577960000000001	-0.00207714	0.000467325	0.00082777
0.0446021	-0.0004535196	0.00172187	-0.0129963113	0.0364935953	-0.0038372926	-0.0591979507	-0.0678509792	0.0352498461	0.0080097493	-0.0488474444	-0.042243800000000005	-0.0134398	-0.0575597	-0.00156515	0.0005471569999999999	0.00082777
0.03982395	-0.0192293669	-0.0060882156	0.0094518214	0.0485524392	-0.0074853657999999984	-0.0314237074	-0.068271733	0.0366828449	0.0056116301	-0.046268397	-0.047906	-0.0136315	-0.060678699999999995	-0.00200452	0.000650764	0.0009018139999999999
0.06912102000000002	-0.0007255451	0.0226841567	-0.0199623687	-0.0504484374	-0.07156951980000001	-0.0090368329	-0.0686856091	0.0381010623	0.0032084234000000003	-0.0436147809	-0.0414744	-0.00638188	-0.0471071	-0.0013294000000000001	0.0005471569999999999	0.0009604510000000001
0.05810562	0.0035686441	0.0426961239	-0.0212691431	-0.0067907412	-0.040060386	-0.0044333468	-0.0690925657	0.0395039266	0.0008023078999999999	-0.0408908726	-0.040949099999999995	-0.0186814	-0.06757769999999999	-0.0015426699999999995	0.00043504199999999996	0.00113127
0.05969720000000001	-0.0133514329	0.0100880707	0.0317158598	0.0403438236	0.013081056200000002	-0.0113903898	-0.06949256179999999	0.0408908726	-0.001604535	-0.0381010623	-0.0443949	-0.00105585	-0.06255810000000002	-0.00179918	0.0005471569999999999	0.00082777
0.03893350999999999	-0.0104196758	0.0209037795	-0.0056373408	-0.0495770974	-0.0484509722	-0.0102877901	-0.0698855571	0.0422613414	-0.0040099232	-0.0352498461	-0.0461854	-0.00687811	-0.064336	-0.00194408	0.000700874	0.00112001
0.046173079999999984	-0.0147277618	-0.0004479893	0.0165534307	0.0206310397	0.049404031900000006	-0.0294607171	-0.0702715121	0.0436147809	-0.006411676	-0.0323418192	-0.0487921	-0.007950139999999998	-0.0541885	-0.0017430999999999998	0.0005471569999999999	0.00082777
0.03462269999999998	-0.0195102957	0.010051821	0.017401321100000002	-0.0041390094	0.0272740843	0.0014156020000000002	-0.0706503878	0.0449506455	-0.0088076158	-0.0293816684	-0.0472306	-0.00968204	-0.06851080000000001	-0.0018969999999999998	0.000733397	0.00082777
0.06240146	-0.0060145784	-0.0063040485	-0.0412425238	-0.065895879	-0.0357605448	-0.0202691102	-0.0710221462	0.046268397	-0.0111955706	-0.0263741644	-0.0449194	-0.0134183	-0.04533619999999999	-0.00162762	0.00046909800000000004	0.0009576789999999999
0.064535015	-0.0109201021	-0.0093395244	0.025889359700000003	0.0360719516	0.0650492965	-0.0336672593	-0.0713867496	0.0475675045	-0.0135733754	-0.0233241543	-0.0499256	-0.000982585	-0.027882	-0.00201243	0.0005471569999999999	0.00082777
0.064586915	-0.0035702076	0.0221171304	0.0148021521	0.0137842348	-0.0161538256	-0.0094712009	-0.0717441615	0.0488474444	-0.0159388744	-0.0202365536	-0.0410317	-0.014994399999999996	-0.06942319999999999	-0.00201523	0.0005471569999999999	0.00082777
0.04201635	0.0004323489	0.0212405444	-0.0321348202	-0.0527876708	-0.0589386435	-0.0063926592	-0.0720943458	0.050107701	-0.0182899231	-0.0171163386	-0.043566	-0.012077	-0.0506544	-0.00177251	0.0005471569999999999	0.000940967
0.02308475	-0.0043121374	0.0117521332	-0.030521971	-0.035133444900000005	-0.0324689829	-0.0080143299	-0.0724372672	0.0513477665	-0.0206243899	-0.0139685379	-0.036903899999999996	-0.0122335	-0.0537909	-0.00188368	0.0005471569999999999	0.00109239
0.070774724	-0.0062200896	-0.027046526	0.0281421612	0.0381546025	0.056409248	-0.0468967882	-0.0727728912	0.052567141100000006	-0.0229401584	-0.0107982247	-0.0485073	-0.000990426	-0.0489579	-0.0020428	0.000859376	0.000701824
0.050925824000000015	0.0059783739	0.052569343	0.0097535439	-0.0207699496	-0.0082149537	0.0389522624	-0.07310118389999999	0.0537653335	-0.0252351292	-0.007610508399999999	-0.0427081	-0.0183766	-0.059491599999999985	-0.00200522	0.0006787680000000001	0.000827771
0.033260750000000006	-0.0042026966	-0.004365184	0.0199507752	0.0342786615	0.0017856881	-0.030846363	-0.0734221124	0.0549418609	-0.0275072215	-0.0044105266	-0.046657300000000006	-0.013778100000000001	-0.0445216	-0.00201751	0.0005471580000000001	0.000878732
0.02836425	-0.0059797883	0.0250747728	0.0083736575	0.004062321	-0.0285898914	0.0341486109	-0.0737356442	0.0560962492	-0.0297543755	-0.0012034366	-0.0431985	-0.010981999999999999	-0.0544836	-0.00188473	0.000487952	0.000827771
0.04982034	-0.0026616691	0.0046217124	-0.0215306445	-0.0196516882	-0.0243584241	-0.0178249351	-0.0740417477	0.0572280333	-0.0319745538	0.002005593	-0.039307800000000004	-0.00870971	-0.0731316	-0.00156303	0.000309465	0.000827771
0.03969059	-0.0076302472	0.0220559134	0.0074615986	0.0325156011	0.0056242733	0.0083996775	-0.0743403923	0.058336757	-0.0341657437	0.0052113902	-0.042073599999999996	-0.013466200000000001	-0.0752578	-0.00205677	0.00041656699999999996	0.000827771
0.06926101	0.0017560441	0.0127667584	0.0009313694	-0.0031889493	-0.0456254348	-0.0170150125	-0.0746315476	0.0594219737	-0.0363259585	0.0084087885	-0.048893900000000004	-0.00105914	-0.05321519999999999	-0.0017111000000000001	0.0005471569999999999	0.0009113319999999999
0.03978236100000001	0.0126388204	0.0512105416	0.0303708236	0.0316324946	-0.0092871232	0.0072446568999999985	-0.0749151845	0.060483246	-0.038453239900000005	0.0115926346	-0.0432041	-0.0009760289999999999	-0.0634122	-0.00204709	0.000678235	0.0009205130000000001
0.04479382900000002	-0.0125785386	-0.026182529500000003	-0.0195140249	-0.0015958412	-0.063727884	-0.026093919500000003	-0.07519127440000001	0.0615201462	-0.0405456591	0.0147577975	-0.037951599999999995	0.0089493	-0.07058500000000001	-0.00173526	0.0005471580000000001	0.00092647
0.0435294	-0.0153511868	-0.0475460631	0.0140439034	0.042964501	0.0165892932	-0.0430593478	-0.0754597894	0.0625322567	-0.0426013192	0.0178991758	-0.0493269	-0.011624200000000001	-0.0680045	-0.00160056	0.0005471580000000001	0.000971772
0.02982773	-0.0196026409	-0.0922027669	-0.0213003584	-0.0116430513	-0.06081904570000001	-0.0402201813	-0.0757207024	0.0635191694	-0.044618356500000005	0.0210117067	-0.0467559	-0.00434522	-0.06461900000000001	-0.00132907	0.0005471580000000001	0.000911417
0.05547062999999999	-0.0042003746	0.0052584468	-0.0246174811	-0.034756465099999995	0.08652611699999999	-0.0115331657	-0.0759739873	0.0644804868	-0.046594942400000006	0.024090374	-0.0418116	-0.01797	-0.0545577	-0.00125313	0.00032511599999999997	0.00115024
0.0660332	0.0036432586	0.0236033987	0.005120417800000001	0.001909365	0.0337069036	0.0227322045	-0.0762196185	0.06541582139999999	-0.0485292848	0.0271302159	-0.0454304	-0.0192965	-0.08564199999999997	-0.00157028	0.0005471580000000001	0.00108936
0.056808400000000016	0.0165428168	0.0634278275	-0.0379750507	-0.0528030191	-0.0240418434	0.0484610168	-0.07645757110000001	0.0663247964	-0.05041963	0.0301263332	-0.0383234	-0.0215199	-0.0579668	-0.00146796	0.000426702	0.00126264
0.06134990000000001	0.0020985093	0.0281381359	0.0256487168	0.0296170053	0.0011710827	0.0060480621	-0.0766878214	0.06720704549999999	-0.0522642642	0.0330738971	-0.0430593	-0.013634	-0.0721586	-0.00188779	0.0005471580000000001	0.0011122
0.06558065	0.014913233	0.0278823335	-0.0500384913	-0.0367059823	-0.0449479133	0.0244568186	-0.07691034599999999	0.0680622132	-0.0540615151	0.0359681572	-0.0337866	-0.0234863	-0.0557096	-0.00162855	0.000283885	0.00118982
0.0974303	0.001759054	0.0070361888	0.0688659227	0.0828190877	0.096079053	0.0203054921	-0.0771251226	0.06888995490000001	-0.0558097533	0.038804449	-0.046227	-0.017440899999999995	-0.038810000000000004	-0.00202914	0.000934057	0.000999684
0.06525455	0.000405416	-0.0026277942	0.0176305132	0.0181591854	-0.0229230178	0.0024806208	-0.0773321295	0.06968993700000001	-0.0575073938	0.0415782013	-0.0339718	-0.015178	-0.0653596	-0.00195446	0.000770006	0.00124469
0.06831364999999998	-0.0131178442	-0.06109379440000001	0.0415354319	0.0469441962	0.0434273381	-0.0609612001	-0.07753134589999999	0.07046183730000001	-0.0591528974	0.0442849438	-0.04415619999999999	-0.0247587	-0.0678237	-0.00150022	0.000719476	0.000827771
0.04001380000000001	0.0095846536	0.0378006974	0.0048309701	-0.08869933529999999	-6.7307000000000015e-06	0.0344982432	-0.0777227516	0.0712053446	-0.0607447724	0.0469203142	-0.036246600000000004	-0.0231321	-0.0532325	-0.0016992	0.0008382239999999999	0.000827771
0.040020149999999984	-0.006795786	-0.0031883192	0.0187203096	0.0199712471	0.07173047240000001	-0.0540618955	-0.0779063275	0.0719201593	-0.062281575599999986	0.0494800651	-0.0349288	-0.00927235	-0.0427826	-0.0017674	0.0008470189999999999	0.00103863
0.06582110000000001	0.0045702462	0.0389559108	0.0191331447	-0.0335059653	0.0227332862	0.044965015700000006	-0.078082055	0.0726059935	-0.0637619136	0.051960071	-0.0328235	-0.016969400000000003	-0.0625947	-0.00206198	0.000628325	0.000827771
0.07385159000000001	0.0221886301	0.0226991357	-0.0456292709	-0.0696802962	-0.0364470535	0.0223796682	-0.0782499164	0.0732625707	-0.0651844444	0.0543563352	-0.0324736	-0.00570211	-0.041206099999999996	-0.0017483799999999995	0.0005471580000000001	0.00124992
0.044646033000000016	0.0034806131	0.006435992299999999	0.053636973	0.0379649174	0.0689628346	0.0239734784	-0.0784098948	0.07388962639999999	-0.0665478783	0.0566649955	-0.036423699999999996	0.000949073	-0.0358673	-0.00190035	0.0005471580000000001	0.000827771
0.074284823	0.0237185003	0.0570052337	-0.0024932574	-0.0247902283	-0.0191603429	0.0675171859	-0.0785619741	0.0744869079	-0.0678509792	0.0588823313	-0.0365559	-0.016122	-0.0574641	-0.00223867	0.000494632	0.00114662
0.039632149999999984	0.0220622063	0.0122611831	-0.0442895855	-0.0120087608	-0.051197730199999986	0.0291464432	-0.0787061389	0.0750541746	-0.0690925657	0.061004769	-0.033590499999999995	-0.0242735	-0.0556672	-0.00189319	0.000340235	0.00118111
0.05593004999999999	-0.0023805324	-0.0036973737	0.0280635218	0.0398888811	0.0260842412	0.0046307788	-0.0788423748	0.07559119780000001	-0.0702715121	0.0630288878	-0.0364942	-0.015522	-0.0490625	-0.00227275	0.0005471580000000001	0.00101419
0.09790194599999999	0.0187769519	0.047503856	-0.019272466	-0.0164799347	-0.0459285378	0.0579252147	-0.0789706681	0.0760977612	-0.0713867496	0.06495142570000001	-0.0323056	0.000925846	-0.082274	-0.00157373	0.0005471580000000001	0.00119625
0.07565300599999998	0.0199238132	0.0194304832	-0.0433950589	-0.0545799585	-0.0420003009	0.0456306111	-0.07909100570000001	0.0765736605	-0.0724372672	0.0667692842	-0.0365316	-0.00581041	-0.045576900000000004	-0.00183775	0.000371585	0.00107597
0.052612760000000015	-0.0059924734	-0.0398953372	0.0316037473	0.0408764213	0.077116749	-0.0380987385	-0.0792033756	0.0770187042	-0.0734221124	0.0684795334	-0.0393859	0.0010042	-0.0493846	-0.00225235	0.0005471580000000001	0.00126852
0.05052248100000002	-0.0007586167	-0.0018733422	0.0180137607	0.0249752704	0.0017050183	0.0105875608	-0.0793077664	0.0774327128	-0.0743403923	0.0700794171	-0.0364851	0.000992419	-0.0795173	-0.00220866	0.000601212	0.00101672
0.054960138999999984	-0.0024571545	-0.0197119792	-0.0506735773	-0.0264266952	-0.0706497019	0.0115402782	-0.0794041677	0.0778155195	-0.07519127440000001	0.0715663568	-0.036541500000000005	-0.00304772	-0.0548509	-0.00186438	0.0005471580000000001	0.0011423300000000002
0.03253680399999999	-0.0014019972	-0.0310555596	0.0314055464	0.0458495849	0.0359753804	-0.016327246	-0.0794925697	0.07816697	-0.0759739873	0.072937956	-0.036423699999999996	0.0009347340000000002	-0.042658800000000004	-0.00185405	0.0005471580000000001	0.000827771
0.038770416	0.0015436685000000002	-0.0102907764	-0.0183519195	-0.0155608692	-0.0262907102	-0.003862173	-0.0795729635	0.0784869228	-0.0766878214	0.0741920043	-0.0364991	0.0010021000000000001	-0.06777949999999999	-0.00192733	0.0005471580000000001	0.00102463
0.05444852000000002	0.0081729827	-0.0251395842	-0.0276141626	-0.0092633815	-0.0279212464	0.0184018062	-0.079645341	0.0787752489	-0.0773321295	0.0753264804	-0.036599900000000005	-0.00300787	-0.0709448	-0.00144586	0.00020235900000000002	0.00114181
0.023229659999999992	-0.0029739673	-0.0195044764	0.0196129372	0.0273334747	0.0225000589	-0.0047306939	-0.079709695	0.0790318321	-0.0779063275	0.0763395561	-0.0404025	0.00090369	-0.06918939999999997	-0.0014831899999999995	0.000427331	0.00115471
0.06571252000000001	-0.0034781452000000003	-0.0177899524	0.0157552746	0.0264305482	0.0031181468	0.0018887526	-0.0797660189	0.079256569	-0.0784098948	0.0772295986	-0.03648169999999999	-0.00736873	-0.08165519999999997	-0.00201103	0.0005471580000000001	0.000981307
0.03605092	0.002621369	-0.0101022893	-0.0267674872	-0.0258592451	-0.0413330933	0.0338031665	-0.0798143071	0.0794493692	-0.0788423748	0.07799517339999999	-0.032931999999999996	0.00100514	-0.0677014	-0.00196106	0.000395822	0.000979142
0.03870993000000001	0.0080101656	-0.0265902159	-0.0270542502	-0.0111464459	-0.0192655297	-0.0165375497	-0.0798545546	0.0796101548	-0.0792033756	0.0786350467	-0.0365839	-0.00657189	-0.07133719999999999	-0.00190581	0.0005471580000000001	0.00124946
0.03413811	-0.0057024018	-0.0253114638	0.0241785649	0.0360205029	0.0371567292	0.0048098541	-0.0798867576	0.0797388611	-0.0794925697	0.0791481873	-0.0398883	-0.0118305	-0.0556936	-0.00193956	0.0005471580000000001	0.00108458
0.05505468999999998	0.0012202843	-0.0188746693	-0.0009487691	-0.0120709148	0.0015847627	0.008768139	-0.0799109126	0.0798354362	-0.079709695	0.0795337681	-0.0364661	-0.00101861	-0.074085	-0.00193069	0.00036425199999999997	0.0008277719999999997
0.05321358000000001	0.0064851174	-0.0312058441	-0.0262041377	-0.0286932019	-0.0262160468	-0.0007235416000000001	-0.0799270173	0.0798998413	-0.0798545546	0.0797911678	-0.0296539	-0.00779729	-0.07747579999999997	-0.00159238	0.000179502	0.00102935
0.06813089	0.0035954187	-0.042809657300000005	0.0218358578	0.0301219194	0.0538140487	-0.0566163234	-0.07993507009999999	0.0799320503	-0.0799270173	0.0799199714	-0.0389515	0.019357299999999997	-0.08422309999999998	-0.0017619	0.00035756	0.0011804
