0.0	0.0858979973	-0.0081009553	0.0574802475	-0.0522921353	0.038872727200000005	-0.0533400218	0.07993507009999999	0.0799320503	0.0799270173	0.0799199714	-0.010237600000000001	0.017499899999999995	-0.012669499999999998	-0.00017802	-0.00018921900000000002	0.00010777700000000001
0.08189926999999997	0.0179025261	0.0906415622	0.06616185849999999	-0.08320680150000001	-0.010435508	-0.0005685896	0.0799270173	0.0798998413	0.0798545546	0.0797911678	-0.011787299999999999	0.0330577	0.00906312	0.000386167	-0.0	0.0
0.09294411484	-0.0405231679	-0.046347727000000005	0.0182404127	-0.0783655927	0.044962722	-0.1015475964	0.0799109126	0.0798354362	0.079709695	0.0795337681	5.80514e-06	2.68603e-05	-0.024371200000000003	0.000255508	-0.0	-0.000163058
0.09593396143999999	0.1160433127	0.018454819	0.06979095440000001	-0.0909046899	-0.0185412134	-0.0142744592	0.0798867576	0.0797388611	0.0794925697	0.0791481873	-0.016720599999999995	0.0405526	1.87166e-05	0.000378288	-0.0	0.0
0.0661883883	-0.0425224246	0.0798340681	-0.0046191827	-0.0316077838	-0.0249535627	-0.1018878443	0.0798545546	0.0796101548	0.0792033756	0.0786350467	-0.00888833	0.030242400000000006	4.63849e-05	0.00091331	-0.000190437	-0.00023490599999999998
0.11756568645	-0.0151113803	-0.053472860199999986	-0.042750387800000005	-0.1028109373	0.06091316820000001	-0.0649789728	0.0798143071	0.0794493692	0.0788423748	0.07799517339999999	-8.72345e-06	-0.00841855	-0.030372000000000007	0.000645696	9.917790000000001e-05	1.3234899999999996e-23
0.10142312155	0.0741633414	-0.0403224246	0.0586107028	-0.0615955171	-0.0639003363	0.0476831205	0.0797660189	0.079256569	0.0784098948	0.0772295986	-0.016288900000000002	0.049022	-0.0198657	0.000534771	1.4508699999999994e-23	-0.000133819
0.05603509650000001	-0.0258047533	0.078636938	0.0309528231	0.025894068	-0.1036837056	-0.053426752300000005	0.079709695	0.0790318321	0.0779063275	0.0763395561	-0.0162478	0.0259639	6.989649999999999e-05	0.0006093919999999999	-0.0	-0.000319204
0.06250517650000001	-0.0734352693	-0.0256489303	-0.0188725682	-0.0462469812	-0.0014557127	0.009147393	0.079645341	0.0787752489	0.0773321295	0.0753264804	-0.0102334	0.00331157	-0.0255877	0.000460466	-0.0	-0.000333895
0.08883728575	0.0766355655	-0.0408389779	0.038212454900000005	-0.0159976363	-0.0323658537	0.0248664675	0.0795729635	0.0784869228	0.0766878214	0.0741920043	-2.74425e-06	0.0248447	-0.013924400000000005	-0.000119136	0.00011026200000000001	-0.000115555
0.07814342574999998	-0.0388209994	0.08910170449999999	0.0100427662	0.0346076651	-0.054102961	-0.0213485507	0.0794925697	0.07816697	0.0759739873	0.072937956	-0.00657945	0.015787100000000002	0.00855758	0.00032193	-8.05368e-05	-0.000284233
0.13079306817	-0.0401628562	-0.0379384023	0.0120777325	-0.0349540538	0.031713132000000005	-0.024622777	0.0794041677	0.0778155195	0.07519127440000001	0.0715663568	-2.25683e-06	0.00458774	-0.0452453	0.00112102	2.04129e-05	3.3087199999999996e-24
0.15213908517000002	0.07584310679999999	-0.0160887269	0.016931286	-0.0574316335	-0.0440888574	0.0401190881	0.0793077664	0.0774327128	0.0743403923	0.0700794171	-0.0122949	0.038324000000000004	0.000407807	0.00013736100000000002	-0.000144632	-6.04376e-05
0.062681313	-0.0210510871	0.0851322833	-0.0362288135	-0.0197340361	-0.0154394259	-0.0473119892	0.0792033756	0.0770187042	0.0734221124	0.0684795334	-0.013311400000000001	0.014298500000000004	0.0078813	0.0005323740000000001	-0.000112466	-0.000236575
0.10342408	-0.0204928255	-0.060468332	-0.0240137077	-0.0617139519	0.0365578177	0.0038873735	0.07909100570000001	0.0765736605	0.0724372672	0.0667692842	-0.011585799999999999	-0.011737899999999999	-0.0262599	2.40845e-05	9.55741e-05	-0.000122487
0.08840227	0.0737527601	-0.0258919984	0.0207992888	-0.0016987081	-0.0752469137	0.0541964075	0.0789706681	0.0760977612	0.0713867496	0.06495142570000001	-0.014843	0.015484999999999999	0.00900686	-0.00016838200000000002	-4.2580600000000004e-05	0.0
0.05343916200000001	-0.0473106979	0.0757401227	-0.033173421	0.0503183205	-0.02242294	-0.0472535103	0.0788423748	0.07559119780000001	0.0702715121	0.0630288878	-0.0107	0.000532673	0.0165322	0.000219357	-7.63295e-05	-0.000114882
0.069508318	-0.0516745609	-0.0307045212	-0.0389825709	-0.0294197557	0.0257145933	0.0132827801	0.0787061389	0.0750541746	0.0690925657	0.061004769	-0.00627969	-0.009473970000000005	-0.0121206	-7.97277e-05	6.34851e-05	-0.00020455400000000002
0.06458738	0.0411727009	-0.0679056867	0.0196638485	0.0190003135	-0.0750652153	0.0520060076	0.0785619741	0.0744869079	0.0678509792	0.0588823313	-0.014422299999999999	0.012242500000000005	-0.00635941	-0.00035472	0.000163281	0.0
0.09325972999999996	0.008043008	0.0610600224	-0.0715365254	0.0805089362	-0.0279911051	-0.0461476566	0.0784098948	0.07388962639999999	0.0665478783	0.0566649955	-0.005555	-0.0117402	0.0216108	8.361429999999997e-05	-4.71751e-05	0.0
0.059958984100000015	-0.0756198826	-0.006412989399999999	-0.0177414112	-0.0381554359	0.0244622415	0.0565528468	0.0782499164	0.0732625707	0.0651844444	0.0543563352	3.4239099999999995e-05	-0.00311919	-0.00126445	-0.000272657	5.40233e-05	0.0
0.0130031169	0.003546657100000001	-0.05642933660000001	-0.0244475888	0.0703100054	-0.0546557645	0.01506228	0.078082055	0.0726059935	0.0637619136	0.051960071	4.1578999999999996e-05	0.00047117199999999995	-0.003213800000000001	-0.00023826200000000002	8.392979999999999e-05	8.481979999999999e-05
0.09779418830000004	0.0440440447	0.0537754762	-0.0590257968	0.0550890671	0.0468696989	0.0086900425	0.0779063275	0.0719201593	0.062281575599999986	0.0494800651	4.24453e-05	-0.011714	-0.035439599999999995	-0.000697765	-0.00041614800000000003	0.000192886
0.1148585376	-0.0502607021	0.0440131901	0.0814260633	-0.0612088635	0.049008008	0.0477112333	0.0777227516	0.0712053446	0.0607447724	0.0469203142	3.42577e-05	0.014567600000000003	0.0143463	-0.000367459	-0.00041614800000000003	0.0006382369999999999
0.053838608200000006	-0.056703000199999985	-0.0690811595	0.0088293397	0.0919508715	-0.0173297648	-0.06309945	0.07753134589999999	0.07046183730000001	0.0591528974	0.0442849438	3.29695e-05	0.00982977	-0.00434604	-0.0005569069999999999	-0.00041614800000000003	0.000219542
0.0746668162	0.0822862352	0.0131152638	-0.0231559927	0.0513646891	0.0527102437	0.0105035933	0.0773321295	0.06968993700000001	0.0575073938	0.0415782013	3.99157e-05	-0.00250454	-0.038655199999999994	-0.000891573	-0.000199376	0.000228432
0.0959554393	-0.060274528	0.0473005387	0.0112165652	0.0032216189	0.0106610799	0.0875049875	0.0771251226	0.06888995490000001	0.0558097533	0.038804449	0.00410736	0.0139356	-0.00718412	-0.000341951	-0.000265361	-3.54965e-05
0.0209454321	-0.0210441285	-0.06810873860000001	-0.0237338211	0.0401925921	0.0499991959	-0.0163303594	0.07691034599999999	0.0680622132	0.0540615151	0.0359681572	-1.0387100000000001e-05	0.00798017	-0.00164696	-0.000319059	-0.000194573	-2.24746e-05
0.0417828321	0.0776451343	0.0197788752	-0.012985759	0.0114301555	0.0405014223	-0.0304326331	0.0766878214	0.06720704549999999	0.0522642642	0.0330738971	0.00350453	0.00797512	-0.0151577	-0.000625241	-0.000307777	5.3181899999999986e-05
0.0842839566	-0.0526223309	0.0447721772	-0.0394290832	0.0105131995	0.0204364469	0.0244507742	0.07645757110000001	0.0663247964	0.05041963	0.0301263332	2.8508400000000013e-05	0.00566673	0.0104134	0.000112109	-0.000212678	-0.000172938
0.08114713159999999	-0.021909951	-0.08962159509999999	-0.0712660976	0.0174722994	0.0403092456	0.0119645752	0.0762196185	0.06541582139999999	0.0485292848	0.0271302159	0.00594001	-0.0116752	-0.0188351	-0.000305705	-0.000125719	-0.000104807
0.09740091382999999	0.1012056097	0.0209290521	-0.0196920415	-0.011253987	-0.0198498236	0.0608741075	0.0759739873	0.0644804868	0.046594942400000006	0.024090374	-9.93383e-06	0.0173122	0.019374400000000003	-0.000607817	1.57314e-05	-0.000146326
0.03857330896999999	-0.079919997	0.0141630666	-0.0607947087	0.013591835900000002	0.0025763334	-0.0299424778	0.0757207024	0.0635191694	0.044618356500000005	0.0210117067	-1.2271800000000005e-05	0.0009246189999999999	0.013678399999999999	-0.000369785	-4.0009400000000004e-05	-0.000110351
0.1117939737	0.041879638	-0.0886784361	-0.0690556398	0.0231762408	0.0260918542	0.0130426098	0.0754597894	0.0625322567	0.0426013192	0.0178991758	1.0322899999999999e-05	-0.0297394	-0.0441217	-0.000607817	4.59592e-05	3.17936e-05
0.12335948170000002	0.0264001753	0.0579088379	-0.0480286778	0.0023875117	-0.035489005899999995	0.0957256153	0.07519127440000001	0.0615201462	0.0405456591	0.0147577975	2.18346e-05	-0.00442897	0.019775	-0.000426265	-0.00028463	-0.000138882
0.060713419540000015	-0.1021533105	-0.0549222118	-0.0501203629	0.0514661614	-0.0383862262	-0.0450356621	0.0749151845	0.060483246	0.038453239900000005	0.0115926346	-1.5829399999999995e-06	-0.00686379	-0.000581582	-0.000118411	0.00013066100000000001	-0.000104055
0.12088944094000002	0.0795803201	-0.0463192732	-0.0138641088	0.0530258997	0.0302203491	-0.0169492498	0.0746315476	0.0594219737	0.0363259585	0.0084087885	0.00417007	-0.00851031	-0.0340485	-0.000841976	-0.00021888400000000005	0.00045492199999999997
0.16073589255	-0.0335574237	0.0644508501	0.0494339713	0.0459220574	-0.0505645331	0.1085625407	0.0743403923	0.058336757	0.0341657437	0.0052113902	7.21745e-06	0.019278999999999998	0.0186369	0.00021524400000000001	-7.13184e-05	0.000137741
0.035034590250000004	-0.1222582594	-0.0313671067	-0.0117992811	0.0923688085	0.0103473801	-0.0324610146	0.0740417477	0.0572280333	0.0319745538	0.002005593	7.657699999999996e-06	0.0084667	0.0186058	0.00040637199999999995	-0.000258058	3.17936e-05
0.0705424567	0.0196233169	-0.0826477865	0.01567531	0.0716420788	0.0436871424	0.0431220891	0.0737356442	0.0560962492	0.0297543755	-0.0012034366	1.09594e-05	0.00204804	-0.00674582	-0.000251912	-0.000219167	-4.64089e-05
0.0537601591	0.0331643385	0.0244528158	-0.0046272053	0.10379686130000004	-0.0307320884	-0.0119970797	0.0734221124	0.0549418609	0.0275072215	-0.0044105266	1.1088499999999999e-05	0.019303	0.0102325	5.6826499999999995e-05	-0.000215573	3.17936e-05
0.06649064149999999	-0.0307123627	0.0618577566	-0.0269311406	0.0177274299	0.1100019559	0.058285596	0.07310118389999999	0.0537653335	0.0252351292	-0.007610508399999999	0.00214353	-0.00778018	-0.00970568	-3.9047e-05	3.52903e-05	3.17936e-05
0.07493339499999999	-0.0224826911	-0.0529438482	0.0472879557	-0.0498794606	0.0330354623	0.0102841043	0.0727728912	0.052567141100000006	0.0229401584	-0.0107982247	-0.0127537	0.0235153	0.0013901400000000006	-0.000102211	0.00017176799999999999	-0.00012146200000000001
0.025848985	0.0643382175	-0.0375065669	0.0095873936	0.0383861107	0.0556578164	-0.0599719157	0.0724372672	0.0513477665	0.0206243899	-0.0139685379	-0.00408385	0.023846799999999998	0.009280900000000005	-0.000102211	7.18129e-05	-4.22796e-05
0.0372617643	0.0494824193	0.0913654828	-0.0154987516	-0.012154579	0.0508093228	0.0266699684	0.0720943458	0.050107701	0.0182899231	-0.0171163386	1.0889300000000001e-05	0.0154923	0.00879629	-0.000237047	-0.00014248399999999999	-0.000179705
0.051560627770000006	-0.0743627585	-0.0123698237	-0.043941548600000005	-0.0125546405	0.0147324172	-0.0212132776	0.0717441615	0.0488474444	0.0159388744	-0.0202365536	3.65153e-06	-0.007809339999999999	0.00980728	-0.000102211	1.4826199999999999e-05	-0.000432374
0.09585557152999999	0.025247466	-0.0835288612	0.0218698815	-0.0256563494	-0.0138019576	0.0461377549	0.0713867496	0.0475675045	0.0135733754	-0.0233241543	-0.00795324	0.0239693	-0.0017007	-0.00044473699999999995	-0.000333389	-0.00023087400000000005
0.03583574	0.0208731465	-0.0034634148	-0.0138761852	0.0865186199	-0.0741137499	-0.0286256636	0.0710221462	0.046268397	0.0111955706	-0.0263741644	-0.0070656999999999985	0.023206400000000002	0.0172155	-0.00018569	-0.000302525	-0.000246345
0.06876216600000001	-0.0181928875	0.0788585627	-0.0157846896	0.0120336085	0.0434534369	0.0976028406	0.0706503878	0.0449506455	0.0088076158	-0.0293816684	0.00610622	0.00362311	0.000406596	3.36204e-06	-0.00041614800000000003	-0.000327631
0.0379872149	-0.1035877073	-0.0610574221	0.0161623662	0.0166923363	-0.0522094396	-0.0211551854	0.0702715121	0.0436147809	0.006411676	-0.0323418192	1.82711e-05	0.0184275	0.0008977739999999998	0.00012687	-0.000312166	-0.000432215
0.032509206780000015	0.0643195434	-0.0385440107	-0.0205938208	0.0526186948	0.027553513	0.0358520499	0.0698855571	0.0422613414	0.0040099232	-0.0352498461	2.44832e-06	0.021625799999999997	-0.00848606	-0.000102211	-0.000255839	-0.000319398
0.045394302680000005	-0.0047368968	0.06733759389999999	-0.0027712442	-0.0127509046	0.0147699454	0.06448855190000001	0.06949256179999999	0.0408908726	0.001604535	-0.0381010623	2.1036e-05	0.021826599999999998	0.017222999999999995	8.014009999999998e-05	-0.00041614800000000003	-0.000366055
0.0761029655	-0.0851859451	-0.0569928903	-0.0291314652	0.037895284	0.04810872150000002	-0.0264399206	0.0690925657	0.0395039266	-0.0008023078999999999	-0.0408908726	1.69855e-05	0.00183773	-0.010586799999999999	0.000578013	-0.000416149	-0.00029792400000000003
0.06409285370000001	0.0558487842	-0.05885845980000001	0.0470400924	0.0261158579	0.0096952883	0.055637221	0.0686856091	0.0381010623	-0.0032084234000000003	-0.0436147809	3.09742e-05	0.021082299999999998	-0.0228757	-5.24629e-05	-0.000416149	-0.000277492
0.040946454199999996	-0.0108859707	0.0383860765	0.0398307312	0.0922281267	-0.0875897857	0.0309833142	0.068271733	0.0366828449	-0.0056116301	-0.046268397	-0.00813579	0.0254722	-0.0017958099999999997	-5.24629e-05	-0.000291756	-0.000299297
0.03317507966	-0.0841859707	0.032992521600000005	0.032993175	0.027042598900000003	0.0342708803	0.0149193407	0.0678509792	0.0352498461	-0.0080097493	-0.0488474444	9.53766e-06	0.021196700000000002	0.00218612	3.3398400000000013e-06	-6.03723e-05	-0.00034755699999999997
0.06392544864000001	0.0191949221	-0.069965515	0.0471224933	-0.0011334871	0.0319311856	-0.0033127154	0.06742339	0.0338026431	-0.0104006067	-0.0513477665	1.3264300000000001e-05	0.0331816	-0.0161594	-5.24629e-05	-0.000297045	3.17936e-05
0.05242130429999999	0.0490604283	0.0402238991	0.0541079424	0.049554156399999987	-0.0528878876	-0.0169989803	0.0669890084	0.0323418192	-0.0127820349	-0.0537653335	-0.008562709999999998	0.05160940000000002	-0.00291175	-5.24629e-05	-0.00025083799999999997	-0.00016539700000000002
0.06395211499999999	-0.0353358456	0.0585831609	-0.0278114323	-0.0262824002	0.07820262389999999	-0.0098387454	0.0665478783	0.030867963	-0.0151518747	-0.0560962492	0.007835369999999998	0.033195	-0.00431729	0.000350155	-0.000322608	-0.000245691
0.07372755	0.0493865604	-0.06756587509999999	0.0343781727	-0.0691419552	0.0374091175	0.0101099821	0.0661000441	0.0293816684	-0.0175079777	-0.058336757	-0.0049973	0.05016930000000002	-0.00413976	-0.000357525	-0.000416149	-0.000172051
0.063592095	0.0521770381	0.0449044083	-0.0003406835	0.014680236	-0.045090720999999986	-0.07152769519999999	0.06564555080000001	0.0278835343	-0.0198482077	-0.060483246	-0.010381200000000002	0.038714099999999994	0.0171679	-5.24629e-05	-0.000416149	3.17936e-05
0.099649565	-0.049694756	0.0268127802	-0.0245229363	-0.0614411632	0.044633808	0.0021482861	0.0651844444	0.0263741644	-0.0221704431	-0.0625322567	0.0021555	0.014140799999999999	0.005771500000000001	0.00028938	-8.84552e-05	-0.000321533
0.05225393199999999	0.0116885376	-0.0843570132	0.0526529414	-0.046558464	-0.0411155383	0.0557134188	0.0647167712	0.0248541669	-0.0244725786	-0.0644804868	-0.00819163	0.0331413	0.0009178880000000001	0.00012015700000000001	-0.00026251400000000004	-0.000303761
0.069597082	0.0277712751	0.0718084041	0.0098573422	0.0800505545	-0.0635832046	-0.0971056748	0.0642425783	0.0233241543	-0.026752527	-0.0663247964	-0.013813800000000001	0.042157400000000005	0.0114548	0.000666536	-0.000509062	-0.000399272
0.0786746241	-0.0484541964	0.0215761093	-0.0236267471	-0.0547001768	0.0770187234	0.0133620459	0.0637619136	0.0217847431	-0.0290082213	-0.0680622132	1.06641e-05	0.0199964	0.00632634	0.000317912	-0.00018791900000000001	-0.000317825
0.048681981500000006	0.017370363	-0.0750714442	0.06792048	-0.0309222461	-0.0698658806	0.0782489065	0.0632748254	0.0202365536	-0.0312376164	-0.06968993700000001	3.49356e-05	0.038958	0.0172356	0.000123131	-0.000269048	-0.00041765199999999996
0.0470403056	0.0257298192	0.0582884995	-0.0027901031	0.08457979339999999	-0.0467492316	-0.0997727068	0.0627813628	0.0186802098	-0.0334386912	-0.0712053446	-0.00664442	0.0385786	0.033999699999999994	0.000392906	-0.00041614800000000003	-0.00037017800000000003
0.09695832704	-0.0661538943	0.0229573528	-0.0037612239	-0.0523291438	0.0400527758	0.0609723315	0.062281575599999986	0.0171163386	-0.035609450099999995	-0.0726059935	9.902039999999999e-06	0.030658099999999997	0.0033593000000000004	-8.023439999999999e-05	-3.0493299999999998e-05	-0.000546245
0.04883124204	0.009818446	-0.0763660334	0.0320757988	0.0312010638	-0.03916085	0.03076389	0.061775514	0.0155455703	-0.037747925	-0.07388962639999999	-0.00824583	0.040985900000000006	0.00161416	1.27583e-05	-0.000281643	-0.000320336
0.0491066849	0.055414281	0.0858536285	0.0444650902	0.0033678978	-0.0037916244	0.004915855	0.0612632291	0.0139685379	-0.0398521774	-0.0750541746	2.2479899999999998e-05	0.0445539	0.0172328	0.000356906	-0.000259967	-0.000253125
0.0491536849	-0.1119638411	0.0092233894	0.0458477234	0.0004109973	-0.0464552389	0.0121213376	0.0607447724	0.0123858767	-0.0419202993	-0.0760977612	-0.00693093	0.042039099999999996	0.00275014	0.000482139	-8.921270000000001e-05	-0.000461194
0.07009596270000001	0.0359487648	-0.0709365055	-0.0118112179	0.0335421594	0.0351211344	0.0324346186	0.0602201963	0.0107982247	-0.0439504158	-0.0770187042	1.13777e-05	0.029110000000000007	-0.0186138	0.00012161700000000001	-0.000219282	-0.000374573
0.0737334677	0.053857403	0.0787939484	0.0439477543	-0.029653748	-0.006311675300000001	0.0908091568	0.0596895534	0.0092062214	-0.0459406864	-0.0778155195	-0.00628954	0.043324699999999994	0.0199633	0.00031286	-0.000313628	-0.00036734699999999996
0.034967290000000005	-0.0939807377	0.0024718151	0.0198506421	0.0083212371	-0.0014798075	-0.055134346900000006	0.0591528974	0.007610508399999999	-0.0478893067	-0.0784869228	-0.00490885	0.038320599999999996	0.0258915	0.0005728619999999999	-0.000180373	-0.000427176
0.10355937039999999	0.0622284473	-0.0516883907	0.0260630157	-0.0075209707	0.0521778558	-0.021027149	0.0586102822	0.0060117288	-0.0497945101	-0.0790318321	2.3130399999999998e-05	0.0202612	-0.00490909	-8.023439999999999e-05	9.96026e-05	-0.0003649
0.10586382039999999	0.0282676282	0.079910784	0.0354329314	-0.0059086979	-0.0383731727	0.0506180697	0.0580617626	0.0044105266	-0.0516545692	-0.0794493692	-0.016037	0.0397044	0.017271099999999998	0.0004618130000000001	-0.000320182	-0.000366674
0.04836962	-0.0896410552	-0.0084523479	0.0244868803	-0.0188385034	0.0161769337	-0.1106621907	0.0575073938	0.0028075473	-0.0534677978	-0.0797388611	-0.00821088	0.036081300000000004	0.0250375	0.000881681	-0.000416149	-0.000433919
0.09306115000000002	0.0801784519	-0.05717914	0.0355899458	-0.0057022385	0.0395691448	-0.0234591668	0.0569472315	0.0012034366	-0.0552325519	-0.0798998413	-0.0101262	0.044950300000000006	-0.017078599999999996	0.0007247189999999998	-2.16814e-05	-0.000182134
0.08185967999999999	-0.0031930664	0.069897268	0.0306676663	0.0335494965	-0.0570017287	-0.0281873761	0.05638133240000001	-0.000401159	-0.0569472315	-0.0799320503	-0.0117624	0.03299	0.0172386	0.0006101230000000001	-0.000416149	-0.00035199
0.04798116499999999	-0.0589156541	-0.006101184599999999	-0.0361163135	-0.0151071982	0.0830607929	-0.0526890425	0.0558097533	-0.002005593	-0.0586102822	-0.0798354362	-0.000690265	0.0164409	0.0172246	0.000571268	-5.67054e-05	-0.00036061
0.06167731	0.06902075049999999	-0.0471720669	0.0435794418	0.0017854772	0.0385116713	-0.0539031895	0.0552325519	-0.0036092188	-0.0602201963	-0.0796101548	-0.00196654	0.0398156	0.011057700000000002	0.000254616	-4.73635e-05	-6.94152e-05
0.0372824685	0.0250020919	0.0549861862	0.0303686967	0.08394551900000001	-0.0009460389	-0.08694529210000003	0.0546497862	-0.0052113902	-0.061775514	-0.079256569	-0.00152118	0.0438668	-0.00298557	0.000486217	-5.32053e-06	3.17936e-05
0.0442505615	-0.0634064471	0.0707287887	0.0349387405	0.0313173412	0.0745885997	0.0227027034	0.0540615151	-0.0068114617	-0.0632748254	-0.0787752489	0.00435909	0.028197000000000007	0.00266709	0.000340521	9.8332e-05	-5.98145e-05
0.044887845	-0.0564022484	-0.0734240618	0.052006767	0.0242966645	0.0583890248	0.0021459459	0.0534677978	-0.0084087885	-0.0647167712	-0.07816697	0.00277251	0.0164178	-0.011317299999999999	0.000340521	0.000393345	-0.000115555
0.05943175	0.1014929518	-0.0155629599	0.0485433015	0.0109553216	0.09433547	0.0634439729	0.052868694	-0.0100027269	-0.0661000441	-0.0774327128	-0.00695738	0.0333274	-0.00461812	0.00017434	0.00018501299999999999	3.17936e-05
0.057676348499999995	0.0124606218	0.0988208641	0.104772027	-0.07667557059999999	0.1194295465	0.0341586794	0.0522642642	-0.0115926346	-0.06742339	-0.0765736605	-0.00688861	0.04877430000000001	0.0119124	0.000509121	7.190830000000003e-06	3.17936e-05
0.0388175635	0.020460072	-0.0245172723	0.0836560685	-0.0899419015	0.0580737606	-0.0213085887	0.0516545692	-0.0131778711	-0.0686856091	-0.07559119780000001	-0.00966261	0.06639500000000001	-0.000949385	0.00040208199999999995	1.1373399999999999e-05	3.17936e-05
0.08140335500000001	0.0881688086	0.0663697354	-0.0097144585	-0.0839021742	0.04142421	-0.1026386232	0.0510396705	-0.0147577975	-0.0698855571	-0.0744869079	-0.0160876	0.0686716	0.00250511	0.00152936	-0.00024629400000000004	3.17936e-05
0.08504862	0.0287216437	0.037085636	-0.0185666258	-0.1722615645	0.0969480312	-0.07185580679999999	0.05041963	-0.0163317771	-0.0710221462	-0.0732625707	-0.0114445	0.042487800000000006	-0.0254046	0.00147457	-4.30482e-05	0.000299998
0.059192410000000015	0.0311372788	-0.05909075320000001	0.0720321151	-0.1009641556	-0.0585191267	0.0034834288	0.0497945101	-0.0178991758	-0.0720943458	-0.0719201593	-0.016211700000000002	0.0506795	-0.0310461	0.00200458	0.00020449400000000002	0.000334286
0.11323725	0.05348543150000002	0.0299480373	-0.0255637153	-0.0287714917	-0.0709730006	-0.15392627679999998	0.0491643739	-0.0194593619	-0.07310118389999999	-0.07046183730000001	-0.016139700000000003	0.052886199999999994	0.0172818	0.00133479	-0.000316495	0.000272452
0.09578345	0.0413003844	0.063068206	-0.06693107820000001	-0.1625138417	0.0755219291	-0.07059458490000001	0.0485292848	-0.0210117067	-0.0740417477	-0.06888995490000001	-0.008475329999999998	0.0352341	0.011487	0.000792081	-2.9994400000000002e-05	-0.00019178200000000001
0.02610583	0.0303870188	-0.0577879835	-0.0426657646	-0.1095335302	-0.08677413810000001	-0.0201343248	0.0478893067	-0.0225555848	-0.0749151845	-0.06720704549999999	-0.0125616	0.0397203	0.00488971	0.000835624	0.00011522700000000005	-0.00016182499999999996
0.06301960000000001	0.0481478222	0.0472679976	-0.0712912	-0.0674128422	-0.0688528162	-0.0794547147	0.0472445043	-0.024090374	-0.0757207024	-0.06541582139999999	-0.0160525	0.044900999999999996	0.00470181	0.00136392	-0.00041614800000000003	-0.000138294
0.098177665	-0.0388907458	-0.0231133246	-0.0970650434	-0.1373148644	-0.0681924795	-0.0635165107	0.046594942400000006	-0.0256154559	-0.07645757110000001	-0.0635191694	-0.0161471	0.032999099999999996	0.028666700000000007	0.000883764	3.08825e-05	-0.00045543300000000004
0.05934929500000001	0.0758339509	-0.0277985359	-0.1286115622	-0.0811132898	-0.1164204327	-0.0093608681	0.0459406864	-0.0271302159	-0.0771251226	-0.0615201462	-0.016130000000000002	0.0396797	0.007720379999999998	0.000568409	-0.00013567899999999999	-0.00030324400000000004
0.04877267000000001	-0.04897220150000002	0.0487858292	-0.1304262057	-0.088279296	-0.1350891098	0.0166877123	0.0452818024	-0.0286340436	-0.0777227516	-0.0594219737	-0.016112399999999995	0.0230584	0.0140061	0.0007482089999999999	0.000150786	-0.00035394
0.03965449	-0.0064922967000000005	-0.07186784269999999	-0.0911804476	-0.0789644556	-0.1571359471	0.0128256348	0.044618356500000005	-0.0301263332	-0.0782499164	-0.0572280333	-0.0247345	0.0320168	0.014002	0.000657307	-4.3522799999999996e-05	-0.000197753
0.058159875	0.0137515675	0.0266736711	-0.1101455811	-0.0283313011	-0.1693340567	-0.0077666637	0.0439504158	-0.0316064831	-0.0787061389	-0.0549418609	-0.0161259	0.030074200000000002	0.0243021	0.00118809	4.115970000000001e-05	-0.000328459
0.03464351499999998	-0.07872210610000001	-0.0259011843	-0.1372837647	-0.055743766900000005	-0.0640457582	-0.00738263	0.0432780475	-0.0330738971	-0.07909100570000001	-0.052567141100000006	-0.016172599999999995	0.014168900000000003	0.0301942	0.00109255	0.00011601600000000001	-0.00024286700000000002
0.08301738999999997	0.0553486592	-0.0632843177	-0.053387367000000005	-0.0273478948	-0.1074238334	-0.0227733084	0.0426013192	-0.0345279838	-0.0794041677	-0.050107701	-0.016132399999999998	0.0396748	0.0139749	0.000514777	-2.9727800000000014e-05	-0.000141344
0.05827998500000001	-0.0569290388	0.0606794312	-0.0751065027	0.0243174082	-0.122675416	0.04714622190000002	0.0419202993	-0.0359681572	-0.079645341	-0.0475675045	-0.0160517	0.0250575	0.028300400000000007	0.000902858	-2.3223099999999998e-05	-0.000331888
0.046018555	-0.0682163943	-0.0706713057	-0.026160485	1.05607e-05	-0.08221391389999999	0.0637710523	0.0412350562	-0.0373938371	-0.0798143071	-0.0449506455	-0.0160842	0.0207149	0.0139626	0.000490447	5.2331000000000004e-05	-0.00039003599999999996
0.097034845	0.0320245636	0.0274702838	-0.0714576205	0.0766680849	-0.069091203	-0.099883076	0.0405456591	-0.038804449	-0.0799109126	-0.0422613414	-0.0160579	0.0321074	0.0248222	0.00117526	-0.00041614800000000003	-4.81991e-05
0.11925068	-0.1003190831	-0.0004966508999999999	-0.0704593166	0.0268353407	0.0214506235	0.0163361782	0.0398521774	-0.0401994245	-0.07993507009999999	-0.0395039266	-0.0160609	0.0056861	0.013990200000000001	0.000328657	1.14847e-05	-0.00041385099999999996
0.066260825	-0.0041950576000000005	-0.08605818890000001	-0.0083969914	0.0773606677	-0.0958167665	0.1145279201	0.0391546809	-0.0415782013	-0.0798867576	-0.0366828449	-0.016079099999999995	0.028203199999999998	0.008470069999999998	-1.5055599999999999e-05	-4.8313500000000004e-05	-5.32539e-05
0.04998969	-0.0576627218	0.0681582658	-0.0241381414	0.1049235297	-0.06314155519999999	0.0194378202	0.038453239900000005	-0.0429402241	-0.0797660189	-0.0338026431	-0.0160572	0.0253966	0.014007499999999999	0.00040411699999999995	-0.000210765	-0.000304105
0.052529597000000004	-0.0546965599	-0.08709563039999997	-0.0326013921	0.0390992364	0.016771730800000002	0.0472020172	0.037747925	-0.0442849438	-0.0795729635	-0.030867963	-0.007743019999999998	0.015308500000000001	0.000109583	0.000130931	-0.000132943	-0.000357685
0.055548757000000004	0.0457296133	-0.0029519325	-0.0276056028	0.1102474324	-0.0004535604	0.0222177471	0.037038807400000005	-0.0456118188	-0.0793077664	-0.0278835343	-0.0111602	0.031201599999999996	0.0139655	4.69478e-05	0.000114492	-0.00024145200000000002
0.047919845	-0.0722806563	0.0053648387	-0.0605216004	0.0717131784	0.08584842470000001	0.0653625169	0.0363259585	-0.0469203142	-0.0789706681	-0.0248541669	-0.0113809	0.025024	-0.00718396	-0.000137294	7.94902e-05	-5.32539e-05
0.02157825	0.0168334602	-0.1013621561	0.01967104	0.0839125367	0.0215539046	0.0688847001	0.035609450099999995	-0.0482099028	-0.0785619741	-0.0217847431	-0.00916977	0.0319653	-0.007376589999999999	-0.000275256	0.000186192	-5.32539e-05
0.08659108000000001	-0.0007985958	0.066010192	0.054409344500000005	0.1265421033	-0.0347388271	0.0679768895	0.0348893543	-0.0494800651	-0.078082055	-0.0186802098	-0.0100654	0.0523307	0.00138913	0.000606369	-6.34696e-05	-5.32539e-05
0.04366053	-0.07522600730000001	-0.0095965035	0.0466521282	0.0757220774	0.0918943863	-0.0167595865	0.0341657437	-0.0507302891	-0.07753134589999999	-0.0155455703	-0.010012	0.0396983	0.014021500000000001	0.000719711	-3.93165e-05	-0.00028260599999999997
0.08725705999999997	0.0666136188	-0.0438333371	0.0094923435	0.0691172668	0.08789347460000001	0.0257103782	0.0334386912	-0.051960071	-0.07691034599999999	-0.0123858767	-0.00829975	0.0321413	-0.0120363	9.359940000000001e-05	0.00014382	-5.32539e-05
0.059725747	0.0130222371	0.0868922857	0.0245031529	-0.0332268045	0.0741934614	0.0916320761	0.03270827	-0.0531689154	-0.0762196185	-0.0092062214	-0.008798959999999998	0.049248900000000005	0.000966982	0.000598023	6.593050000000001e-05	-5.32539e-05
0.026308982999999998	-0.0237359767	-0.0676325061	0.012887703899999998	0.0028154807	0.0631790867	-0.0214585808	0.0319745538	-0.0543563352	-0.0754597894	-0.0060117288	-0.00637464	0.046894099999999994	0.00342724	0.000738258	-5.22925e-05	-0.000176188
0.05068373499999999	0.1048561965	0.0561414233	-0.0236152578	-0.0042845124	0.0918124333	-0.0494337286	0.0312376164	-0.0555218517	-0.0746315476	-0.0028075473	-0.0160714	0.0333166	-0.00726601	0.000547396	-0.00015011200000000002	-0.000221831
0.06563983999999999	-0.0406010793	-0.018810902	0.0332992433	-0.0779191959	0.0297767307	-0.0091253075	0.0304975321	-0.0566649955	-0.0737356442	0.000401159	-0.00885295	0.041664	0.0194327	0.000694196	8.59576e-05	-0.000306467
0.04035223	0.0612695181	-0.0414162458	-0.0164872826	0.0416254071	0.0108834953	-0.043953413600000005	0.0297543755	-0.0577853059	-0.0727728912	0.0036092188	-0.016065299999999998	0.0400279	0.0117345	0.00047598	-0.000144143	-0.000278672
0.02552692	-0.0215897515	0.06456428730000001	0.0012794054	-0.0305911089	0.039528691	0.0897722307	0.0290082213	-0.0588823313	-0.0717441615	0.0068114617	-0.0160491	0.0350226	0.0118647	0.000592977	3.36484e-05	-0.00039138800000000016
0.03269132	-0.0605064101	-0.0695283806	0.0252958371	0.0402943758	-0.0387135314	-0.0127719296	0.0282591448	-0.059955629800000014	-0.0706503878	0.0100027269	-0.0128422	0.050884	0.014021500000000001	0.000645647	-0.000100645	-0.00034902699999999996
0.08099694	0.0602270771	0.0129588155	-0.007643369	0.0687749171	-0.0038415826	-0.0261440436	0.0275072215	-0.061004769	-0.06949256179999999	0.0131778711	-0.016058799999999998	0.0304344	-0.008827299999999998	9.08152e-05	-0.000158078	-0.000271653
0.09221564	-0.0740394728	0.0580298299	0.0490594544	-0.0024411207	0.0240563312	0.0539314336	0.026752527	-0.0620293259	-0.068271733	0.0163317771	-0.0136644	0.042988099999999994	0.0140453	0.00073063	-0.00041614800000000003	-0.00046166699999999997
0.06156371	0.010247426	-0.0737761492	0.0294522644	0.029442613	0.0690588226	-0.0151514219	0.0259951375	-0.0630288878	-0.0669890084	0.0194593619	-0.00868225	0.034037800000000014	-0.00383261	0.0004924490000000001	-0.000148249	-0.00037268
0.05628441	0.0679346409	0.0701162935	0.0737682217	-0.0087698568	0.0032283037	0.0937211947	0.0252351292	-0.06400305190000001	-0.06564555080000001	0.0225555848	-0.0160516	0.04788	0.00617675	0.000662515	7.1264e-05	-0.000260989
0.06464584999999999	-0.0966250409	0.0012406932	0.057293253	-0.0044169793	0.057408818	-0.0692907005	0.0244725786	-0.06495142570000001	-0.0642425783	0.0256154559	-0.0136316	0.0494285	0.020482900000000002	0.00102918	-0.00025880900000000004	-0.000491675
0.08730898	0.08562332560000001	-0.0366261008	0.042562992300000005	0.0001212566	0.0295440702	0.0283067189	0.0237075627	-0.065873627	-0.0627813628	0.0286340436	-0.0160676	0.043616300000000004	-0.00210496	0.000437577	3.57004e-05	-0.00024832900000000004
0.06766228000000002	-0.035418986	0.0880595211	0.050539321500000005	0.0368093781	-0.033631637400000004	0.0125854878	0.0229401584	-0.0667692842	-0.0612632291	0.0316064831	-0.0204645	0.0460055	0.00693658	0.0012923800000000005	4.67792e-05	-0.00041914
0.059012058499999985	-0.0558278713	-0.050553872400000005	0.0335311684	-0.0059522594	0.0530471359	0.0259816904	0.0221704431	-0.0676380363	-0.0596895534	0.0345279838	-0.010441700000000002	0.0379265	-0.0100122	0.000882548	2.1616299999999997e-06	-0.00039436
0.0846500085	0.0615342783	-0.0230717759	0.0389613447	0.0318594841	-0.0273718969	0.0411806943	0.0213984944	-0.0684795334	-0.0580617626	0.0373938371	-0.0160578	0.0779059	-0.0181959	0.00146338	2.25868e-05	-0.000378201
0.06828891499999999	-0.0384757248	0.0731421903	-0.0099117021	0.0192462521	0.0416306459	0.0059945523	0.0206243899	-0.0692934363	-0.05638133240000001	0.0401994245	-0.0160491	0.0481918	0.00754757	0.00132649	3.57027e-05	-0.000484648
0.070420846	0.008033771700000001	-0.0727864159	0.0699091021	-0.0266735956	0.06991609879999999	-0.0020249941	0.0198482077	-0.0700794171	-0.0546497862	0.0429402241	-0.011030799999999999	0.042620599999999995	0.00012913899999999998	0.000570987	0.000262805	-0.000418995
0.045567950999999995	0.0424932101	0.0226175789	0.0358226449	0.0721327925	-0.028058939	-0.0335092734	0.019070026	-0.07083715900000001	-0.052868694	0.0456118188	-0.016041200000000002	0.062081	0.00237919	0.000867913	0.000262805	-0.000338979
0.040795539999999984	-0.0493838303	0.0385401421	0.0046944615	-0.023247489	0.0882245125	-0.0352129013	0.0182899231	-0.0715663568	-0.0510396705	0.0482099028	-0.00417454	0.0426446	0.00391122	0.000856682	0.000262805	-0.000486957
0.038358181000000005	0.0259432653	-0.07925695719999999	0.059255634400000014	-0.0109489102	-0.0176940594	0.0524753149	0.0175079777	-0.07226671650000001	-0.0491643739	0.0507302891	-0.0160445	0.0504114	0.00017294900000000001	0.0009005419999999998	0.00014979200000000002	-0.000344167
0.08589735099999997	0.051186747000000005	0.0795671093	-0.0176925759	0.031313448	0.0428446221	-0.0415916061	0.016724268400000002	-0.072937956	-0.0472445043	0.0531689154	-0.0198925	0.040525599999999995	0.0240895	0.00153447	-0.000122905	-0.00040248199999999996
0.04598443000000002	-0.0299947055	-0.0074235677	0.0272816071	-0.0769580488	0.0678565152	-0.0310768057	0.0159388744	-0.07357980480000001	-0.0452818024	0.0555218517	-0.0160332	0.04051880000000002	0.009861010000000005	0.0011887	8.43558e-05	-0.000397716
0.06703837	0.0516253923	-0.0193558582	0.0348772059	0.0264130521	-0.0572783637	0.0286802592	0.0151518747	-0.0741920043	-0.0432780475	0.0577853059	-0.0160428	0.054664300000000006	-0.0116995	0.0007838069999999998	0.000262805	-0.00035460300000000005
0.08639972499999997	-0.0261683973	0.0656621764	-0.0149599149	-0.0310741898	0.0200095909	0.0163481648	0.0143633485	-0.0747743077	-0.0412350562	0.059955629800000014	-0.0160174	0.040523699999999996	0.009896060000000005	0.00144546	-4.45543e-05	-0.000398354
0.069214865	0.0247785809	-0.0735760984	0.0391868326	-0.0388026896	0.0009640832	0.0152550905	0.0135733754	-0.0753264804	-0.0391546809	0.0620293259	-0.023413	0.047124599999999996	-0.00518939	0.000813412	0.000105335	-0.00037763300000000016
0.059434865	0.0166652715	0.0692229908	0.0260673603	0.0817529842	-0.0931150232	-0.05386252440000002	0.0127820349	-0.07584830000000001	-0.037038807400000005	0.06400305190000001	-0.023905000000000003	0.0528145	0.00989476	0.00136793	1.7170699999999998e-05	-0.00025693900000000003
0.07033955500000001	-0.0989981996	-0.012403761200000002	-0.0217685789	0.0071923456	0.0382327159	0.0241647884	0.0119894067	-0.0763395561	-0.0348893543	0.065873627	-0.011136799999999999	0.0267967	0.00984937	0.00112262	0.000142415	-0.000516548
0.07255573	0.0742099559	-0.0369098786	0.046481905199999986	-0.008051688100000001	-0.034793577400000004	0.1137560899	0.0111955706	-0.0768000508	-0.03270827	0.0676380363	-0.016045799999999995	0.052242399999999994	0.012030500000000001	0.000709485	0.000262805	-0.000249675
0.06074353	-0.0493096415	0.0756002504	0.0217436551	0.0359595418	-0.0079885927	-0.0196537078	0.0104006067	-0.0772295986	-0.0304975321	0.0692934363	-0.0160093	0.0405171	0.028821499999999996	0.00093561	8.46274e-05	-0.000489187
0.07782252	-0.012774180800000002	-0.06492396980000001	0.0144203398	-0.0259482753	0.0662407707	0.0141855517	0.0096045951	-0.0776280263	-0.0282591448	0.07083715900000001	-0.0113296	0.0405206	-0.0102411	0.00115121	-0.000138342	-0.000246222
0.072435105	0.0684290872	0.0199785687	0.0437605124	0.0364082979	-0.0262574889	0.0108658828	0.0088076158	-0.07799517339999999	-0.0259951375	0.07226671650000001	-0.016045799999999995	0.050568	0.010009200000000001	0.00164226	-7.39361e-05	-5.32538e-05
0.08158836499999997	-0.108139911	0.0343464586	0.0310817724	0.0356281175	-0.0131464054	-0.047799213	0.0080097493	-0.078330892	-0.0237075627	0.07357980480000001	-0.0112461	0.059678300000000004	-0.010920299999999999	0.00217187	0.000208352	-0.00017633299999999998
0.08740341999999998	0.0210956592	-0.1015283784	0.0254259225	0.0082467989	0.0553342078	0.0284850473	0.0072110759	-0.0786350467	-0.0213984944	0.0747743077	-0.0122373	0.0404838	-0.0154708	0.00112389	9.35546e-05	-0.0002669
0.06807649299999999	0.0433908289	0.08242651849999999	0.0254328328	0.0196964754	-0.0231944648	0.0237248284	0.006411676	-0.07890751509999999	-0.019070026	0.07584830000000001	-0.013783900000000005	0.057747	0.000573288	0.00156873	-9.99225e-05	-0.000240765
0.030238181999999995	-0.0824703721	-0.0129571475	0.0073625830000000015	0.0063918879000000005	0.0677448262	-0.1149749325	0.0056116301	-0.0791481873	-0.016724268400000002	0.0768000508	-0.0131351	0.054940699999999995	-0.0008944189999999998	0.00195608	-0.000149547	-0.00031009799999999997
0.11718881099999999	0.1069526518	-0.0101481964	-0.0157415035	-0.0357496684	0.0509271736	0.0034583482	0.004811019000000001	-0.07935696639999999	-0.0143633485	0.0776280263	-0.0159856	0.0629403	-0.00954733	0.00044481	0.00023245099999999997	-0.00024965
0.05843692	-0.0429450071	0.0537409156	-0.025811055	-0.0266151015	-0.0042700355	0.071564029	0.0040099232	-0.0795337681	-0.0119894067	0.078330892	-0.0122205	0.0534501	-0.00195386	0.0008714339999999999	0.00034256900000000003	-0.000464671
0.03504539	0.0118608756	-0.088851665	-0.0279344277	-0.0167618247	-0.0014906349	0.042570859	0.0032084234000000003	-0.0796785214	-0.0096045951	0.07890751509999999	-0.0102009	0.052151699999999995	-0.0152721	0.000747893	0.000264848	-0.00029775
0.04946861	0.02166149	0.0628419046	-0.0060415012	-0.0058470523	-0.0480155748	0.1013906014	0.0024066004	-0.0797911678	-0.0072110759	0.07935696639999999	-0.0159533	0.061163699999999994	0.00373981	0.000923545	0.00012774799999999998	-0.00029884400000000004
0.06333056000000001	-0.1055547979	-0.0563122344	0.027849727	0.0221496688	-0.1044544009	0.0104203692	0.001604535	-0.0798716619	-0.004811019000000001	0.0796785214	-0.0124276	0.0660681	-0.0158449	0.00150514	0.000110629	-0.000406445
0.07114513000000001	0.0403901161	-0.0242136766	-0.0480163883	0.1119138761	-0.0376300441	0.0123679212	0.0008023078999999999	-0.0799199714	-0.0024066004	0.0798716619	-0.00900352	0.0526112	-0.0303515	0.0008675839999999999	4.4937e-05	-0.000314542
0.042903895	-0.05829111610000001	0.0409879336	0.0169836679	0.005954222800000001	0.0004772285	0.14851162240000002	0.0	-0.0799360767	-0.0	0.0799360767	-0.00863444	0.0617071	-0.0102991	0.00102698	-6.30583e-05	-0.000314881
0.054220705	-0.0151429309	-0.0904570232	0.0285215625	0.069054867	0.0045159477	-0.0332978682	-0.0008023078999999999	-0.0799199714	0.0024066004	0.0798716619	-0.010126600000000001	0.068397	-0.00717577	0.00150775	5.28508e-05	-5.32538e-05
0.077338815	0.0914449492	0.07756622889999999	0.008420338199999999	0.0462409156	0.0686999614	-0.0640093065	-0.001604535	-0.0798716619	0.004811019000000001	0.0796785214	-0.00383511	0.06099490000000001	-0.0315872	0.00186213	-6.30583e-05	0.000261133
0.066708265	-0.08389554390000001	-0.0042127119	0.0313721915	0.0163855735	0.0218083173	-0.045315974	-0.0024066004	-0.0797911678	0.0072110759	0.07935696639999999	0.00216576	0.0541543	-0.0192924	0.0022346	0.000150137	1.53584e-05
0.070227756	0.06290155019999999	-0.0347841718	0.0354198015	0.0392361507	0.0503121318	-0.053638494	-0.0032084234000000003	-0.0796785214	0.0096045951	0.07890751509999999	-0.0115456	0.060028599999999994	-0.034909300000000004	0.00185983	-5.34632e-06	0.00018560900000000002
0.063226009	-0.0099513287	0.0749211694	-0.050166465999999986	-0.009703701	0.0500605664	-0.0931409788	-0.0040099232	-0.0795337681	0.0119894067	0.078330892	-0.008922249999999998	0.0457564	-0.0149316	0.00219103	-6.30583e-05	4.74658e-05
0.07954883500000001	0.0470646015	-0.069932541	-0.0482980848	-0.05636392990000001	0.0842775034	-0.0905956998	-0.004811019000000001	-0.07935696639999999	0.0143633485	0.0776280263	-0.00183354	0.0376114	-0.047326599999999996	0.00180006	0.00010538299999999999	0.000126457
0.080603275	0.0437948105	0.0673195921	-0.0106197467	-0.0258840211	-0.0062261574	0.0102623655	-0.0056116301	-0.0791481873	0.016724268400000002	0.0768000508	-0.0160044	0.0582803	-0.027541900000000005	0.00207207	-6.30583e-05	0.000205582
0.04461151000000002	-0.0788580428	-0.0353747635	-0.005485788199999999	-0.0228876887	0.0058547201	-0.0925120834	-0.006411676	-0.07890751509999999	0.019070026	0.07584830000000001	-0.0160215	0.061617099999999994	-0.038622699999999996	0.00176545	0.000108964	8.06881e-05
0.029152600000000008	0.0937779111	0.0207906495	-0.0722729372	-0.0140425766	0.0136766332	-0.115813219	-0.0072110759	-0.0786350467	0.0213984944	0.0747743077	-0.0160051	0.057831600000000004	-0.0346702	0.00151198	-6.30583e-05	8.315979999999997e-05
0.0420486	-0.0134758874	0.0343497328	-0.0345654383	-0.1117621541	0.05188802730000002	-0.0739978033	-0.0080097493	-0.078330892	0.0237075627	0.07357980480000001	-0.0128679	0.054872000000000004	-0.023236	0.00178582	0.000141295	7.10011e-05
0.049897355	0.0395806502	-0.0510700734	-0.005656089	-0.0336100269	-0.0497910484	-0.0577249628	-0.0088076158	-0.07799517339999999	0.0259951375	0.07226671650000001	-0.016013999999999997	0.0683295	-0.03305	0.0013362	0.000129057	6.3264e-05
0.05562024500000001	0.0018075158	0.0891872104	-0.06799175980000001	-0.0474855376	0.0081022965	-0.0771598815	-0.0096045951	-0.0776280263	0.0282591448	0.07083715900000001	-0.013462799999999999	0.0655677	-0.0117745	0.00167178	-1.3400899999999999e-05	-3.9333000000000004e-05
0.039042768500000005	-0.0048310163	-0.0666105201	-0.0152523337	-0.0650050651	0.0056982267000000005	-0.1271599438	-0.0104006067	-0.0772295986	0.0304975321	0.0692934363	-0.0185327	0.057269000000000014	-0.0288697	0.00156688	-4.96916e-05	-8.94433e-06
0.048893483499999994	0.0380872134	0.0582687407	-0.0213909527	-0.0034084762	-0.0827109096	-0.0682421849	-0.0111955706	-0.0768000508	0.03270827	0.0676380363	-0.015909899999999998	0.0606307	-0.0111911	0.00181841	3.79844e-05	-0.00017434599999999995
0.06828748999999999	-0.0733147615	-0.0204327187	-0.0208601206	-0.0697393946	-0.035723669900000005	-0.012797894	-0.0119894067	-0.0763395561	0.0348893543	0.065873627	-0.0159298	0.05522040000000001	0.00820826	0.00125238	0.000139996	-0.00037546300000000003
0.04722197	0.08459027359999999	0.0018719308	-0.0707126377	-0.0158274596	-0.0383178092	0.0034664241	-0.0127820349	-0.07584830000000001	0.037038807400000005	0.06400305190000001	-0.0118884	0.055163699999999996	0.00813644	0.00053927	0.000234	-0.00042939
0.05549597000000001	-0.0594950887	0.0292856198	-0.028712744	-0.070627023	-0.032250249	0.0967374052	-0.0135733754	-0.0753264804	0.0391546809	0.0620293259	-0.01591	0.0498213	0.00819091	0.00103818	0.000553265	-0.000326015
0.069416216	0.008955997	-0.0770942268	-0.0128526342	0.02829357	-0.1200802022	0.0948574941	-0.0143633485	-0.0747743077	0.0412350562	0.059955629800000014	-0.015940699999999995	0.0641149	0.00019330900000000002	0.000703249	0.00023403400000000002	-3.82907e-05
0.07639176	-0.0492290048	0.0726100204	-0.0607584341	-0.0019643486	-0.033169865800000004	0.053887515199999986	-0.0151518747	-0.0741920043	0.0432780475	0.0577853059	-0.0007582960000000001	0.0559278	0.0081846	0.00109119	2.3796e-05	-0.000340731
0.064220874	-0.0028136289	-0.0889810265	-0.0009330638	-0.0152740195	-0.0345101029	-0.0063020283	-0.0159388744	-0.07357980480000001	0.0452818024	0.0555218517	-0.010813	0.0614635	-0.00791172	0.000776648	0.000231628	-0.000212422
0.117380625	-0.0109932965	0.0666132654	-0.0195231004	0.0602363687	-0.0851140354	-0.017820395	-0.016724268400000002	-0.072937956	0.0472445043	0.0531689154	-0.0119416	0.08021839999999998	0.00544795	0.0020764	-9.83101e-05	-0.000265481
0.130068705	-0.0796234627	-0.0627537573	0.0019456168	0.0029322816	-0.0003959706	0.0244529895	-0.0175079777	-0.07226671650000001	0.0491643739	0.0507302891	-0.00255305	0.062472400000000004	-0.0119081	0.0007329049999999997	0.00010834299999999999	-0.000426895
0.037816600000000006	0.0416809042	0.0252417725	0.0047771198	0.0420989091	-0.0762884039	0.0493544648	-0.0182899231	-0.0715663568	0.0510396705	0.0482099028	-0.011224600000000001	0.07768809999999997	-0.011812999999999999	0.0008113889999999999	9.1385e-05	-0.000245652
0.085828075	-0.0821029203	-0.0151538253	-0.0335943152	0.0010252175	0.009876312	0.0025062754	-0.019070026	-0.07083715900000001	0.052868694	0.0456118188	-0.015961799999999998	0.0661137	0.00430955	0.00153112	-3.0614499999999996e-05	-0.0004718
0.089404535	0.0825300777	-0.0290654506	-0.0451733343	0.0165401594	0.016108740400000002	-0.0027604415999999995	-0.0198482077	-0.0700794171	0.0546497862	0.0429402241	-0.013042700000000004	0.0600865	-0.029329400000000005	0.00101532	8.358019999999997e-05	-0.00016540900000000002
0.07349016000000001	-0.0549579988	0.0329947234	-0.0284766544	-0.040721153	-0.0144548018	0.0727686536	-0.0206243899	-0.0692934363	0.05638133240000001	0.0401994245	-0.011674700000000001	0.0481973	0.00602262	0.0012408600000000005	0.000275416	-0.000245652
0.09101565	0.0330943125	-0.0885895219	-0.0252863962	0.0404477718	-0.005334895500000001	-0.046974603	-0.0213984944	-0.0684795334	0.0580617626	0.0373938371	-0.00879249	0.0661779	-0.010045700000000001	0.00194886	-9.82734e-05	-0.000245653
0.089258265	0.0264234181	0.0812009098	-0.0131875002	-0.0402706864	0.0369852278	0.0912077938	-0.0221704431	-0.0676380363	0.0596895534	0.0345279838	-0.00881726	0.0466867	0.0124704	0.00111394	1.13305e-05	-0.000245653
0.04906301499999999	-0.0592900506	-0.0833972325	0.0162615715	0.0171795182	-0.0608368668	-0.0814221863	-0.0229401584	-0.0667692842	0.0612632291	0.0316064831	-0.0160078	0.0661035	0.0164788	0.00101532	0.000217853	-0.00018185
0.06614850999999998	0.0728377182	0.0509095417	-0.0419574361	0.0455224304	0.017865551299999997	-0.00450724	-0.0237075627	-0.065873627	0.0627813628	0.0286340436	-0.00852371	0.0473504	0.00796488	0.000430155	0.000180609	-0.00017631099999999999
0.07339789999999999	-0.0697759163	-0.0271480777	0.0033162975	-0.0282265806	-0.0015675103	-0.0074897507	-0.0244725786	-0.06495142570000001	0.0642425783	0.0256154559	-0.007630729999999999	0.055061	0.0263228	0.00101532	0.00030026900000000004	-0.00040021400000000003
0.08439375999999997	0.0499578438	-0.0539124449	-0.0350650812	0.0784397908	0.0129955009	0.0138529291	-0.0252351292	-0.06400305190000001	0.06564555080000001	0.0225555848	-0.00239662	0.043089499999999996	-0.0161183	0.0007620339999999998	0.000105142	-0.00044674199999999997
0.08072577999999997	-0.036920473	0.0626569234	0.0311019574	-0.041394274	0.0118903557	0.1321177999	-0.0259951375	-0.0630288878	0.0669890084	0.0194593619	-0.015924299999999995	0.05560880000000002	0.014927200000000003	0.00101532	0.000123433	-0.000245653
0.05400342000000001	-0.0121694314	-0.0736457791	0.0335199744	0.0393331431	-0.0246098883	-0.0027313575	-0.026752527	-0.0620293259	0.068271733	0.0163317771	-0.0159657	0.07038530000000001	-0.00716977	0.0011943800000000005	0.000198672	-0.000158181
0.031915465000000004	0.0608157432	0.07988557660000001	-0.0321926998	0.0066573249	0.0548897733	0.0164096515	-0.0275072215	-0.061004769	0.06949256179999999	0.0131778711	-0.0159431	0.0607587	-0.00916949	0.00101532	5.98731e-05	-0.000245653
0.033095585	-0.0279768584	-0.0470909655	0.0194059487	-0.0908556848	0.0223265681	-0.005277137800000001	-0.0282591448	-0.059955629800000014	0.0706503878	0.0100027269	-0.0159486	0.06610010000000001	0.00239455	0.00101532	0.00032846599999999997	-0.000300753
0.05500645000000001	0.0789018629	0.0203886638	-0.021223693	0.0237315316	-0.0244204846	-0.05909343490000001	-0.0290082213	-0.0588823313	0.0717441615	0.0068114617	-0.0109221	0.08170149999999997	0.002407	0.00146401	0.00029501099999999997	-9.557600000000001e-05
0.09612137	-0.0547755764	0.0359334238	-0.0515288766	-0.0698543419	0.0372285428	0.0328578186	-0.0297543755	-0.0577853059	0.0727728912	0.0036092188	-0.00918838	0.0627269	-0.019654599999999998	0.00101532	0.00052594	-0.000482986
0.059778469999999986	0.08284305230000001	-0.0437909462	0.0270999427	-0.0502124258	-0.0584820923	0.0701466465	-0.0304975321	-0.0566649955	0.0737356442	0.000401159	-0.0159265	0.08518499999999997	-0.0163422	0.0008973819999999998	0.00016638099999999998	-0.000415086
0.043847840000000006	-0.017887506100000002	0.0922379731	-0.0197223292	-0.0328951225	-0.029935734900000007	0.0117749499	-0.0312376164	-0.0555218517	0.0746315476	-0.0028075473	-0.0111615	0.0698678	-0.008682709999999998	0.00115353	0.000204673	-0.00044276900000000003
0.035675229999999995	0.0069326762	-0.06431404660000001	-0.004239071	-0.089658343	-0.00433966	-0.0365375784	-0.0319745538	-0.0543563352	0.0754597894	-0.0060117288	-0.00150359	0.066104	-0.00144559	0.00118859	0.00013652100000000002	-0.000245653
0.031452820000000006	0.0802249237	0.0799341968	-0.0071777034999999986	-0.0385852242	-0.0258851359	-0.0390874111	-0.03270827	-0.0531689154	0.0762196185	-0.0092062214	-0.014631899999999996	0.0731547	-0.010757	0.00121664	0.00014771899999999999	-0.000245653
0.029123500000000007	-0.0844549173	-0.0150620408	0.0487796419	-0.0824659286	-0.065484368	0.0132293809	-0.0334386912	-0.051960071	0.07691034599999999	-0.0123858767	-0.016651	0.0660895	-0.012364300000000005	0.00115539	0.00031628900000000003	-0.000384471
0.06156285	0.0630398878	-0.0145935559	0.0191132852	0.0225343191	-0.0582331005	-0.0813390529	-0.0341657437	-0.0507302891	0.07753134589999999	-0.0155455703	-0.0200928	0.08305119999999999	-0.026663799999999998	0.00148694	0.00019768299999999998	-0.00029743
0.06634265	-0.0210369245	0.06790104570000001	0.0033147105	-0.0861124174	0.0259723958	0.0513713962	-0.0348893543	-0.0494800651	0.078082055	-0.0186802098	-0.01116	0.06610190000000002	-0.012373100000000001	0.00101532	0.00019768299999999998	-0.000245653
0.04614059999999999	0.0076521317	-0.060592442	0.08104432240000001	-0.0494970437	-0.0560694716	0.0275395303	-0.035609450099999995	-0.0482099028	0.0785619741	-0.0217847431	-0.018833700000000002	0.08435419999999999	-0.0195756	0.0009520080000000001	0.000320564	-0.000171604
0.07209007	0.0099421246	0.08889259449999999	0.0469766254	0.0061883958	-0.060802792	-0.0234842187	-0.0363259585	-0.0469203142	0.0789706681	-0.0248541669	-0.0154632	0.08411110000000001	0.00413677	0.00165036	0.00019768299999999998	-0.000245653
0.09356341999999998	-0.0330616566	-0.0505470666	0.032892295499999995	-0.0698404829	0.0232344657	-0.0534760135	-0.037038807400000005	-0.0456118188	0.0793077664	-0.0278835343	-0.015654399999999995	0.061356799999999996	-0.041100300000000006	0.00125125	0.00030619	-0.000245653
0.06409565	0.0595471168	0.0045692147	0.0600696146	-0.0243536556	-0.098714541	0.1038697427	-0.037747925	-0.0442849438	0.0795729635	-0.030867963	-0.0215832	0.0821178	-0.0226553	0.00119115	0.000508609	-0.000128955
0.09641792	-0.1293123743	0.0247044485	0.07729561730000001	0.0288992553	-0.0448612651	-0.0501797864	-0.038453239900000005	-0.0429402241	0.0797660189	-0.0338026431	-0.00400638	0.0802491	-0.016287099999999995	0.00217561	0.00019768299999999998	-0.000245653
0.09642312000000004	0.0572361462	-0.0599035305	0.1007958396	0.0018661277	0.0046320718	0.0541548388	-0.0391546809	-0.0415782013	0.0798867576	-0.0366828449	-0.0201209	0.07137710000000001	-0.026883099999999997	0.0009587980000000001	0.00019768299999999998	-0.000245653
0.08986552800000001	-0.0403067846	0.0939733991	0.1014005405	0.0381633107	0.0190729302	-0.0200162405	-0.0398521774	-0.0401994245	0.07993507009999999	-0.0395039266	-0.0146065	0.0593362	-0.000307862	0.00166761	5.89272e-05	-0.00017852099999999998
0.083583348	0.003094767	-0.0595047917	0.064978299	-0.0271814139	0.0962978961	0.0381713271	-0.0405456591	-0.038804449	0.0799109126	-0.0422613414	-0.00400638	0.05250740000000001	-0.0331269	0.00120679	0.00019768299999999998	-0.000245653
0.07820557999999997	0.0687921182	0.0884927555	0.0948576775	-0.0297023611	0.0077217575	0.0181546674	-0.0412350562	-0.0373938371	0.0798143071	-0.0449506455	-0.0210024	0.0699284	-0.00786059	0.000929758	0.00019768299999999998	-0.00015224
0.05803340999999999	-0.0660788413	-0.0116317357	0.1005581219	-0.040327864500000005	0.0388803889	-0.0513596294	-0.0419202993	-0.0359681572	0.079645341	-0.0475675045	-0.00400638	0.0694671	0.00675775	0.0013555	0.00019768299999999998	-0.000245653
0.07707242499999999	0.0976158083	0.0208312199	0.1291831284	-0.018192528	0.0395946605	-0.0391803708	-0.0426013192	-0.0345279838	0.0794041677	-0.050107701	-0.0189483	0.0681178	-0.0138523	0.0007402439999999999	0.00019768299999999998	-5.748590000000001e-05
0.081832745	-0.0607974606	0.0518549768	0.1089175751	-0.0494989906	0.0041927669	-0.0048448859	-0.0432780475	-0.0330738971	0.07909100570000001	-0.052567141100000006	-0.011354600000000001	0.0593645	0.00678034	0.00131549	0.000331332	-0.000245653
0.05180425	0.0552025462	-0.0340957323	0.0748890763	0.033649044100000004	0.052704743600000006	-0.0596689702	-0.0439504158	-0.0316064831	0.0787061389	-0.0549418609	-0.00401462	0.07106080000000001	0.00365049	0.00101532	0.00019768299999999998	-8.670959999999999e-05
0.037951299999999986	-0.0024812103	0.0921454747	0.1034160435	-0.0339444116	0.03871407	0.0615001295	-0.044618356500000005	-0.0301263332	0.0782499164	-0.0572280333	-0.00402344	0.050011300000000015	0.015936099999999998	0.00101532	0.000130904	-0.00011207799999999999
0.08081381	-0.0891980626	-0.1047564415	0.0129505143	0.1161137587	0.0314865291	-0.0980058778	-0.0452818024	-0.0286340436	0.0777227516	-0.0594219737	-0.00398811	0.0500265	0.042352999999999995	0.00164012	-7.64946e-05	-0.000366807
0.17537176899999998	0.0594900664	-0.028283833900000006	-0.1632193609	0.16619328279999998	0.0655646257	0.0298589402	-0.0459406864	-0.0271302159	0.0771251226	-0.0615201462	0.00181721	0.00780035	-0.000560769	0.000276431	0.000161948	-0.000453206
0.044971659	-0.0607002029	0.0197336681	-0.1878648159	0.121790782	0.0463366322	0.0795056777	-0.046594942400000006	-0.0256154559	0.07645757110000001	-0.0635191694	0.00961977	0.0059232	0.00996778	0.000555448	0.000153249	-0.000245654
0.08567472999999999	0.0078369972	-0.1289038742	-0.2406855014	0.0999354055	0.1606087881	0.0810541268	-0.0472445043	-0.024090374	0.0757207024	-0.06541582139999999	0.00503231	-0.00767739	-0.0114616	-0.000131114	0.000295022	-0.000152843
0.043853488	0.0622347364	-0.0235468251	-0.1627434048	0.08512353869999999	0.0517697539	0.1358854263	-0.0478893067	-0.0225555848	0.0749151845	-0.06720704549999999	0.00274571	0.0158718	-0.00734598	4.16556e-06	0.00042311	-0.000138169
0.06864619200000001	-0.0280438273	0.018726882	-0.1276714112	0.0426088235	0.1189757169	0.0409002839	-0.0485292848	-0.0210117067	0.0740417477	-0.06888995490000001	0.010971	0.0167426	0.0102944	0.000361327	0.000249739	-0.000445831
0.091737628	0.0600933647	-0.0516185693	-0.0992910095	-0.0051685528	0.061982989	0.0533603259	-0.0491643739	-0.0194593619	0.07310118389999999	-0.07046183730000001	0.0008983719999999998	0.0435621	-0.0152974	0.000709178	0.000145656	-0.000312691
0.059267402999999996	0.0162536501	0.0675490666	-0.179942033	0.0082362541	0.0621578221	0.041118221	-0.0497945101	-0.0178991758	0.0720943458	-0.0719201593	0.00686054	0.028834699999999998	0.00262436	0.000972404	6.20225e-05	-0.000378953
0.04662485400000002	-0.0156568152	-0.08027417190000001	-0.0966674394	-0.0714990124	0.0137661624	0.0332064833	-0.05041963	-0.0163317771	0.0710221462	-0.0732625707	0.00684927	0.0352058	-0.0139839	0.000568321	6.72002e-06	-0.00036565400000000003
0.06736858400000001	0.0702654938	0.0001545116	-0.1085890173	0.0127310659	-0.0293594217	0.0294949231	-0.0510396705	-0.0147577975	0.0698855571	-0.0744869079	-0.0009629630000000001	0.0550363	-0.0196452	0.00113904	-7.6167e-05	-0.00033796900000000003
0.07443439800000001	-0.0820664537	0.0082934054	-0.1052799182	-0.0196256093	-0.051543109100000005	0.0647259798	-0.0516545692	-0.0131778711	0.0686856091	-0.07559119780000001	0.00683956	0.0471718	0.0102777	0.000991622	6.39895e-05	-0.000627284
0.07079621700000001	0.0215204562	-0.0790093521	-0.1333127475	0.0331180046	-0.0139069901	-0.0523077974	-0.0522642642	-0.0115926346	0.06742339	-0.0765736605	0.00188129	0.047202600000000004	-0.012305300000000005	0.001565	-7.772439999999996e-06	-0.000407941
0.071945398	0.0326241538	0.05814045950000001	0.0112683829	0.0040153075	-0.0347295262	0.010589433999999998	-0.052868694	-0.0100027269	0.0661000441	-0.0774327128	-0.00362624	0.0349348	-0.0009619400000000002	0.00182345	-0.000290679	-9.276340000000001e-05
0.07028736	-0.1185607043	-0.016448758600000002	0.07126530019999999	0.0185303138	-0.1279954958	-0.051745725599999993	-0.0534677978	-0.0084087885	0.0647167712	-0.07816697	-0.00650722	0.0421191	0.00856496	0.00226917	0.00020385900000000008	-0.000166409
0.096627975	0.0298602404	-0.030068369900000006	0.0484132946	0.035528794100000004	-0.0976344798	-0.0810657397	-0.0540615151	-0.0068114617	0.0632748254	-0.0787752489	-0.0148077	0.055445100000000004	-0.0190127	0.00176261	-8.570599999999998e-05	-1.40573e-05
0.109688279	-0.0466442427	0.0760804507	-0.0427622567	0.0453881777	0.0131205378	-0.0201928059	-0.0546497862	-0.0052113902	0.061775514	-0.079256569	0.000396264	0.0307219	0.00855763	0.00212566	-0.000290679	-0.00028985
0.1037663802	-0.0196171994	-0.0930749642	0.0120461792	-0.006471025500000001	-0.0055713626	-0.039621541	-0.0552325519	-0.0036092188	0.0602201963	-0.0796101548	6.84688e-05	0.0168027	-0.0205065	0.0013720999999999998	-1.95529e-05	-0.000105431
0.0710713138	-0.0121968617	0.0408485156	0.07623522190000001	0.1202657918	-0.1241664101	-0.025412959	-0.0558097533	-0.002005593	0.0586102822	-0.0798354362	-0.00485578	0.0459331	-0.00481726	0.0016902999999999998	-9.44573e-05	-7.19869e-05
0.09266012	-0.0957673386	-0.0022366365	0.0551667375	0.040708563	0.028123892200000004	-0.004489888	-0.05638133240000001	-0.000401159	0.0569472315	-0.0799320503	0.00683158	0.025045500000000002	-0.0323199	0.00178793	0.00011871	-0.00041284
0.12095902	0.0551566528	-0.0372490251	0.0518996141	0.0387043837	0.020761277	-0.0012828305	-0.0569472315	0.0012034366	0.0552325519	-0.0798998413	0.00194605	0.04417480000000002	-0.00145536	0.00110819	-0.000290679	-0.000180376
0.05026045	-0.0214970498	0.0697369711	0.065835909	-0.005811532	0.0242825181	0.0469800789	-0.0575073938	0.0028075473	0.0534677978	-0.0797388611	-0.00313171	0.0250142	-0.0159546	0.00130964	-0.000290679	-0.000209383
0.05099603900000002	-0.047772315700000005	-0.0773081778	0.06163815	0.038957374700000005	-0.0341433088	-0.0420280738	-0.0580617626	0.0044105266	0.0516545692	-0.0794493692	-0.0006919010000000001	0.043037599999999995	-0.00193932	0.00144218	-0.000167812	-0.000134439
0.07181314100000001	0.0634537528	0.04013816	-0.0419350509	0.0941054227	0.0452034843	-0.0752475029	-0.0586102822	0.0060117288	0.0497945101	-0.0790318321	0.00680921	0.025030700000000003	-0.028266500000000007	0.00119239	-0.000290679	-0.000161341
0.07265141	-0.0823233421	0.027211916800000003	0.0943787588	-0.0354495321	0.0185610133	0.0847264947	-0.0591528974	0.007610508399999999	0.0478893067	-0.0784869228	-0.005425	0.0417125	-0.013684100000000001	0.0013342400000000006	0.000123234	-0.000188638
0.068113788	-0.0041232939	-0.0454344329	0.1185233195	0.1073398549	-0.0073730424	-0.0374640796	-0.0596895534	0.0092062214	0.0459406864	-0.0778155195	0.000950068	0.0647386	-0.00485893	0.00148347	-0.000290679	-0.00015403200000000002
0.05879472199999999	0.0179653623	0.0933697153	0.0380325322	0.0207090662	0.125134006	-0.0362002132	-0.0602201963	0.0107982247	0.0439504158	-0.0770187042	0.00270357	0.0317005	-0.022233700000000002	0.00141721	-0.000290679	-0.000220339
0.06803379000000001	0.0051221183	-0.0403285696	0.1302668752	-0.0601633872	0.0747156763	-0.0493211736	-0.0607447724	0.0123858767	0.0419202993	-0.0760977612	-0.0044169	0.0586616	-0.0364733	0.00131402	-0.000290679	7.072340000000001e-05
0.06656431300000001	0.0493322407	0.0608316251	0.0565352895	0.0193687971	0.0043709409	-0.1317072313	-0.0612632291	0.0139685379	0.0398521774	-0.0750541746	-0.010223200000000002	0.0510659	-0.000832582	0.00162065	-0.000290679	2.69215e-05
0.08711437799999999	-0.0161136749	-0.0301632749	-0.0451860559	-0.048321713899999987	0.0976317141	-0.08684327970000001	-0.061775514	0.0155455703	0.037747925	-0.07388962639999999	0.00361104	0.025122099999999998	-0.0303433	0.00155963	-9.42906e-05	-7.21825e-05
0.118289305	0.0918927929	0.0009604735	0.0506337555	-0.0471080513	-0.0072089545	0.0396583138	-0.062281575599999986	0.0171163386	0.035609450099999995	-0.0726059935	-0.017780200000000003	0.0455819	-0.00998633	0.000640073	-0.000147837	-0.000220705
0.08351097100000003	-0.088475157	0.0224858291	0.0800807407	-0.01483374	-0.0679843462	-0.0352964955	-0.0627813628	0.0186802098	0.0334386912	-0.0712053446	-0.00718043	0.0359732	0.000621086	0.00130762	3.57237e-05	-0.00042349900000000003
0.041349141000000006	0.0350993957	-0.0502094701	0.0542691215	0.012164979	-0.0270900993	-0.0774019355	-0.0632748254	0.0202365536	0.0312376164	-0.06968993700000001	-0.0110494	0.04799319999999999	-0.0126621	0.00128905	-0.000153007	-0.00038726
0.06188516	-0.0133197571	0.0939274163	0.0021822773	-0.0329173296	0.0406562426	-0.0019567566	-0.0637619136	0.0217847431	0.0290082213	-0.0680622132	-0.00746374	0.0160975	-0.028761000000000002	0.00120132	-0.000119909	-0.00030199
0.09969957199999996	-0.0156722545	-0.0621265588	0.1025041541	-0.0463879347	-0.0396799766	0.02110871	-0.0642425783	0.0233241543	0.026752527	-0.0663247964	-0.011052	0.0427918	0.000703812	0.0016817999999999998	0.000102279	-0.00020561400000000001
0.08065402199999999	0.0139150953	0.0632853396	0.050443129	0.0801854276	-0.045010174400000005	-0.1094495933	-0.0647167712	0.0248541669	0.0244725786	-0.0644804868	-0.0110131	0.0624614	-0.00251101	0.00224437	-0.000290679	-0.00040469999999999997
0.142606455	-0.016065781	-0.0170580336	0.0101679056	-0.0801688996	0.0943685307	-0.017559865900000002	-0.0651844444	0.0263741644	0.0221704431	-0.0625322567	-0.00296046	0.0184993	-0.00309356	0.0007158269999999999	-4.686470000000001e-05	-0.000376874
0.07275052099999997	0.0444888125	-0.0202109239	0.113297243	-0.0141054093	-0.0848911151	0.0828441026	-0.06564555080000001	0.0278835343	0.0198482077	-0.060483246	-0.0110154	0.058200199999999994	-0.00024036400000000002	0.000784277	0.000153614	-0.000550775
0.06616405399999999	-0.0732544926	0.0848509311	0.0736632481	0.0183237091	-0.0819381193	0.0226338776	-0.0661000441	0.0293816684	0.0175079777	-0.058336757	-0.011035600000000001	0.0404153	0.0244055	0.0009382510000000001	-2.1648800000000002e-05	-0.00040575
0.06576792	-0.06341535599999999	-0.0353111662	0.0925418797	-0.0044475966	-0.0669612807	0.0124956212	-0.0665478783	0.030867963	0.0151518747	-0.0560962492	-0.008963139999999998	0.0549054	0.00228678	0.00103319	0.000207142	-0.00018774700000000002
0.05666137	0.0398122723	-0.0237049103	-0.0136707913	0.05870592860000001	-0.0069807765	-0.0995218979	-0.0669890084	0.0323418192	0.0127820349	-0.0537653335	-0.011072	0.0540993	-0.00618223	0.00162239	0.000103854	-0.000400807
0.09523962	-0.0092625242	0.0383390325	-0.1168187986	0.0420529292	0.05785851230000001	0.0517571107	-0.06742339	0.0338026431	0.0104006067	-0.0513477665	-0.0110762	0.0131792	-0.019566	0.000896677	0.000196047	-0.00040153199999999996
0.05885269000000001	-0.085239026	-0.0575188245	-0.0275597573	0.0109646647	-0.0320547443	0.0183785832	-0.0678509792	0.0352498461	0.0080097493	-0.0488474444	-0.00512118	0.020937400000000002	0.00803597	0.0006929880000000001	0.000272425	-0.00033084900000000003
0.029105789999999993	0.0295927043	-0.0659703611	0.0023742571	0.1214573031	-0.0392390538	0.0270485786	-0.068271733	0.0366828449	0.0056116301	-0.046268397	-0.00531934	0.020668400000000003	-0.00388586	0.00043050099999999996	0.000277189	-0.000263764
0.08828949000000001	-0.015958186699999998	0.06481680849999999	0.0034029451	0.0809821215	0.0651929665	0.068661042	-0.0686856091	0.0381010623	0.0032084234000000003	-0.0436147809	0.007774439999999999	0.016136399999999995	0.0265635	0.00102677	0.00029742	-0.00045155099999999996
0.08566125	-0.0124305046	-0.0546373029	0.0147375648	0.0269973489	0.066176869	0.0402852817	-0.0690925657	0.0395039266	0.0008023078999999999	-0.0408908726	-0.00662935	0.0298277	0.00334509	0.000768722	0.000716866	-0.00044209
0.09885474	0.047178306100000005	0.0486269783	0.0003118735	0.0603525391	0.0560012663	-0.0133387363	-0.06949256179999999	0.0408908726	-0.001604535	-0.0381010623	-0.00511417	0.0269493	0.0426551	0.00103246	0.000100722	-0.00021894900000000002
0.10340542	-0.0391804348	-0.0132543023	-0.0515275186	-0.008035433199999999	0.06863680559999999	-0.0093943857	-0.0698855571	0.0422613414	-0.0040099232	-0.0352498461	0.00270192	0.019209200000000003	0.00578087	0.000629009	0.00043119199999999995	-0.0005045280000000001
0.06092625	0.0974779701	-0.0241535892	-0.0064570726	0.0005899847	0.0401890652	0.0772186671	-0.0702715121	0.0436147809	-0.006411676	-0.0323418192	-0.0035323999999999998	0.0409162	0.0254125	0.000790494	0.00032793	-0.000502209
0.03731645	-0.0039794264000000005	0.0844507669	-0.0508698616	-0.0473702818	0.0929140197	0.0339696899	-0.0706503878	0.0449506455	-0.0088076158	-0.0293816684	-0.00387275	0.0211271	0.020455599999999997	0.000808133	0.000161939	-0.000441237
0.06747312	0.0121259884	-0.0684763927	-0.0135271231	-0.054000499900000005	0.0665773374	0.017835190600000002	-0.0710221462	0.046268397	-0.0111955706	-0.0263741644	0.00450015	0.029238999999999998	0.00578813	0.00046299599999999997	0.0004998159999999999	-0.00048464
0.10244092	0.07803712389999999	0.0512640097	-0.0154230666	-0.0525560969	0.0203523466	-0.0302287494	-0.0713867496	0.0475675045	-0.0135733754	-0.0233241543	-0.0111131	0.057805999999999996	0.019381400000000003	0.0009087969999999999	0.00017627400000000005	-0.000608645
0.04214915	0.0030222435	0.0483580809	-0.07785764	-0.0956868289	0.0124059624	-0.0004323039	-0.0717441615	0.0488474444	-0.0159388744	-0.0202365536	-0.011110799999999999	0.0312194	0.0212717	0.0009208939999999999	0.00033146099999999996	-0.00050253
0.04952406	0.0044518131	-0.0649935326	-0.0329607253	-0.0898872515	-0.0013471928	-0.0370677093	-0.0720943458	0.050107701	-0.0182899231	-0.0171163386	-0.011121700000000002	0.0235342	0.00577394	0.0007049210000000001	0.000570028	-0.000574594
0.06002336	0.0922912468	0.02023652	-0.0744751611	-0.0636286162	-0.0236977088	-0.0180313468	-0.0724372672	0.0513477665	-0.0206243899	-0.0139685379	-0.011111	0.0549307	0.00255453	0.000469289	0.00031539700000000003	-0.000556922
0.10334912999999996	-0.0352514953	0.0431200504	-0.0609424214	-0.1203236498	-0.0200438943	-0.0167122163	-0.0727728912	0.052567141100000006	-0.0229401584	-0.0107982247	-0.00352334	0.0367569	0.0270204	0.00109392	0.00046156800000000004	-0.00026528799999999997
0.07718387999999997	0.07520274	-0.0511007074	-0.045077626	-0.0980314241	-0.032209485	0.0382972089	-0.07310118389999999	0.0537653335	-0.0252351292	-0.007610508399999999	-0.00795587	0.050956699999999994	0.0113609	0.000469289	0.0006785210000000001	-0.000281545
0.06414033000000001	0.0219662065	0.0688196258	-0.0474081879	-0.0844299966	-0.0559666449	0.0174976899	-0.0734221124	0.0549418609	-0.0275072215	-0.0044105266	-0.0111	0.041425800000000006	0.032083999999999994	0.0006461009999999999	0.000334097	-0.000187937
0.03466065	0.0103189079	-0.0460938354	-0.0034965397	-0.15838534880000002	-0.0590672358	0.00174007	-0.0737356442	0.0560962492	-0.0297543755	-0.0012034366	-0.011137600000000001	0.0467321	0.0233078	0.000587205	0.000561255	-0.000312694
0.0490445	0.0348127364	0.0221087885	-0.0322291176	-0.0199755433	-0.17690691239999998	-0.1055924514	-0.0740417477	0.0572280333	-0.0319745538	0.002005593	-0.011107299999999999	0.053734699999999996	0.042691599999999996	0.0007330169999999997	0.000355037	-0.000212168
0.10470449999999996	-0.0346544711	0.0394005598	-0.1365177421	-0.1035459677	-0.0325973725	0.0256901103	-0.0743403923	0.058336757	-0.0341657437	0.0052113902	-0.00619614	0.0235591	0.00767246	0.000703851	0.0006247140000000001	-0.000605297
0.03246095000000001	-0.0375244871	-0.0603876029	-0.0746306228	-0.0556670072	-0.1193740148	0.056123828	-0.0746315476	0.0594219737	-0.0363259585	0.0084087885	-0.0110722	0.0279502	0.0161122	0.0005909040000000001	0.000508689	-0.000671406
0.03660408	0.0264879543	-0.0097387284	-0.0908865324	0.0270455653	-0.1125595058	0.0189551275	-0.0749151845	0.060483246	-0.038453239900000005	0.0115926346	-0.011072	0.0108126	0.00767887	0.000695599	0.00061573	-0.0006803289999999999
0.11161969999999999	-0.0396186811	0.057288849800000013	-0.0271772101	-0.022178634300000003	-0.0733238827	0.115675721	-0.07519127440000001	0.0615201462	-0.0405456591	0.0147577975	-0.0110054	0.034405800000000014	0.0340169	0.0011325999999999999	-2.49134e-05	-0.000525536
0.07855407000000003	-0.08987773560000001	-0.0710265551	-0.0618586835	0.0319591359	-0.0875148737	-0.0160407988	-0.0754597894	0.0625322567	-0.0426013192	0.0178991758	-0.007389399999999998	0.0235486	0.015886700000000004	0.000602532	0.000216657	-0.0006729110000000001
0.08040625	0.06803873349999999	-0.0307669179	-0.1082639065	0.0382501888	-0.0527285748	0.048866056500000005	-0.0757207024	0.0635191694	-0.044618356500000005	0.0210117067	-0.0110691	0.0264757	-0.0223835	0.00015937700000000002	0.000376469	-0.000565293
0.04928800000000001	-0.074501071	0.0377919619	0.006604564300000001	-0.0123806603	-0.0620011041	0.1244890394	-0.0759739873	0.0644804868	-0.046594942400000006	0.024090374	-0.0109686	0.0159564	-0.0188613	0.000639964	0.00052547	-0.000638625
0.07202393	0.0118486598	-0.0673812671	0.0917408406	-0.0590199876	-0.0035904085	0.061657453	-0.0762196185	0.06541582139999999	-0.0485292848	0.0271302159	-0.011064399999999999	0.043595999999999996	-0.00769487	0.000500088	0.000419714	-0.000221815
0.04638929	0.0648198959	0.0382406705	0.0166025991	0.0418223751	-0.0175463945	0.0197044633	-0.07645757110000001	0.0663247964	-0.05041963	0.0301263332	-0.0110267	0.048333	-0.00770721	0.000675218	0.00029236	-0.0007513760000000001
0.040473279999999986	-0.0607658641	-0.0031121885	0.0046658277	-0.0373923429	0.0218690354	0.033982936400000004	-0.0766878214	0.06720704549999999	-0.0522642642	0.0330738971	-0.00795521	0.0397167	-0.0103454	0.00037385	0.00041981900000000004	-0.000845495
0.13522739	0.0506588832	-0.031773701	0.0120252436	-0.0248652917	-0.011765207	-0.0340436671	-0.07691034599999999	0.0680622132	-0.0540615151	0.0359681572	-0.0110982	0.060661300000000015	-0.050081400000000005	0.00122332	0.0005724	-0.00041947
0.032176150000000014	-0.012367131000000002	0.0481598187	-0.0366562363	-0.0587562693	0.0200634104	-0.036323554300000005	-0.0771251226	0.06888995490000001	-0.0558097533	0.038804449	-0.0110901	0.0566136	-0.0504542	0.0015422	0.000539153	-0.000622294
0.09297968	0.0451177067	-0.075561373	-0.048131091	-0.0836530663	0.017054803	0.0441114427	-0.0773321295	0.06968993700000001	-0.0575073938	0.0415782013	-0.007956019999999998	0.047630900000000004	-0.0449142	0.000329751	0.0007849429999999998	-0.0006705130000000001
0.10770948	0.039701675	0.0931653659	0.0214869619	-0.07621874740000001	-0.0505251905	0.109219864	-0.07753134589999999	0.07046183730000001	-0.0591528974	0.0442849438	-0.020104	0.07297249999999998	-0.014493700000000003	0.000555575	0.00046582199999999996	-0.00041947
0.06600535	-0.055534312	-0.0574949374	0.040622073	-0.0418487683	-0.0592659878	-0.0537732973	-0.0777227516	0.0712053446	-0.0607447724	0.0469203142	-0.011132099999999999	0.05697530000000001	-0.0417879	0.000383395	0.000363161	-0.00041947
0.15841292499999998	0.0830127118	0.05803607230000001	0.008448468399999999	-0.026947887200000003	-0.0129672493	-0.0992910839	-0.0779063275	0.0719201593	-0.062281575599999986	0.0494800651	-0.0166344	0.07313899999999998	-0.00158814	0.0016309	-3.89373e-05	-0.00013813
0.070603665	-0.076138205	-0.0281302215	-0.0215674762	-0.0232088337	0.0009326237	-0.1608801004	-0.078082055	0.0726059935	-0.0637619136	0.051960071	-0.007416309999999998	0.0519779	-0.025500099999999998	0.00165564	0.000184148	-0.000216555
0.031939570000000014	0.0992012959	0.0110151103	-0.0769328227	-0.0194391986	0.0017868154	-0.1172295852	-0.0782499164	0.0732625707	-0.0651844444	0.0543563352	-0.00731474	0.045817000000000004	-0.0364219	0.0015740699999999995	0.000387456	-0.00020632700000000002
0.0255976	-0.058854351	0.0058653878	-0.0306512593	-0.0390338225	0.0070049748	-0.0746557155	-0.0784098948	0.07388962639999999	-0.0665478783	0.0566649955	-0.00203914	0.04565	-0.033011599999999995	0.00172665	0.000375128	-0.00037631300000000003
0.05321338349999999	0.0503101322	-0.0376505017	0.0087064229	0.0157842989	-0.0375086311	-0.032421016600000005	-0.0785619741	0.0744869079	-0.0678509792	0.0588823313	-0.0110035	0.0568472	-0.0446472	0.00170345	7.96453e-06	-0.000414274
0.07580862349999999	-0.0539626781	0.0434643449	-0.0053857513	0.006645282099999999	-0.012141422	-0.0719806552	-0.0787061389	0.0750541746	-0.0690925657	0.061004769	-0.004866399999999999	0.0410281	-0.019791999999999997	0.00186972	0.000277797	-0.00027043200000000003
0.0726179	0.0632774358	-0.0671541833	-0.0036476893	-0.0276068376	0.0323715695	0.0102306791	-0.0788423748	0.07559119780000001	-0.0702715121	0.0630288878	-0.011105799999999999	0.052477300000000004	-0.0427104	0.00160617	0.0005193730000000001	-0.000405524
0.10116779	-0.0130441279	0.0691852846	0.0043684344	-0.0157455078	0.0067766838	0.0694727989	-0.0789706681	0.0760977612	-0.0713867496	0.06495142570000001	-0.011068099999999999	0.0488234	0.00684754	0.0008184510000000001	0.000592834	-0.00030833900000000003
0.032789969999999995	-0.0256521808	-0.06362827929999999	0.0377951596	-0.0122846843	-0.0335873697	0.0197397875	-0.07909100570000001	0.0765736605	-0.0724372672	0.0667692842	-0.011079	0.0500662	-0.00833013	0.000689802	0.00042934	-0.00034336800000000004
0.016912740000000002	0.0190748577	0.065211643	0.0210511082	0.0342480539	-0.0232119167	-0.048718165	-0.0792033756	0.0770187042	-0.0734221124	0.0684795334	-0.0110759	0.0523203	-0.008293989999999998	0.000938135	0.00043423199999999994	-0.000304205
0.04012165	-0.06948216269999999	-0.0435305831	0.0461267162	-0.0321548402	0.0111123584	-0.0016440197	-0.0793077664	0.0774327128	-0.0743403923	0.0700794171	-0.00708313	0.06640750000000001	-0.00834312	0.000630789	0.000451241	-0.00041970099999999997
0.01776079999999999	0.0524474106	-0.0120090852	-0.0101022072	0.0947084154	-0.0172083858	-0.0443514855	-0.0794041677	0.0778155195	-0.07519127440000001	0.0715663568	-0.00615477	0.0661798	-0.00837706	0.000335612	0.00046438400000000003	-0.000396605
0.06984005	-0.0741746277	0.0420881006	-0.0325053428	0.0222906846	0.0590987809	0.0534376842	-0.0794925697	0.07816697	-0.0759739873	0.072937956	0.003380300000000001	0.036301599999999996	-0.00835448	0.000519401	0.0006534280000000001	-0.000631856
0.05586400999999999	0.0408594162	-0.0742449084	0.04476266	0.0490601113	0.0046690202	0.05979601740000001	-0.0795729635	0.0784869228	-0.0766878214	0.0741920043	-0.011058799999999999	0.0523268	-0.00839139	0.000304326	0.00060831	-0.00038479300000000003
0.08365052	-0.0240366725	0.075991269	0.006847179399999999	0.1195375757	0.0218143979	-0.0442730002	-0.079645341	0.0787752489	-0.0773321295	0.0753264804	-0.00836187	0.054872500000000005	0.0205926	0.000876817	0.000251108	-0.00044357800000000003
0.09194488	-0.04861442690000002	-0.0576182551	0.0388373529	0.0274722009	0.0814118621	0.031848347400000004	-0.079709695	0.0790318321	-0.0779063275	0.0763395561	-0.007272889999999999	0.0359494	-0.0258928	0.00044346	0.000326699	-0.00044357800000000003
0.08260660999999997	0.0580675983	0.02558922	0.0632231597	0.0783136884	0.0179951242	-0.0109929974	-0.0797660189	0.079256569	-0.0784098948	0.0772295986	-0.011115700000000001	0.0722255	-0.0307332	0.0008486509999999999	0.00030637	-0.00011615200000000001
0.05367906	-0.0923680878	0.008742290699999999	0.0162267761	0.0586410404	0.08759597699999999	0.0166750682	-0.0798143071	0.0794493692	-0.0788423748	0.07799517339999999	0.00512406	0.05235890000000002	-0.0235782	0.0008548829999999999	0.000371391	-0.000253253
0.07577288150000001	0.0771651518	-0.0487820586	0.0795966708	0.05158069480000002	0.0568419371	0.077485249	-0.0798545546	0.0796101548	-0.0792033756	0.0786350467	-0.00794302	0.0750833	-0.0297506	0.0006553230000000001	0.000146937	-1.08697e-06
0.0426032115	-0.0466292821	0.0753422283	0.0454765992	0.0832280033	0.0423909778	0.0186599197	-0.0798867576	0.0797388611	-0.0794925697	0.0791481873	-0.00311671	0.06818289999999999	-0.0179113	0.000546689	0.000182849	-0.000237285
0.0702713965	0.0028005804	-0.0600922174	0.0411569836	0.0133930003	0.0792357506	0.0711400001	-0.0799109126	0.0798354362	-0.079709695	0.0795337681	-0.00372927	0.056849199999999996	-0.038525	0.000127747	8.37603e-05	-1.08697e-06
0.0970429965	0.041807185	0.054764012	0.0688975018	0.0787760182	0.0405372148	-0.0106020743	-0.0799270173	0.0798998413	-0.0798545546	0.0797911678	-0.00621655	0.07783819999999997	-0.00580045	0.0008033160000000001	0.000146197	-7.99246e-05
0.06863902	-0.0807895845	-0.0155339969	0.0044443084	0.1179602027	0.0764564421	-0.0754179222	-0.07993507009999999	0.0799320503	-0.0799270173	0.0799199714	0.00370962	0.0525555	-0.00389977	0.000522063	-0.0	-0.000283064
