0.0	0.024883593	-0.0711949882	0.0053203942	-0.0202819573	0.0527099232	-0.0161323368	0.07993507009999999	0.0799320503	0.0799270173	0.0799199714	0.0207403	-0.06284479999999999	-0.0290819	-0.0009328919999999999	0.0005727109999999999	0.00013287
0.06975425	-0.0599579647	0.0311869988	-0.0191998546	-0.0191600864	-0.0342080837	0.0220638797	0.0799270173	0.0798998413	0.0798545546	0.0797911678	0.016539599999999998	-0.0435227	-0.054586699999999995	-0.00066231	0.000712594	0.00012880200000000002
0.05779188	-0.0051073643	-0.0762445186	0.0683060966	-0.0171383094	-0.0132575125	0.0115286695	0.0799109126	0.0798354362	0.079709695	0.0795337681	0.0184952	-0.09000810000000001	-0.0479739	-0.00066231	0.000712594	7.40404e-05
0.10509787999999996	0.0068189661	-0.006020950600000001	-0.08530582619999999	0.0370617652	-0.0612494697	-0.0138297143	0.0798867576	0.0797388611	0.0794925697	0.0791481873	0.0117941	-0.0279481	-0.0436441	-0.000964707	0.000545056	0.000244245
0.079361005	-0.0521469009	-0.0019130439	0.0220058392	-0.0183101939	0.0155165071	-0.05180163980000002	0.0798545546	0.0796101548	0.0792033756	0.0786350467	0.010307799999999999	-0.0845913	-0.0452595	-0.0009090410000000001	0.0005358930000000001	-8.32481e-05
0.037512265	0.0159410163	-0.07188504030000001	-0.0029387671	-0.0150985384	-0.0350030823	-0.0274608313	0.0798143071	0.0794493692	0.0788423748	0.07799517339999999	0.0165082	-0.0795368	-0.0479691	-0.00106656	0.00040392900000000003	9.82242e-05
0.08488021000000001	-0.0937636753	0.045021870599999986	-0.0279610091	-0.0958793725	-0.0095929717	0.0218684346	0.0797660189	0.079256569	0.0784098948	0.0772295986	0.016523699999999995	-0.0473923	-0.068201	-0.000732867	0.000458764	-0.000163014
0.0950076	-0.0363801052	-0.0051155404	0.0362628283	-0.0169116839	-0.0287840317	-0.0661056842	0.079709695	0.0790318321	0.0779063275	0.0763395561	0.0164998	-0.09307649999999999	-0.0949358	-0.0011427999999999998	0.000482165	-0.00014505399999999998
0.11414947	0.0021735045000000003	0.0243043531	-0.0311427038	-0.0006552458999999999	0.0677502138	-0.080356177	0.079645341	0.0787752489	0.0773321295	0.0753264804	0.00934043	-0.0458421	-0.06879299999999999	-0.00060285	0.000492708	-0.000266819
0.06279449000000001	0.0194467838	-0.0083965254	0.0450276287	0.08657195320000001	-0.0069181263	-0.0954255849	0.0795729635	0.0784869228	0.0766878214	0.0741920043	0.00772179	-0.051623	-0.0640813	-0.0014105	0.00030590099999999997	-0.000286027
0.10051169	0.0214998089	0.0190396876	-0.044116274	0.0023768167	0.0144865723	-0.0874910528	0.0794925697	0.07816697	0.0759739873	0.072937956	0.004531800000000001	-0.0365776	-0.0457705	-0.00044922800000000003	0.000467905	-0.000129993
0.05292133000000001	0.0167704356	-0.0325966186	0.0672235613	0.018540355	0.016430869	-0.0121336352	0.0794041677	0.0778155195	0.07519127440000001	0.0715663568	0.00750343	-0.03969930000000002	-0.039309199999999996	-0.00107491	0.00030590099999999997	-0.000110345
0.10113026	0.1204097743	-0.0136677846	-0.0613518841	0.0350991096	0.000610718	-0.08906290019999999	0.0793077664	0.0774327128	0.0743403923	0.0700794171	0.00200912	-0.0116047	-0.0325023	-0.000394296	0.000236565	0.000354394
0.09942530000000001	0.06660656400000001	0.0709903405	0.0533125856	0.0590366719	0.1471638011	0.0666552064	0.0792033756	0.0770187042	0.0734221124	0.0684795334	0.00410147	-0.0121913	-0.0065336	0.000294695	-0.000358355	0.000222752
0.11349630499999998	-0.006204480500000001	0.0200844405	0.0238504669	-0.0057478674	-0.1065671899	0.0901640756	0.07909100570000001	0.0765736605	0.0724372672	0.0667692842	0.00986821	-0.049140300000000005	-0.0252724	-0.000197282	1.46881e-05	4.69368e-05
0.08053317399999999	0.0057113368	0.0014022012	0.020438721	-0.0238943424	0.0374679387	0.1376753519	0.0789706681	0.0760977612	0.0713867496	0.06495142570000001	0.00430868	-0.00424508	-0.0292163	9.579180000000003e-06	-0.000189958	0.00015812
0.043993666	-0.0431057958	0.0288381871	0.0109431408	0.0047866773	-0.1181225798	0.049214264900000006	0.0788423748	0.07559119780000001	0.0702715121	0.0630288878	0.007284589999999999	-0.0238266	-0.0393742	9.17446e-06	-0.000358355	0.000101355
0.12516128699999998	-0.015848649399999998	-0.0151000207	-0.0224782151	-0.0727018539	0.0097273647	-0.0007688874	0.0787061389	0.0750541746	0.0690925657	0.061004769	0.00538132	-0.0662701	-0.028933999999999998	0.000502874	0.000368725	-8.53518e-05
0.077428973	0.008654660699999999	0.0083930753	0.0195029567	0.08652147859999999	-0.0273090229	0.0308463536	0.0785619741	0.0744869079	0.0678509792	0.0588823313	-0.000280188	-0.022387	-0.0308595	0.000292083	0.000214315	6.86245e-05
0.066404113	0.0152860484	-0.0256769265	-0.0109726272	-0.0130603133	0.0213262683	-0.0202477743	0.0784098948	0.07388962639999999	0.0665478783	0.0566649955	0.00702594	-0.06311119999999999	-0.0277991	-1.2533199999999999e-05	0.000214315	6.6973e-05
0.10311758800000001	0.0711964159	0.036627387	-0.0269941411	0.0715997282	0.1018591008	0.0285243295	0.0782499164	0.0732625707	0.0651844444	0.0543563352	0.000249083	0.0009183860000000001	-0.0278137	0.000283155	9.25633e-05	-0.00016151799999999998
0.133467063	-0.057738582300000015	0.0605987932	0.0158053069	-0.0523105878	-0.0354467492	-0.0297076635	0.078082055	0.0726059935	0.0637619136	0.051960071	0.00990719	-0.0700891	-0.00483787	-0.000234041	9.571389999999999e-05	-8.53518e-05
0.080887885	0.0504675901	-0.0604057024	-0.0092314264	-0.0405236343	0.0385437238	0.0867957118	0.0779063275	0.0719201593	0.062281575599999986	0.0494800651	0.008103789999999998	-0.021493099999999998	-0.022930000000000002	-0.00036336699999999997	0.000214315	-8.53518e-05
0.02461954	-0.0630164699	0.0371203991	-0.0247021326	0.0417551706	-0.0970875562	0.074148956	0.0777227516	0.0712053446	0.0607447724	0.0469203142	0.010201700000000001	-0.008138869999999998	-0.0250843	-0.000339215	0.000330425	-8.53518e-05
0.11815033	-0.06492234940000001	-0.0493093013	0.0283990782	-0.0895701076	-0.0324501897	0.0198339025	0.07753134589999999	0.07046183730000001	0.0591528974	0.0442849438	0.0165353	-0.0763231	-0.051473000000000005	-0.000567981	0.000214315	-8.53518e-05
0.09222135	0.0269005514	-0.0040991742	-0.0733631098	0.07954585019999999	0.005416998399999999	-0.055791301900000013	0.0773321295	0.06968993700000001	0.0575073938	0.0415782013	0.0165353	-0.0129594	-0.0294033	-0.000703739	0.000214314	-8.53518e-05
0.0817035465	-0.0514328783	0.0508922107	-0.0144676131	-0.0327888094	0.0451338777	-0.0595148387	0.0771251226	0.06888995490000001	0.0558097533	0.038804449	0.00884825	-0.031136200000000006	-0.015606299999999997	-2.27627e-06	7.49228e-05	-8.53518e-05
0.0625441516	0.0145914323	-0.0521630271	0.0357290325	0.0211939265	0.0013889723	-0.0266449408	0.07691034599999999	0.0680622132	0.0540615151	0.0359681572	0.0104848	-0.043432	-0.023749	-0.000587906	0.000214315	-9.91698e-07
0.0843264299	-0.0040770718	0.0115766126	-0.0302108149	0.0393445311	0.0227206098	0.035074223	0.0766878214	0.06720704549999999	0.0522642642	0.0330738971	0.00432009	-0.0191074	-0.016928099999999998	-5.3432e-05	-9.86733e-05	9.187040000000001e-05
0.05495520999999999	-0.0335977661	0.0304510895	0.0604660906	0.077520354	-0.0034625122	-0.0006983202000000001	0.07645757110000001	0.0663247964	0.05041963	0.0301263332	0.00921168	-0.0203232	-0.039285900000000006	-0.000321645	-2.59835e-05	0.000280768
0.080215975	0.0242428642	0.0176612013	-0.1308866346	-0.093090458	0.06806545929999999	-0.0744627472	0.0762196185	0.06541582139999999	0.0485292848	0.0271302159	0.00882258	-0.0501085	-0.03918769999999999	0.000517229	0.000116628	0.000263386
0.12398064999999996	0.004614983	0.06487833330000001	0.043635545	0.0415077748	0.1354738349	0.0586288244	0.0759739873	0.0644804868	0.046594942400000006	0.024090374	0.00247914	-0.00895883	-0.020161099999999998	0.0008052349999999997	-0.00039584699999999995	-8.53518e-05
0.105375565	0.0462798176	-0.0202337957	0.0496209577	-0.026131601	-0.0263061254	-0.0036656975	0.0757207024	0.0635191694	0.044618356500000005	0.0210117067	0.00396967	-0.0612203	-0.0234825	0.00014646899999999998	-8.85697e-05	-8.53518e-05
0.10002662	0.021526761	-0.0101650375	-0.0255213236	-0.0578614595	-0.0255104005	0.1312456572	0.0754597894	0.0625322567	0.0426013192	0.0178991758	0.00391159	0.00502792	-0.020493900000000002	0.000453826	-0.00039584699999999995	-8.53517e-05
0.105130355	-0.0480162527	-0.047126031	0.0308177632	-0.0872944111	-0.06299071889999999	0.047630984	0.07519127440000001	0.0615201462	0.0405456591	0.0147577975	0.00290643	-0.070212	-0.0306435	0.000453826	-2.11335e-05	-8.53517e-05
0.112743115	0.048080465	-0.0313269132	-0.0593918593	0.0239442531	-0.0207669891	0.0628066894	0.0749151845	0.060483246	0.038453239900000005	0.0115926346	0.00729765	-0.00466059	-0.027392400000000004	6.371279999999999e-05	0.000239489	5.49003e-05
0.091269465	-0.0388927497	0.0776814538	0.0391113252	0.0915287258	-0.0010362643	-0.0379945278	0.0746315476	0.0594219737	0.0363259585	0.0084087885	0.007725659999999999	-0.0194517	-0.030846199999999997	0.0008612669999999997	-0.00039584699999999995	7.3941e-05
0.08087914949999997	0.0291220968	-0.0536749697	0.0013198611	-0.024413676	-0.0570247623	0.0091577489	0.0743403923	0.058336757	0.0341657437	0.0052113902	0.0165025	-0.03938080000000002	-0.018986000000000003	0.0006375619999999999	1.78319e-06	0.000258866
0.0642119595	-0.0315300897	0.013419399999999998	-0.0380335558	-0.0316419064	-0.0069828536	0.0876048693	0.0740417477	0.0572280333	0.0319745538	0.002005593	0.00374368	-0.0114708	-0.0355157	0.000593755	-7.37756e-05	0.000237963
0.12262253	0.0409380209	-0.0460868784	0.0363929219	0.0609109858	-0.0320253242	-0.016909378	0.0737356442	0.0560962492	0.0297543755	-0.0012034366	0.00567677	-0.0198182	0.00186379	-0.000408985	9.94206e-05	-8.53518e-05
0.030300895	0.0044676888	0.0599559153	-0.036762383	-0.0057156512	-0.0314570475	-0.0847986926	0.0734221124	0.0549418609	0.0275072215	-0.0044105266	0.008962849999999998	-0.011456000000000001	0.00322358	-0.000205053	-4.250390000000001e-05	-8.53518e-05
0.044097125	0.0519473985	-0.0210079516	0.0726179864	-0.0122148787	0.1268806321	-0.0260696185	0.07310118389999999	0.0537653335	0.0252351292	-0.007610508399999999	0.00546663	-0.0386353	0.00575471	-0.000227803	5.67114e-05	-0.00018119599999999998
0.08673081500000003	0.0254165781	0.032203859700000004	-0.06279923429999999	0.06534702419999999	-0.08495333890000001	0.026152389	0.0727728912	0.052567141100000006	0.0229401584	-0.0107982247	0.00743524	0.0174547	-0.0161451	-0.00023166599999999997	2.0970700000000002e-05	-8.53518e-05
0.050090345	-0.0636993145	0.065394032	0.0107860106	-0.0828875312	0.0512837035	0.0033052819	0.0724372672	0.0513477665	0.0206243899	-0.0139685379	0.00384937	-0.00126109	-0.0108971	0.00020957200000000002	1.1395e-05	-8.53518e-05
0.052501935	0.0354976554	0.019673221	-0.0067538296	0.0681102269	-0.0532814314	-0.0406752077	0.0720943458	0.050107701	0.0182899231	-0.0171163386	0.002978	0.00303628	-0.0122491	-0.000698539	2.29078e-05	-8.53517e-05
0.047615054000000004	-0.12766318140000002	0.0743434559	0.0016329959	-0.1011999271	0.0537774399	0.0303648462	0.0717441615	0.0488474444	0.0159388744	-0.0202365536	-0.000844314	-0.00340402	-0.021429	-0.00033367	-0.000175674	-8.53517e-05
0.056683409000000004	0.005961596	-0.06177773650000001	0.0773368266	0.0395512766	-0.0580189631	-0.0239017117	0.0713867496	0.0475675045	0.0135733754	-0.0233241543	0.00732934	-0.0152078	-0.0314693	-0.0006362119999999999	-0.000250003	7.10908e-05
0.073643	0.0123029189	-0.0306174222	-0.0382844597	-0.0298125891	0.0351263461	0.004244007100000001	0.0710221462	0.046268397	0.0111955706	-0.0263741644	0.00113065	-0.0152572	-0.0218022	0.000126954	3.62663e-05	-3.4030100000000005e-05
0.045611307000000004	0.0382451294	-0.0348758079	0.0525772575	0.0798576984	-0.0285404029	0.0014619783	0.0706503878	0.0449506455	0.0088076158	-0.0293816684	0.000835563	-0.013658100000000001	-0.0182868	-0.000316722	-0.000121846	0.00016821599999999998
0.079882932	0.0321372409	-0.0216733061	-0.0869534409	-0.0792899353	0.0131177251	-0.0193717562	0.0702715121	0.0436147809	0.006411676	-0.0323418192	0.00728437	-0.0215109	-0.00517109	0.000268828	0.00019820799999999998	2.45077e-05
0.06774672	0.0176104188	-0.0256452704	0.0658854721	0.070457667	-0.0074060822	0.0419065821	0.0698855571	0.0422613414	0.0040099232	-0.0352498461	0.00731208	-0.00493716	-0.00714411	-0.000192532	-0.000253021	9.536370000000001e-05
0.05113697	0.005942022900000001	0.0007747726	-0.0922728873	-0.0567234868	-0.013198175	-0.0184855279	0.06949256179999999	0.0408908726	0.001604535	-0.0381010623	0.007345049999999999	-0.0180425	-0.009836399999999999	0.000276627	-0.000196768	-8.53517e-05
0.049656452000000004	-0.0455665813	-0.027838989100000003	0.0953727491	0.0528975713	-0.0059879605	0.0530577813	0.0690925657	0.0395039266	-0.0008023078999999999	-0.0408908726	0.000671698	-0.0124599	-0.00558294	1.70454e-05	-9.39945e-05	0.00021523400000000002
0.06665914199999999	-0.0038498146	-0.0472182131	-0.1177902199	-0.0730581006	-0.0464363068	-0.0595873166	0.0686856091	0.0381010623	-0.0032084234000000003	-0.0436147809	0.00556176	-0.0281209	-0.0317683	0.000227453	7.76633e-05	0.000231623
0.08849422800000001	-0.007003412	-0.01605623	0.08950366	0.10231886	0.0871358218	0.0692123626	0.068271733	0.0366828449	-0.0056116301	-0.046268397	0.016532599999999998	-0.000335257	0.0003513	0.00012301399999999998	0.000153254	5.9289799999999996e-05
0.079954253	0.0055141007	-0.0499258203	-0.04397653	-0.0289356406	-0.0673389632	-0.0680476062	0.0678509792	0.0352498461	-0.0080097493	-0.0488474444	0.00663258	-0.0381271	-0.0233166	6.45774e-05	7.03647e-05	2.8725900000000002e-05
0.07085032	-0.0072015201	-0.0103620094	0.0034571663	0.035172626400000004	0.0948199636	0.056005848	0.06742339	0.0338026431	-0.0104006067	-0.0513477665	0.0165387	-0.00368796	0.00148003	8.207989999999999e-05	7.671e-05	1.84051e-05
0.07913238500000001	-0.0366312318	-0.0179204202	-0.0005302568000000001	-0.024705414	-0.0841248275	-0.0636186915	0.0669890084	0.0323418192	-0.0127820349	-0.0537653335	0.00831368	-0.048982599999999994	-0.00991168	-5.22175e-05	3.03439e-05	-8.53517e-05
0.079972359	0.0286622311	-0.0045045981	0.0146942525	0.0432899151	0.0968400032	0.0276153442	0.0665478783	0.030867963	-0.0151518747	-0.0560962492	0.00828275	0.00146896	0.00545619	-0.000311643	7.32942e-06	-8.53517e-05
0.08144913599999999	0.0154441206	0.0135882956	0.0243991369	0.0072179355000000014	-0.0641796619	-0.1006440305	0.0661000441	0.0293816684	-0.0175079777	-0.058336757	0.00729551	-0.0171188	-0.0110775	-0.00103545	-2.55642e-05	6.47566e-05
0.138850625	0.0362339512	0.0416222024	-0.0739530314	-0.0613785671	0.1202235031	-0.0112920649	0.06564555080000001	0.0278835343	-0.0198482077	-0.060483246	0.00773932	0.0204921	0.00723606	-5.26443e-05	-0.00039584699999999995	-0.000231802
0.089620423	-0.0673195615	0.0301065354	0.0747237251	0.017785651	-0.07772012589999999	-0.0337356686	0.0651844444	0.0263741644	-0.0221704431	-0.0625322567	0.00593447	-0.0009994130000000002	-0.0122226	-0.000578562	-0.000130907	-8.53517e-05
0.052856167999999995	0.016733121899999998	0.0027200674	-0.0744702532	-0.0738764144	0.0343626475	-0.0663808333	0.0647167712	0.0248541669	-0.0244725786	-0.0644804868	0.00522952	0.013354	-0.00754611	-0.000101705	5.4662299999999987e-05	-8.53517e-05
0.04969671300000001	-0.0448749265	0.0275760581	0.06730520429999999	0.0696929546	-0.0091251726	0.0152832818	0.0642425783	0.0233241543	-0.026752527	-0.0663247964	0.00445313	0.0133805	-0.030979900000000005	-0.000420864	-5.5287799999999996e-05	-5.26014e-06
0.037889562	0.0512790655	-0.0110841424	-0.040949553	-0.0573080804	-0.0138473305	-0.0728701992	0.0637619136	0.0217847431	-0.0290082213	-0.0680622132	0.0105507	0.018810900000000002	-0.029795799999999997	-0.000113359	6.920010000000001e-05	6.629680000000002e-05
0.09836550500000002	0.0435469271	0.0920174256	0.0240992867	0.0708558772	0.0786474015	0.0026059812	0.0632748254	0.0202365536	-0.0312376164	-0.06968993700000001	0.0165203	0.040780300000000005	-0.00805787	-0.000470435	-0.00039584699999999995	-8.53516e-05
0.05445571	0.0217348187	0.052408028	0.0528127021	-0.0331776528	0.0381420331	-0.0541118533	0.0627813628	0.0186802098	-0.0334386912	-0.0712053446	0.0165374	0.00575977	-0.011149	-0.000257589	-0.000282154	-8.53516e-05
0.040848060000000005	0.1261077003	-0.0145884144	0.0685732274	-0.0053964342	0.015861758700000003	0.053733907	0.062281575599999986	0.0171163386	-0.035609450099999995	-0.0726059935	0.016572999999999997	0.014636099999999999	-0.0141345	-0.000637112	-8.266440000000001e-05	-8.53516e-05
0.07951762000000001	-0.0096367923	0.0886085676	-0.0131540402	-0.0027468391	-0.0801353733	0.0554803851	0.061775514	0.0155455703	-0.037747925	-0.07388962639999999	0.016527	0.041696199999999996	-0.0195093	-0.00010518300000000004	-0.00039584699999999995	1.02712e-05
0.07696398	-0.0211626619	0.0140061474	0.0528221523	-0.0623624817	-0.0055206977	-0.0086023995	0.0612632291	0.0139685379	-0.0398521774	-0.0750541746	0.0165678	0.00253066	-0.00620781	-7.953779999999997e-05	-2.79921e-05	-8.53517e-05
0.0714135	0.0521774566	-0.0027500573	0.005499495500000001	-0.0389038329	0.0014545353	0.1064404623	0.0607447724	0.0123858767	-0.0419202993	-0.0760977612	0.0165252	0.0251973	-0.013317099999999998	-0.000436484	-0.00039584699999999995	2.17466e-05
0.019940905	-0.062318847	0.0558967234	0.0018551794	0.0332589703	-0.0814602795	0.0286008517	0.0602201963	0.0107982247	-0.0439504158	-0.0770187042	0.016522400000000003	0.039013400000000004	-0.013720099999999999	-0.000378084	-0.00039584699999999995	-3.42335e-05
0.11271883	-0.0596488301	-0.0316604544	-0.0468348925	-0.1087813603	-0.0346979634	0.008640716	0.0596895534	0.0092062214	-0.0459406864	-0.0778155195	0.016559099999999997	-0.00294072	-0.0262541	0.00012101200000000005	0.000151724	8.297969999999999e-05
0.060228376499999986	-0.0216213988	0.0335241627	-0.032132293199999995	0.0752725048	0.029800149900000007	-0.0094960029	0.0591528974	0.007610508399999999	-0.0478893067	-0.0784869228	0.005661	0.015331399999999999	-0.0304861	-0.000223205	5.001169999999998e-06	0.000128563
0.06698440650000001	0.0393571514	-0.0599809535	0.0379816163	-0.008392586	0.0310384505	-0.06928948929999999	0.0586102822	0.0060117288	-0.0497945101	-0.0790318321	0.00361334	0.00194884	-0.00304164	-0.000330324	0.000166162	-8.53517e-05
0.064496725	0.054313022300000006	-0.0039844534	-0.0636138888	0.0213118308	-0.0125142879	0.0427858985	0.0580617626	0.0044105266	-0.0516545692	-0.0794493692	0.00562352	0.0242412	-0.00732394	-0.000436484	-0.00022312599999999998	0.00013743799999999998
0.06762528899999999	-0.0234666304	0.0046834481	0.007237871	0.0036549679	0.0074590537	-0.0292512449	0.0575073938	0.0028075473	-0.0534677978	-0.0797388611	0.00307791	-0.000253349	0.00110464	-8.39642e-05	2.77879e-05	9.774069999999999e-05
0.06078894899999999	0.0288744282	-0.0446476843	0.0363277677	0.0192942977	-0.0232174685	0.0549877055	0.0569472315	0.0012034366	-0.0552325519	-0.0798998413	0.00601501	0.0162515	-0.015371899999999999	-0.000436484	-4.37792e-05	0.000171063
0.027882480000000005	0.001706448	0.0270955764	-0.073807459	-0.0162680636	0.0253982467	0.0041719743	0.05638133240000001	-0.000401159	-0.0569472315	-0.0799320503	0.00371877	0.0289194	-0.00899815	-0.000436484	-9.06008e-05	8.699280000000001e-05
0.04324575	-0.0370032269	-0.0057560761	0.0528657284	0.0421657637	-0.0362770535	0.0515238389	0.0558097533	-0.002005593	-0.0586102822	-0.0798354362	0.00637573	0.022849	0.00571965	-0.000681828	1.9026e-05	4.59518e-05
0.06709797499999999	-0.0842662774	-0.0547033317	-0.0275533653	-0.04512123690000002	-0.0875258841	-0.0433186679	0.0552325519	-0.0036092188	-0.0602201963	-0.0796101548	0.00815818	-0.00445242	-0.0177022	-0.000436484	1.70795e-05	9.050639999999999e-05
0.070669235	0.0115254321	-0.0095185927	-0.0001353482	0.0715483789	0.0659761622	0.0124543451	0.0546497862	-0.0052113902	-0.061775514	-0.079256569	0.00596198	0.01823	-0.00576784	-0.00016689599999999998	-0.000217664	0.0002633
0.035920005000000005	-0.04422294400000002	-0.0102482286	-0.0192444556	-0.0058436539	-0.101044398	-0.0725867259	0.0540615151	-0.0068114617	-0.0632748254	-0.0787752489	0.00322272	0.00933963	-0.00715165	-0.000296073	4.41433e-05	0.000330447
0.06758560599999999	0.0060729268000000005	-0.0309942393	-0.0192071227	-0.022293062	0.08973774820000001	0.0656540957	0.0534677978	-0.0084087885	-0.0647167712	-0.07816697	0.00389003	0.0193252	-0.00021173900000000001	0.000179202	-0.000269606	0.00011961500000000005
0.065912571	-0.0390062609	-0.0201410379	0.0310925338	0.0424257696	-0.07227392070000001	-0.0493722937	0.052868694	-0.0100027269	-0.0661000441	-0.0774327128	0.00156542	0.0117826	-0.00733444	-0.000517015	-8.450879999999999e-05	0.00021675400000000002
0.049791040999999994	0.0103339746	-0.0289858003	-0.1341318301	-0.091908386	0.1055814539	0.07097203440000001	0.0522642642	-0.0115926346	-0.06742339	-0.0765736605	0.0032094999999999997	0.0281591	0.000318311	-0.000234625	-0.00021586400000000002	0.000148145
0.06944885099999999	-0.08303539559999999	-0.0465368799	0.1017275024	0.08643140269999999	-0.0412708244	0.0250728357	0.0516545692	-0.0131778711	-0.0686856091	-0.07559119780000001	0.00227093	0.0151046	-0.025983999999999997	-5.32354e-05	9.010879999999999e-05	0.000243852
0.03708827	0.1142426033	-0.0790965524	-0.0641576889	0.0047869749	-0.0641954296	-0.0998878273	0.0510396705	-0.0147577975	-0.0698855571	-0.0744869079	0.00733068	0.016955399999999995	-0.0161999	-0.000328632	-1.5569e-05	0.00021705400000000005
0.086816865	0.0237599769	0.1079583679	0.0617185968	0.0554542517	0.1279682595	0.026256296	0.05041963	-0.0163317771	-0.0710221462	-0.0732625707	0.00907601	0.0238274	0.015252200000000004	-0.000580898	-0.000395846	-8.53517e-05
0.06560165500000001	0.050433128499999993	-0.0077045770999999985	0.010743346599999998	-0.0335487653	-0.0577009559	-0.0399922346	0.0497945101	-0.0178991758	-0.0720943458	-0.0719201593	0.00402302	0.00717602	-0.00378369	-0.0005611640000000001	-1.5957e-05	1.22532e-05
0.098411165	-0.014165128	0.06847379740000001	0.0318239445	0.0314574779	0.0002484451	0.030296496000000006	0.0491643739	-0.0194593619	-0.07310118389999999	-0.07046183730000001	0.00537768	0.0482573	-0.018173500000000002	0.000142724	-9.71241e-05	-3.4399999999999996e-05
0.07896148	0.005747232099999999	-0.0055684566000000005	0.0032015062	-0.0598935817	-0.0943173572	-0.0018141999	0.0485292848	-0.0210117067	-0.0740417477	-0.06888995490000001	0.00962386	0.023849400000000003	-0.015556700000000001	-0.0007211099999999999	-0.00010205899999999999	5.06431e-05
0.09816988	-0.0380085546	0.065761322	-0.0483441281	-0.0434699356	0.0848852989	0.0424927639	0.0478893067	-0.0225555848	-0.0749151845	-0.06720704549999999	0.00422182	0.0413955	-0.034695300000000005	0.00016568599999999999	-0.00020093099999999998	-8.53517e-05
0.100323605	-0.0101404003	-0.0140451359	0.0443757026	0.0171134504	-0.0885647465	-0.0466140367	0.0472445043	-0.024090374	-0.0757207024	-0.06541582139999999	0.0091969	0.0195149	-0.0133842	-0.0007751709999999997	-0.000154904	-2.90992e-05
0.03812128	-0.042919080599999986	0.0097874726	-0.028174598	-0.0616625141	0.0099969491	-0.055228055	0.046594942400000006	-0.0256154559	-0.07645757110000001	-0.0635191694	0.00734508	0.0237715	-0.010441299999999999	-0.00036523699999999997	-0.00017691900000000002	0.000120351
0.04355568	0.0796849891	-0.0532744413	0.018459437	-0.007995280799999999	0.0312815106	-0.0196331831	0.0459406864	-0.0271302159	-0.0771251226	-0.0615201462	0.00667902	0.0208119	0.00112245	-0.000630817	8.155219999999998e-05	7.707680000000001e-05
0.07558750799999997	-0.0295197129	0.0485611146	-0.0277907155	0.07718870629999999	-0.0072259465	0.05998905490000001	0.0452818024	-0.0286340436	-0.0777227516	-0.0594219737	0.012122299999999999	0.0459484	-0.00566329	-0.000162506	-0.00013979299999999998	2.29324e-06
0.105195588	-0.0864581826	-0.0406475451	0.0188618462	-0.07391640440000001	-0.0500326745	-0.0329467564	0.044618356500000005	-0.0301263332	-0.0782499164	-0.0572280333	0.00390785	-0.00538273	-0.025332	-0.000375351	-7.875180000000001e-05	0.000248033
0.08505315	-0.0075792097	-0.0157345736	-0.0356625734	0.0059197137	0.0608694584	-0.015462011	0.0439504158	-0.0316064831	-0.0787061389	-0.0549418609	0.00540915	0.0336974	-0.00630703	-0.000120581	-1.09517e-05	6.16681e-05
0.029972255	0.0290490182	-0.0086373572	0.054757384400000005	0.090848912	0.0237930673	-0.0719524716	0.0432780475	-0.0330738971	-0.07909100570000001	-0.052567141100000006	0.00714774	0.0255489	0.00103546	-0.000241575	-4.1576300000000004e-05	0.00016490299999999996
0.04540886500000002	0.0494558495	0.0368060818	-0.0556215714	0.0135072101	0.0164948351	-0.0942079134	0.0426013192	-0.0345279838	-0.0794041677	-0.050107701	0.00541473	0.04296130000000002	0.00389901	0.000126837	-3.97442e-05	0.000262657
0.095867915	0.0173163548	-0.021042159100000003	0.0120653607	-0.0219563787	0.0605218154	0.0867257202	0.0419202993	-0.0359681572	-0.079645341	-0.0475675045	0.016601399999999995	0.023036400000000002	-0.018009200000000003	-0.000664902	-9.74339e-05	0.000270191
0.06901244499999999	-0.0916976439	0.0044991267	0.012213311299999998	-0.0138801177	-0.043172508099999986	0.0750098108	0.0412350562	-0.0373938371	-0.0798143071	-0.0449506455	0.00375537	0.0290926	-0.025354400000000003	-4.39928e-05	-0.000166067	0.000104433
0.07308776	-0.023272834300000003	-0.12514341880000002	0.0265314443	-0.0509141281	-0.0127287024	0.0338139688	0.0405456591	-0.038804449	-0.0799109126	-0.0422613414	0.0063214	0.00866983	-0.019111000000000003	-0.00041129599999999996	0.00021092599999999998	0.000237248
0.102113395	-0.0047182639	0.0147115173	-0.0858272774	0.0310447146	0.0260783452	0.0191733245	0.0398521774	-0.0401994245	-0.07993507009999999	-0.0395039266	0.0165334	0.039536800000000004	-0.0127571	7.168950000000002e-05	-0.000395846	0.000233395
0.106079485	0.0367561604	-0.0349798063	0.0366149721	0.0190522846	0.0674967606	-0.0433146067	0.0391546809	-0.0415782013	-0.0798867576	-0.0366828449	0.0165698	0.00399531	0.00518342	-0.000552658	-8.728199999999998e-05	0.000115085
0.06690995500000001	-0.0238060851	0.0213119012	-0.06235436940000001	0.0413103334	0.0028301916	0.035430794	0.038453239900000005	-0.0429402241	-0.0797660189	-0.0338026431	0.0165204	0.023287799999999997	-0.00517032	-0.000150506	-0.000395846	8.15145e-05
0.069138705	-0.0176117314	-0.0307328206	0.0743566302	0.006949053	0.0327520023	-0.0844673319	0.037747925	-0.0442849438	-0.0795729635	-0.030867963	0.00877051	0.00302356	-0.014656799999999998	-8.079319999999997e-05	2.51436e-05	0.000223574
0.06405324000000001	0.0420188372	-0.0163440696	-0.0752088677	-0.029987922	-0.0062354491	0.049421916	0.037038807400000005	-0.0456118188	-0.0793077664	-0.0278835343	0.008117209999999998	0.0346718	-0.00712229	0.000148023	-0.00021223599999999998	0.00020542599999999998
0.07515844999999999	-0.017633461	-0.031379475899999995	0.0796149032	0.0268529295	0.058303597	0.052850002	0.0363259585	-0.0469203142	-0.0789706681	-0.0248541669	0.016528099999999997	0.023309599999999996	-0.0151582	-0.00037224199999999995	-0.000395846	0.00044854
0.054853144000000006	0.044094348099999986	-0.0123711596	-0.149550712	-0.038271987	-0.0625339958	0.0076456812	0.035609450099999995	-0.0482099028	-0.0785619741	-0.0217847431	0.0137388	0.029508	-0.00624306	-4.47792e-06	-0.000129774	0.00034337
0.043917744	-0.0585903947	-0.025800604700000004	-0.0025119175	-0.017788793100000002	0.1537877258	0.10946389999999999	0.0348893543	-0.0494800651	-0.078082055	-0.0186802098	0.0129394	0.0185675	-0.0121958	-0.000353254	-0.000126269	0.00017114900000000002
0.05623915	-0.0062396169	-0.0058106522	0.0992418652	0.1421747314	-0.0925143188	-0.0169343798	0.0341657437	-0.0507302891	-0.07753134589999999	-0.0155455703	0.010121999999999999	0.0267589	0.0020228	-0.000742081	-0.000232101	0.000296725
0.13739842	-0.0449413301	-0.0575561003	-0.0051018839000000005	-0.1025969085	-0.006978526	-0.04039968	0.0334386912	-0.051960071	-0.07691034599999999	-0.0123858767	0.00838644	0.014931100000000001	-0.048898500000000004	-6.62878e-05	0.000386713	0.000460393
0.142325515	0.0949437192	0.0424427602	-0.055979178	0.0801290454	0.0479228559	-0.0991989992	0.03270827	-0.0531689154	-0.0762196185	-0.0092062214	0.0127949	0.0374831	-0.0011777100000000006	-0.000742081	-6.60181e-05	0.000236032
0.058997575	-0.0509484438	0.14074814689999998	0.0572137844	0.0673191171	0.0763646874	-0.0456425881	0.0319745538	-0.0543563352	-0.0754597894	-0.0060117288	0.00938661	0.047890800000000004	-0.023363299999999997	-0.000742081	-0.000395846	0.00010594
0.0888788885	0.1011051218	0.0229827339	0.0843592861	-0.0776473972	0.0097158599	-0.0660621793	0.0312376164	-0.0555218517	-0.0746315476	-0.0028075473	0.016618099999999997	0.0208458	-0.00111913	-0.000952213	-6.25126e-05	2.24083e-06
0.057273798499999994	0.0122303154	-0.0326296291	0.0401337564	-0.0913095631	-0.0728276447	0.17681089739999994	0.0304975321	-0.0566649955	-0.0737356442	0.000401159	0.0166203	0.0488543	-0.014735299999999996	-0.000908207	-0.000112894	0.000220792
0.051694875	-0.0095280723	0.021702926400000003	-0.0544086462	0.0079462075	-0.0725742876	0.0798719074	0.0297543755	-0.0577853059	-0.0727728912	0.0036092188	0.00838956	0.0464579	-0.00325754	-0.000742081	-0.000395846	7.807049999999997e-05
0.06799982	-0.0478780296	-0.0565707537	0.0665929979	-0.0399213746	-0.0575489596	0.020642749	0.0290082213	-0.0588823313	-0.0717441615	0.0068114617	0.013795400000000001	0.015	-0.00994741	-0.000742081	6.37023e-05	4.86946e-05
0.05617885	0.0668645867	-0.0209243161	-0.044470855	0.0020704486	-0.0052325289	0.0260186359	0.0282591448	-0.059955629800000014	-0.0706503878	0.0100027269	0.0204781	0.0445376	-0.00734906	-0.0008504279999999998	-6.589729999999999e-05	0.000157952
0.040618685	-0.0214478507	0.0919011316	-0.0564542487	0.0547190426	-0.0256138611	0.0013011979	0.0275072215	-0.061004769	-0.06949256179999999	0.0131778711	0.018097	0.0583521	-0.00996636	-0.000671303	-0.000265201	0.00021563900000000005
0.05573599999999999	-0.0559895651	0.0529164032	-0.068425243	-0.0259709189	-0.0002306811	-0.062202133	0.026752527	-0.0620293259	-0.068271733	0.0163317771	0.0131773	0.0470027	0.0110426	-0.000742081	-8.820279999999998e-05	9.425639999999999e-05
0.124549745	-0.0292108129	-0.0385639819	0.1102367409	-0.0126255117	0.0572485659	-0.017599308600000002	0.0259951375	-0.0630288878	-0.0669890084	0.0194593619	0.0160834	0.0289823	-0.0497444	-7.643289999999997e-05	-0.00013804100000000002	0.000235495
0.111464405	0.0932482801	0.0965602146	-0.0520195177	0.1109805497	-0.0651506049	-0.0701356145	0.0252351292	-0.06400305190000001	-0.06564555080000001	0.0225555848	0.016186599999999995	0.0622222	-0.0106111	-0.000742081	-0.000221318	0.00026633
0.02155552	-0.1247752085	0.0537365356	-0.0020062917	-0.0958363028	0.0723424235	-0.0115003348	0.0244725786	-0.06495142570000001	-0.0642425783	0.0256154559	0.008402029999999998	0.05449009999999999	-0.010609700000000001	-0.000742081	-0.000157027	0.000209872
0.09406912499999998	0.0151977639	-0.1129505455	0.0458304571	-0.0254869357	-0.0204982541	0.0105951193	0.0237075627	-0.065873627	-0.0627813628	0.0286340436	0.0149174	0.0183836	-0.0105205	-0.00154908	3.5312100000000004e-05	0.00018204900000000002
0.07335210500000001	0.0103880574	-0.0457550311	0.0256453051	0.051592632	-0.0016812919	0.05402412980000002	0.0229401584	-0.0667692842	-0.0612632291	0.0316064831	0.013938200000000001	0.044193	-0.0105946	-0.0008767529999999998	-0.000166145	0.000238053
0.0217055	-0.0121024689	0.0046110848	-0.047881773200000005	0.0416628837	-0.1038178595	0.0103503349	0.0221704431	-0.0676380363	-0.0596895534	0.0345279838	0.0189273	0.03704980000000002	-0.0139563	-0.0008076960000000001	-0.000221318	0.000238053
0.04338005	-0.0655719377	-0.0027707903	0.0361824675	-0.0276229039	0.0690408851	-0.083399696	0.0213984944	-0.0684795334	-0.0580617626	0.0373938371	0.015121899999999999	0.0232615	-0.026898599999999998	-0.000661315	-0.000221318	0.000127553
0.06166135	0.1089029219	0.0219451892	-0.0667317127	0.0248144027	0.030796702	-0.06246315280000001	0.0206243899	-0.0692934363	-0.05638133240000001	0.0401994245	0.023232299999999997	0.0293262	-0.0107096	-0.00117676	-0.000221318	0.000238053
0.044844725	-0.0808248453	0.0345849344	0.038985772200000005	-0.0607993709	0.0211971851	-0.0096932672	0.0198482077	-0.0700794171	-0.0546497862	0.0429402241	0.013848599999999999	0.0424953	-0.010703399999999998	-0.000869326	-8.30375e-05	0.000238053
0.02695872500000001	0.1267419976	-0.0318522348	-0.013164575	-0.0131061932	-0.0083920497	0.0223776971	0.019070026	-0.07083715900000001	-0.052868694	0.0456118188	0.017504099999999998	0.0323452	-0.010711499999999999	-0.00104852	-0.000166744	0.000238053
0.04203252	-0.0972877189	0.07727625	-0.0185534501	-0.0125774837	-0.0086207735	-0.0203390193	0.0182899231	-0.0715663568	-0.0510396705	0.0482099028	0.013004499999999999	0.0425818	0.00658812	-0.00119388	-0.000221318	0.000238053
0.077438275	0.0270014964	-0.06517013599999999	0.0301369585	-0.0502716088	0.0197940181	-0.0292383936	0.0175079777	-0.07226671650000001	-0.0491643739	0.0507302891	0.0103488	0.0114425	-0.010596800000000002	-0.00140954	9.21891e-05	0.000238053
0.084805735	0.0238393104	0.013418973600000002	0.0789632417	0.0775747395	-0.0446159169	0.0422324404	0.016724268400000002	-0.072937956	-0.0472445043	0.0531689154	0.0215081	0.038899699999999995	-0.018702200000000002	-0.00113166	-0.000221318	6.77634e-05
0.061415099999999986	0.0537095684	0.0506346503	-0.0738941393	-0.028487147	-0.0586045255	-0.1358215111	0.0159388744	-0.07357980480000001	-0.0452818024	0.0555218517	0.016201	0.0334454	-0.00122498	-0.0008240989999999999	-0.000121651	0.000324065
0.040862165	-0.0045097017	0.059610197699999985	0.0129954523	-0.0494338076	0.1420098034	0.0954476135	0.0151518747	-0.0741920043	-0.0432780475	0.0577853059	0.016900099999999998	0.0389367	0.013835600000000005	-0.000775773	-0.000155591	1.41073e-05
0.08342633700000003	-0.0108672073	-0.0232540894	0.0891079032	0.0230789832	-0.1145496159	-0.0300144586	0.0143633485	-0.0747743077	-0.0412350562	0.059955629800000014	0.015890399999999996	0.0203151	-0.0162749	-0.00106492	5.00704e-06	0.000238053
0.0685250005	0.0180171905	-0.0438461424	-0.0384801641	-0.0721971958	-0.0020259048	0.0130128221	0.0135733754	-0.0753264804	-0.0391546809	0.0620293259	0.00524863	0.0363912	0.00363964	-0.000634475	-2.39977e-06	0.000238053
0.06087322150000001	0.021087864100000003	-0.0219444873	0.0555989292	0.0796503496	-0.064197271	0.0965087136	0.0127820349	-0.07584830000000001	-0.037038807400000005	0.06400305190000001	0.014031299999999998	0.0385643	-0.016292700000000004	-0.000928833	-0.000221318	0.000324479
0.07827325999999997	0.0103001301	-0.0069236161	-0.0037282518	-0.017345966	0.006593949	-0.0409715186	0.0119894067	-0.0763395561	-0.0348893543	0.065873627	0.011533100000000001	0.0243613	0.00530541	-0.000667182	0.000160104	0.000168073
0.050172912	0.1196347725	0.0498428236	-0.0094659938	0.0198130399	0.0431135835	0.0478455676	0.0111955706	-0.0768000508	-0.03270827	0.0676380363	0.014931799999999999	0.0296243	-0.000189702	-0.000936102	-0.000221318	0.000238053
0.053026122	-0.0625561082	0.0855580195	0.0200032809	0.0107879756	-0.0217575565	0.0004406382	0.0104006067	-0.0772295986	-0.0304975321	0.0692934363	0.011015299999999999	0.038468	0.00604567	-0.000255491	-0.000221318	0.000238053
0.070746765	0.06139246	-0.0628048293	-0.0017446584	-0.0315007153	-0.0099596596	0.064778482	0.0096045951	-0.0776280263	-0.0282591448	0.07083715900000001	0.015568700000000001	0.0311394	-0.0076293	-0.0009707540000000002	-3.27851e-05	0.000238053
0.074131005	-0.0610804788	0.0644381314	0.0038922619	0.0631210887	-0.0335777157	0.0013676717999999998	0.0088076158	-0.07799517339999999	-0.0259951375	0.07226671650000001	0.015669100000000002	0.05372230000000002	0.00855436	-0.00045400599999999996	-0.000221318	0.000238053
0.06452387	0.024365299	-0.0307456182	-0.0240029752	-0.0560391835	-0.0450773453	-0.0296339464	0.0080097493	-0.078330892	-0.0237075627	0.07357980480000001	0.00943328	0.0366428	-0.00369844	-0.000918887	-0.00010708399999999999	0.000238053
0.03896560999999999	-0.034574044500000005	0.0564920028	-0.0088119984	0.0458256839	0.0280760278	0.0577248951	0.0072110759	-0.0786350467	-0.0213984944	0.0747743077	0.016576299999999995	0.0370792	0.0050645	-0.000706811	-0.00034747300000000005	0.000238053
0.08845810999999999	-0.0040071599	-0.0589729753	0.0090335066	-0.0407437178	-0.0268253829	-0.0433265489	0.006411676	-0.07890751509999999	-0.019070026	0.07584830000000001	0.00854904	0.019539599999999997	-0.020129599999999997	-0.0012077600000000006	-0.000221318	0.00036489199999999996
0.08328075	0.0384950114	-0.0083727989	-0.0269262839	0.0724645877	0.0330821267	0.075520348	0.0056116301	-0.0791481873	-0.016724268400000002	0.0768000508	0.00624499	0.0370853	0.0129731	-0.000728033	-0.000221318	0.000238053
0.06542379000000001	-0.0788236697	-0.0435227195	-0.0238571381	-0.0388513256	-0.1097884113	-0.0090429005	0.004811019000000001	-0.07935696639999999	-0.0143633485	0.0776280263	0.00842604	0.0341731	-0.0107871	-0.00119261	-7.95542e-05	0.000363119
0.05729941	0.0077584952	-0.0395961906	-0.092008551	-0.0209148924	0.13467322880000002	0.0363366998	0.0040099232	-0.0795337681	-0.0119894067	0.078330892	0.0108419	0.0389036	0.00506731	-0.000668135	-0.000115986	0.000238053
0.04367427000000002	-0.017285024	-0.008572112	0.0293613687	0.102300992	-0.0516826009	-0.0031088714	0.0032084234000000003	-0.0796785214	-0.0096045951	0.07890751509999999	0.012240000000000001	0.0342823	-0.00562006	-0.00108588	-0.00013428799999999999	0.00034135599999999996
0.05649848900000001	0.0292692402	-0.0317201167	-0.0742186166	-0.0697240163	0.0529690405	-0.0034772505	0.0024066004	-0.0797911678	-0.0072110759	0.07935696639999999	0.0118752	0.03886780000000002	-0.0008414710000000001	-0.000340821	-0.000221318	0.000238053
0.051278619000000004	0.0338032516	-0.0011069459	0.0139820539	0.1065369891	-0.024579804700000003	0.0366993977	0.001604535	-0.0798716619	-0.004811019000000001	0.0796785214	0.016156	0.03899280000000002	-0.00471304	-0.00108588	-0.000106352	0.000238053
0.06513033	0.0047770571	0.012641348	-0.0445128072	-0.0565336487	0.0101889901	-0.0286451606	0.0008023078999999999	-0.0799199714	-0.0024066004	0.0798716619	0.00726682	0.0409825	0.00198311	-0.00024974	-0.000221318	0.000238053
0.04119674	-0.0014789855	-0.0148874392	0.0261980542	0.0250675517	-0.0381316848	0.0733054362	0.0	-0.0799360767	-0.0	0.0799360767	0.0106751	0.0417459	0.00363819	-0.0008084589999999997	-7.26374e-05	0.000238053
0.02681097	-0.0613352843	0.0027830178000000003	-0.0481909303	-0.0494305788	0.0266032465	0.0138335638	-0.0008023078999999999	-0.0799199714	0.0024066004	0.0798716619	0.011056	0.0428667	-0.0119191	-0.000915285	-0.000160851	0.000238053
0.03164528	0.0155847389	-0.0513902946	0.0338249456	0.0336496924	0.0336546013	0.0170136322	-0.001604535	-0.0798716619	0.004811019000000001	0.0796785214	0.013405799999999999	0.030500799999999998	-0.016815	-0.0007934989999999999	-4.19634e-05	0.000238053
0.07085753	0.0068671165	0.0424532884	-0.08072215099999999	-0.0013788454	0.0396221063	-0.0546755055	-0.0024066004	-0.0797911678	0.0072110759	0.07935696639999999	0.0104986	0.0426077	0.010205200000000001	-0.00039638900000000003	-0.000221318	0.000238053
0.088559755	0.0286059858	-0.0202531524	0.1010358635	0.0341157277	0.0403428293	0.0014983622	-0.0032084234000000003	-0.0796785214	0.0096045951	0.07890751509999999	0.0166338	0.0215373	-0.0178588	-0.0008750589999999998	-0.000221318	5.09199e-05
0.074629625	0.0476769622	0.1332444124	-0.0517760824	0.0656535491	-0.0068614858	-0.0475523204	-0.0040099232	-0.0795337681	0.0119894067	0.078330892	0.016644299999999997	0.056960500000000004	-0.00765048	-0.00048244	-0.000221318	0.000238053
0.08550669999999999	0.0554167858	0.0517962901	0.1506483337	-0.0594801758	0.06705878309999999	-0.0365720423	-0.004811019000000001	-0.07935696639999999	0.0143633485	0.0776280263	0.0194614	0.014239199999999999	0.00343215	-0.0008763189999999998	-0.000221318	5.4218599999999996e-05
0.06724902	0.0464402996	-0.0206424558	0.0290559511	-0.1032741858	-0.0603776863	0.0921306168	-0.0056116301	-0.0791481873	0.016724268400000002	0.0768000508	0.0164264	0.0381959	-0.0198579	-0.00103183	-0.000221318	0.000238053
0.0151761	-0.048304112	0.0203334236	-0.037154581	-0.028608234	-0.0961478979	0.08899629710000001	-0.006411676	-0.07890751509999999	0.019070026	0.07584830000000001	0.0157501	0.0526957	-0.0198579	-0.00103183	-0.000221318	0.000238053
0.05356945	-0.184665952	-0.0160012584	-0.0788205205	-0.0984542414	0.0137416569	0.0812898323	-0.0072110759	-0.0786350467	0.0213984944	0.0747743077	0.0104494	0.0228299	-0.019873500000000002	-0.000988966	-0.000546201	0.000238053
0.072950969	-0.0938204407	-0.1439800002	0.0527520422	0.0112902671	0.0127192266	-0.0813226254	-0.0080097493	-0.078330892	0.0237075627	0.07357980480000001	0.011887700000000001	-0.000916919	-0.017425200000000002	-0.0013580999999999999	-0.00010268600000000004	0.000331755
0.084863619	0.0668640474	-0.0238297667	-0.0910755698	0.1290230214	0.0156258656	-0.15547673	-0.0088076158	-0.07799517339999999	0.0259951375	0.07226671650000001	0.020089199999999998	0.0458963	-0.0198571	-0.0008845049999999998	-0.00013808899999999999	0.000292413
0.031509450000000015	-0.0448165164	0.0733725137	0.0301665355	0.1085646707	0.0388797834	-0.1268726807	-0.0096045951	-0.0776280263	0.0282591448	0.07083715900000001	0.0167475	0.05192530000000002	-0.0198548	-0.00112486	-0.000286103	0.000238053
0.04497995	0.0020808376	-0.0042551963	-0.0337455137	-0.0737859368	0.0393141335	-0.0977046886	-0.0104006067	-0.0772295986	0.0304975321	0.0692934363	0.0175324	0.027084300000000002	-0.0257411	-0.00104749	-0.000212497	0.00011967399999999999
0.053292599999999996	0.0257952963	-0.0653333695	0.0962441387	-0.0044672471	0.031565201	-0.0096041898	-0.0111955706	-0.0768000508	0.03270827	0.0676380363	0.0153957	0.0328306	-0.0076758	-0.00144066	-0.00017716	0.000238053
0.05453521	0.0607218639	-0.018836468	-0.0654832048	-0.0131309592	-0.12622922960000002	0.0389281203	-0.0119894067	-0.0763395561	0.0348893543	0.065873627	0.00881994	0.0446841	-0.0198338	-0.00123243	-0.00036958300000000004	0.00015974700000000001
0.032479659999999994	-0.1025964189	0.0457680248	0.0012045952	0.016078378100000002	0.015897842199999998	-0.0165663562	-0.0127820349	-0.07584830000000001	0.037038807400000005	0.06400305190000001	0.0159668	0.04246369999999999	-0.0198298	-0.00095001	-0.000268141	0.000238053
0.08532667	0.0093152948	-0.0345455183	0.0095992221	-0.042618355199999985	0.0061235051	-0.1444089885	-0.0135733754	-0.0753264804	0.0391546809	0.0620293259	0.0159398	0.0150421	-0.00395238	-0.0015337599999999995	-0.000125307	0.000124624
0.07125891999999998	-0.0592147354	0.0627854769	0.0099186743	0.0606624926	0.0323796979	-0.0184807094	-0.0143633485	-0.0747743077	0.0412350562	0.059955629800000014	0.0166483	0.0425616	-0.024009799999999998	-0.0013580999999999999	-0.00039237800000000003	0.00014136299999999998
0.04634015	-0.030450536	-0.0112902227	-0.007952417199999999	-0.07792057200000001	0.0475679796	-0.0972796749	-0.0151518747	-0.0741920043	0.0432780475	0.0577853059	0.0101286	0.0300899	-0.0394738	-0.0013580999999999999	-0.000251373	0.000238053
0.0309318	0.0314765947	0.00920651	0.069660974	0.0668561956	0.0576842696	0.0088503417	-0.0159388744	-0.07357980480000001	0.0452818024	0.0555218517	0.015435399999999997	0.035426400000000004	-0.021897200000000002	-0.0013580999999999999	-0.000305611	0.000238053
0.05944340999999999	-0.0097074712	-0.053024184800000006	0.006471713299999999	-0.05769984	-0.0644045942	-0.0650678301	-0.016724268400000002	-0.072937956	0.0472445043	0.0531689154	0.00676542	0.0114122	-0.0179285	-0.00144826	-7.512939999999999e-05	0.000373222
0.08799013999999998	-0.0033440048	-0.1003616992	0.0523057011	-0.0135844822	0.0640959829	0.1554520941	-0.0175079777	-0.07226671650000001	0.0491643739	0.0507302891	0.010142100000000001	0.024354300000000002	-0.00681897	-0.000890787	-0.000593724	0.000238053
0.04918658000000002	0.0113581247	-0.051801744	-0.0026670547	0.0567555038	-0.1285399924	-0.0527639184	-0.0182899231	-0.0715663568	0.0510396705	0.0482099028	0.0191673	0.0247618	-0.025639799999999997	-0.0009238019999999999	-0.000653885	0.000563538
0.06803645	0.0626234353	-0.0108291955	-0.1049410335	-0.0469131263	0.151491447	0.0432464976	-0.019070026	-0.07083715900000001	0.052868694	0.0456118188	0.016851599999999998	0.031073000000000007	0.00163235	-0.0007403069999999999	-0.000520117	0.000238053
0.05746281	-0.0425383997	-0.0247153908	0.0947521853	0.06505253650000001	-0.0495964146	0.0374310776	-0.0198482077	-0.0700794171	0.0546497862	0.0429402241	0.015237299999999999	0.0362578	-0.00618241	-0.00110299	-0.000116231	0.00032846300000000003
0.05123190000000001	0.0986538982	-0.0079376827	-0.1080841723	-0.0610059763	0.011077299099999998	-0.0117398578	-0.0206243899	-0.0692934363	0.05638133240000001	0.0401994245	0.0160097	0.038463599999999994	0.00677074	-0.00062921	-0.000345976	0.000325977
0.01952392000000001	-0.0297581785	0.0324283425	0.0375501219	0.0573572229	0.0124410745	0.0997503501	-0.0213984944	-0.0684795334	0.0580617626	0.0373938371	0.0188752	0.0395799	0.00488657	-0.0007142769999999999	-0.000337034	0.000146827
0.04695989	0.0224768307	-0.0559752672	0.0382248882	-0.0453607656	-0.0446124324	0.027569057400000003	-0.0221704431	-0.0676380363	0.0596895534	0.0345279838	0.016624400000000004	0.0208932	-0.00197002	-0.00072209	-0.000210783	0.00039607900000000003
0.04766892	0.0991275365	0.047278031	0.0180698267	-0.0033042074	0.0312027162	0.08450062109999999	-0.0229401584	-0.0667692842	0.0612632291	0.0316064831	0.0162005	0.0368106	0.013682099999999999	-0.000870201	-0.00020340900000000002	0.00023805400000000002
0.02637307	-0.0100226627	0.0524672349	-0.0394872018	0.0191287725	-0.1112951702	0.0953109391	-0.0237075627	-0.065873627	0.0627813628	0.0286340436	0.0157278	0.0453241	0.00125458	-0.0008804389999999998	-0.000292358	0.00023805400000000002
0.03336584	-0.0678337996	0.0530879231	-0.0305257658	-0.049625392699999986	0.0204110984	-0.0348262386	-0.0244725786	-0.06495142570000001	0.0642425783	0.0256154559	0.0165261	0.038461699999999995	0.00220287	-0.0013580999999999999	-0.000274882	0.00023805400000000002
0.04202065000000002	0.0538401151	0.068146953	0.014999509	0.0809273233	0.0251474336	-0.0015423482	-0.0252351292	-0.06400305190000001	0.06564555080000001	0.0225555848	0.0173968	0.028626099999999998	-0.00564003	-0.00102341	-0.00022191099999999998	0.000156286
0.030490149999999994	-0.1012251744	0.0838783907	0.0326748078	-0.014045261399999998	-0.0103233388	-0.0965088164	-0.0259951375	-0.0630288878	0.0669890084	0.0194593619	0.017492700000000003	0.0298041	-0.00328881	-0.000733021	-0.00039895199999999994	8.64154e-05
0.04526788	0.1045571216	-0.0377081537	0.0234624189	-0.0827957708	0.0714129806	0.0382250918	-0.026752527	-0.0620293259	0.068271733	0.0163317771	0.0147783	0.028790800000000002	-0.00447841	-0.0013580999999999999	-0.000282794	0.00015219
0.05317996000000001	-0.0190249821	0.1187746478	0.02907013	0.0709358612	-0.0226924289	-0.005835941999999999	-0.0275072215	-0.061004769	0.06949256179999999	0.0131778711	0.0198912	0.0453244	-0.008627269999999998	-0.000905323	-0.000197545	0.00016185599999999996
0.05631578	0.0400079079	0.0110493065	0.08986936849999999	-0.0533891777	-0.033078614	-0.0197786232	-0.0282591448	-0.059955629800000014	0.0706503878	0.0100027269	0.0173425	0.0341935	-0.029439099999999996	-0.000664124	-0.00033981699999999996	0.00010884
0.04883279	-0.0074498134	0.0947389163	-0.0731213807	-0.043630391100000006	0.0211862409	0.0304013673	-0.0290082213	-0.0588823313	0.0717441615	0.0068114617	0.0170576	0.045382099999999995	-0.010992	-0.000956995	-0.00031031	5.29742e-05
0.03938317	0.037368089	-0.0290555681	0.1193520484	-0.079112715	-0.007985225799999999	0.0142090152	-0.0297543755	-0.0577853059	0.0727728912	0.0036092188	0.015282599999999999	0.0338474	-0.012280899999999999	-0.00108918	-1.66324e-05	0.000122803
0.05020973	0.0977060333	0.029523956	0.0054190528	0.0072654344	-0.0647485903	0.0959171606	-0.0304975321	-0.0566649955	0.0737356442	0.000401159	0.0190595	0.0421719	-0.022286900000000002	-0.00108918	-0.0004634280000000001	0.00023805400000000002
0.0195203	-0.0111472681	0.0901613371	0.0029221531	0.00031097680000000003	0.0139649955	-0.0046678439	-0.0312376164	-0.0555218517	0.0746315476	-0.0028075473	0.016510499999999997	0.0418045	-0.016793599999999995	-0.00103611	-0.000294286	0.00023805400000000002
0.01441535	0.0032453213	0.0059092697	0.017382210800000002	-0.0608043008	-0.022600054900000003	0.016774826899999998	-0.0319745538	-0.0543563352	0.0754597894	-0.0060117288	0.0150566	0.043131199999999995	-0.0187727	-0.00120371	-0.000268773	0.00023805400000000002
0.030519100000000007	0.0317521831	0.0090893434	-0.0048810878	0.0094610704	-0.0179031151	0.0738157259	-0.03270827	-0.0531689154	0.0762196185	-0.0092062214	0.0173601	0.050363099999999994	-0.029395599999999997	-0.00108918	-0.000361459	0.00023805400000000002
0.036863550000000016	-0.0183738717	0.062391535	-0.0025358526	0.017951277800000002	-0.0134369431	0.02394577	-0.0334386912	-0.051960071	0.07691034599999999	-0.0123858767	0.019213900000000003	0.037612900000000005	-0.0197465	-0.00117699	-0.000525858	0.00023805400000000002
0.07376586999999997	-0.0230539766	-0.0383034606	0.0591746127	-0.061076969400000014	0.0130572336	-0.0172351923	-0.0341657437	-0.0507302891	0.07753134589999999	-0.0155455703	0.0180333	0.007284569999999998	0.0014485399999999995	-0.0012642	-0.00019183	0.00023805400000000002
0.04995162000000001	0.0235278255	-0.0201275033	-0.0357714245	0.0017649188	-0.0298848521	0.0628921219	-0.0348893543	-0.0494800651	0.078082055	-0.0186802098	0.0205458	0.0376077	-0.010280899999999999	-0.00117608	-0.00021144099999999998	0.00023805400000000002
0.02974375	-0.0093128358	0.0211239541	-0.043754111	0.0368417438	-0.040902964	0.0020766795000000003	-0.035609450099999995	-0.0482099028	0.0785619741	-0.0217847431	0.0125214	0.0375809	-0.011129799999999999	-0.00108918	-0.00045039999999999994	0.000329068
0.06505388000000001	-0.1116419098	-0.0057909876	-0.0694866157	-0.0512687506	0.0124756454	-0.0201352494	-0.0363259585	-0.0469203142	0.0789706681	-0.0248541669	0.0190044	0.022015200000000002	-0.00528927	-0.00150134	-0.000210281	0.00023805400000000002
0.04669009800000001	0.0145424464	-0.1224270294	0.0416742964	-0.000246368	0.0554879121	-0.07742571940000001	-0.037038807400000005	-0.0456118188	0.0793077664	-0.0278835343	0.0162596	0.00896091	0.000761038	-0.00136852	0.00015371299999999998	0.00023805400000000002
0.072125198	-0.0539609018	-0.0263912238	-0.06333009740000001	0.0803911301	-0.07742412280000001	0.0379251134	-0.037747925	-0.0442849438	0.0795729635	-0.030867963	0.0228546	0.040407	-0.00783282	-0.00131731	-0.000304882	0.00023805400000000002
0.07323843	-0.057889650999999986	-0.055844707	-0.0164067687	0.022332869100000003	0.014902065	-0.118038483	-0.038453239900000005	-0.0429402241	0.0797660189	-0.0338026431	0.0208405	0.043557900000000004	-0.04071369999999999	-0.000649364	-0.000268977	0.00023805400000000002
0.0702752	-0.0080688398	0.0373344683	-0.0809829738	0.0559395083	0.0249719679	-0.0369010919	-0.0391546809	-0.0415782013	0.0798867576	-0.0366828449	0.0199644	0.027980400000000002	-0.0103186	-0.00100104	-0.000385831	0.00023805400000000002
0.035445785000000014	-0.0711238739	-0.0589181137	0.0846774197	0.0033892693	0.06661004059999999	-0.1236740875	-0.0398521774	-0.0401994245	0.07993507009999999	-0.0395039266	0.0153089	0.015364700000000004	-0.0133724	-0.00100273	-8.51053e-05	0.00023805400000000002
0.041391324999999986	0.1113841841	-0.0944415138	-0.0487885943	-0.0035170128	0.0077952979	0.0505799704	-0.0405456591	-0.038804449	0.0799109126	-0.0422613414	0.0168801	0.037876	-0.00859051	-0.00113707	-0.00020130400000000002	0.00023805400000000002
0.022761139999999992	-0.083519349	-0.0026117463	-0.0048583371	0.0389035632	0.0067133683	0.0711932781	-0.0412350562	-0.0373938371	0.0798143071	-0.0449506455	0.0151821	0.0322351	-0.00713352	-0.00100273	-0.00028282	0.000174605
0.05237783	0.0320324684	-0.0847607552	0.0003295042	-0.0145090779	-0.0447164059	-0.0012323673	-0.0419202993	-0.0359681572	0.079645341	-0.0475675045	0.0212425	0.017746	-0.014354599999999999	-0.00142525	-0.000276644	0.00023805400000000002
0.05424081000000002	-0.0532810307	0.0494051033	-0.0331656284	0.0546468455	0.0686990884	-0.0051925582	-0.0426013192	-0.0345279838	0.0794041677	-0.050107701	0.0329022	0.028435900000000007	-0.00927999	-0.000917957	-0.000305683	0.00023805400000000002
0.04108896	-0.007999306	-0.0436697995	0.006450401999999999	0.0301955064	-0.0581364195	-0.0643567407	-0.0432780475	-0.0330738971	0.07909100570000001	-0.052567141100000006	0.018134	0.0300454	-0.0118113	-0.00132149	-0.000265617	0.00023805400000000002
0.02886387	-0.0284173657	0.023808846600000003	-0.0753803575	-0.0067518171	0.0625644998	-0.008102172099999999	-0.0439504158	-0.0316064831	0.0787061389	-0.0549418609	0.0230445	0.0343051	-0.00513628	-0.00111112	-0.000215614	0.00023805400000000002
0.05477722	0.0060331182	-0.0967666588	0.0861233001	0.015989466299999998	-0.0040203058	-0.058313414	-0.044618356500000005	-0.0301263332	0.0782499164	-0.0572280333	0.0187405	0.021634999999999998	-0.0174365	-0.00144482	-0.000109295	0.000308093
0.088754938	0.0706655291	0.051543646500000005	-0.0809142885	0.0218540344	0.0314656714	0.0070153563	-0.0452818024	-0.0286340436	0.0777227516	-0.0594219737	0.0222996	0.030233099999999995	-0.0005330619999999999	-0.000865565	-0.000653887	0.00023805400000000002
0.07298779799999999	-0.060950116	-0.0393197336	0.0825470881	0.0234615934	-0.0387686275	0.0227121334	-0.0459406864	-0.0271302159	0.0771251226	-0.0615201462	0.019114199999999998	0.011351100000000001	-0.00112101	-0.00122321	-0.000136484	0.000369655
0.07598638999999999	0.0434080249	0.0212979932	-0.1233120094	0.010492795	-0.055330120199999985	-0.0200354829	-0.046594942400000006	-0.0256154559	0.07645757110000001	-0.0635191694	0.020490400000000002	0.0334265	-0.029279900000000005	-0.00100247	-0.00033664	0.00030303299999999997
0.05118004	-0.1356665101	0.0137115046	0.0019920705	-0.0151499502	0.0859691879	0.0325495682	-0.0472445043	-0.024090374	0.0757207024	-0.06541582139999999	0.013644799999999999	0.027752099999999995	-0.00202151	-0.0009662990000000002	-0.000211384	0.000369639
0.04467679	0.0316841702	-0.11445409210000004	0.0244030136	-0.0146597687	-0.0394393985	-0.016472415900000002	-0.0478893067	-0.0225555848	0.0749151845	-0.06720704549999999	0.0157392	0.0136056	-0.019031	-0.00110455	-0.00020234900000000002	0.000450881
0.07510031999999997	-0.005497625	-0.0562299438	-0.0398350781	0.0242614641	0.0259046577	0.0526443209	-0.0485292848	-0.0210117067	0.0740417477	-0.06888995490000001	0.016752799999999998	0.027708499999999997	0.00599982	-0.000713181	-0.000297213	0.00023805400000000002
0.04468997	-0.0098313581	-0.0762760329	-0.0090357513	0.0514315623	-0.0462481511	0.0393914895	-0.0491643739	-0.0194593619	0.07310118389999999	-0.07046183730000001	0.017444999999999995	0.033785400000000014	-0.014362100000000001	-0.000993048	-0.00022590099999999998	0.00023805400000000002
0.04809533000000001	-0.0546410687	-0.0337487653	-0.061688206900000014	0.0337329185	-0.015506722	-0.0589205042	-0.0497945101	-0.0178991758	0.0720943458	-0.0719201593	0.0205524	0.0314744	-0.00231307	-0.00049513	-0.000111261	0.00023805400000000002
0.04302056	0.0782023554	-0.040443279	0.0291673877	0.0352146046	0.0963228583	-0.0175978978	-0.05041963	-0.0163317771	0.0710221462	-0.0732625707	0.0204235	0.026029900000000005	-0.008180629999999998	-0.0008672189999999999	-0.000370764	0.00023805400000000002
0.02745128	0.009986549	0.0665884379	-0.0097908428	0.0565269441	-0.0454598306	-0.0205428885	-0.0510396705	-0.0147577975	0.0698855571	-0.0744869079	0.0195603	0.0355702	-0.007360699999999999	-0.000658387	-0.00025503900000000004	0.00023805400000000002
0.03342755	-0.0107257801	-0.0666573846	0.0196714183	-0.0947321609	0.0063548819	0.0667475066	-0.0516545692	-0.0131778711	0.0686856091	-0.07559119780000001	0.0176585	0.0281432	-0.0092299	-0.000901804	-0.000376695	0.000317572
0.012379079999999995	-0.0588883049	-0.022831559700000004	-0.055936451	0.0470395985	-0.1066079813	0.0773173096	-0.0522642642	-0.0115926346	0.06742339	-0.0765736605	0.0181983	0.0331782	-0.00938988	-0.0008810269999999998	-0.000344104	0.00023805400000000002
0.016804069999999997	-0.061975895	-0.0794551101	-0.044502844900000005	-0.0193667712	0.0097769804	-0.0388015057	-0.052868694	-0.0100027269	0.0661000441	-0.0774327128	0.015944299999999998	0.0388839	-0.0107267	-0.000950717	-0.000362116	0.000300503
0.030856234700000002	0.0113875537	-0.0137165845	-0.0344143542	0.1185377933	0.0428224196	-0.0014727057000000002	-0.0534677978	-0.0084087885	0.0647167712	-0.07816697	0.015570400000000003	0.04541219999999999	-2.75153e-05	-0.000986432	-0.000195183	0.00023805400000000002
0.026334914700000003	-0.0033986407	0.0319639479	-0.0651670121	0.0156139034	0.0454050884	-0.1417331787	-0.0540615151	-0.0068114617	0.0632748254	-0.0787752489	0.018500700000000002	0.0451908	-0.008854179999999998	-0.000915062	-0.000345735	0.000303263
0.056144900000000005	-0.0083170759	0.0013172088	0.0207845739	0.051866723600000005	0.1101616438	0.0430171609	-0.0546497862	-0.0052113902	0.061775514	-0.079256569	0.021113099999999996	0.0323489	0.00529472	-0.000640735	-0.00044771199999999996	0.000148733
0.05065291	-0.0149612765	-0.036489407	-0.0152909732	0.007990855500000001	-0.0259968644	-0.0509799163	-0.0552325519	-0.0036092188	0.0602201963	-0.0796101548	0.00982172	0.033294199999999996	-0.00798361	-0.000996332	-0.000389872	0.00023805400000000002
0.057900329999999986	0.0119166164	0.0123900943	-0.0400012595	0.0400560503	0.103563097	0.0748851393	-0.0558097533	-0.002005593	0.0586102822	-0.0798354362	0.0190203	0.0451091	0.00553029	-0.0005938709999999999	-0.00045487	0.00023805400000000002
0.07947059	-0.0049303307	-0.0593741807	0.053776268899999986	0.0232356351	-0.07057247309999999	-0.0072683836	-0.05638133240000001	-0.000401159	0.0569472315	-0.0799320503	0.016582099999999995	0.0265561	-0.016617700000000003	-0.000996332	-0.000130703	0.00023805400000000002
0.05341203	0.0290309966	-0.0218996743	-0.0996998002	-0.06981558	0.097163319	0.08822462589999999	-0.0569472315	0.0012034366	0.0552325519	-0.0798998413	0.014931100000000001	0.0452217	0.00587523	-0.000996332	-0.000248843	0.000144144
0.05228403	-0.0366419666	0.0061785661	0.1046071321	0.1256827646	-0.0323995915	0.0453212455	-0.0575073938	0.0028075473	0.0534677978	-0.0797388611	0.016797299999999998	0.0403338	-0.030262999999999998	-0.00114458	-0.000220896	0.000155783
0.07560735000000003	0.0160819174	0.0124430659	-0.1070065645	-0.0867064317	0.0385362823	-0.0717833213	-0.0580617626	0.0044105266	0.0516545692	-0.0794493692	0.018543	0.0363449	-0.0205194	-0.000542111	-0.000653887	0.000322906
0.07947571	0.1107196066	0.1029289976	0.155444234	0.0772410866	0.1062462861	-0.029920324	-0.0586102822	0.0060117288	0.0497945101	-0.0790318321	0.026849900000000003	0.0235794	-0.0404394	-0.000563488	-0.000239107	-1.0603199999999999e-05
0.05820155	0.0931336165	0.0835241942	-0.0157603827	-0.095614572	-0.0922355959	-0.0455363451	-0.0591528974	0.007610508399999999	0.0478893067	-0.0784869228	0.023496200000000002	0.023808700000000002	-0.0235917	-0.0012012800000000005	-0.000170853	-5.99742e-05
0.04515174	0.0474661625	0.0371882002	0.1011516568	-0.0736003275	0.0134130469	0.1452381719	-0.0596895534	0.0092062214	0.0459406864	-0.0778155195	0.0226417	0.03534469999999998	-0.034494300000000006	-0.00105534	-0.00031748400000000004	-0.000204576
0.03751473	0.0047866342	0.1099415084	-0.0444088704	-0.0256366362	-0.1320008266	0.0616712279	-0.0602201963	0.0107982247	0.0439504158	-0.0770187042	0.0211106	0.0410975	-0.0217293	-0.000996229	-0.000381724	2.13896e-05
0.06470577000000001	0.0100737216	0.014186816299999997	0.097194188	-0.1013501844	0.024656476	-0.0074398652	-0.0607447724	0.0123858767	0.0419202993	-0.0760977612	0.0329236	0.0256309	-0.0141358	-0.00145128	-0.000361592	0.00014286
0.041083065	0.1092820206	0.0841254059	-0.0565718191	-0.010935306100000002	-0.1136361353	0.0582017726	-0.0612632291	0.0139685379	0.0398521774	-0.0750541746	0.032953500000000004	0.0329347	-0.0236468	-0.0011623	-0.000255033	5.3631700000000004e-05
0.025468575	-0.1262904672	0.0983676283	0.0654866922	-0.055460473	0.0400306746	-0.0012650346000000002	-0.061775514	0.0155455703	0.037747925	-0.07388962639999999	0.027945499999999998	0.035926	-0.021111599999999998	-0.00137288	-0.000319107	2.96042e-05
0.058093945000000015	0.1092374851	0.0336434191	0.0402750057	-0.0405274072	-0.057412327	-0.06056840440000001	-0.062281575599999986	0.0171163386	0.035609450099999995	-0.0726059935	0.0294942	0.029540800000000002	-0.0491231	-0.00145128	-5.18379e-05	0.000126906
0.06615716	-0.0289922018	0.1001690582	0.0099614347	-0.0405439908	0.0078301947	-0.0569805793	-0.0627813628	0.0186802098	0.0334386912	-0.0712053446	0.026066500000000003	0.039607199999999995	-0.019947200000000002	-0.00132729	-3.75667e-05	-0.000204576
0.03708877000000002	0.0775079276	0.0097341318	0.0987164934	-0.0757011486	-0.0107434699	-0.0407966986	-0.0632748254	0.0202365536	0.0312376164	-0.06968993700000001	0.0273195	0.0209635	-0.0160221	-0.00145128	-7.06103e-05	-9.62702e-05
0.045475025	0.08443582599999999	0.0671724151	0.0496453219	-0.012259875900000002	-0.0125651857	0.060218499400000014	-0.0637619136	0.0217847431	0.0290082213	-0.0680622132	0.0236516	0.0294735	-0.0172803	-0.0011214	-0.00027320299999999997	-0.000204576
0.01991415	0.0245834632	0.1296788491	0.0033208305	-0.0035517877	-0.1102720645	-0.0359756115	-0.0642425783	0.0233241543	0.026752527	-0.0663247964	0.0238959	0.03766219999999999	-0.017343599999999997	-0.00129211	-0.00033085	-0.000204576
0.05313290000000001	-0.09303113	0.0501875251	0.0843644714	-0.1101820357	-0.0202512551	0.005639756700000001	-0.0647167712	0.0248541669	0.0244725786	-0.0644804868	0.021052200000000004	0.0195647	-0.0340473	-0.00145128	-0.000381871	-0.000105007
0.02580968	0.082055164	0.005723470600000001	0.0327928425	-0.0438375478	0.0373150283	-0.0203700286	-0.0651844444	0.0263741644	0.0221704431	-0.0625322567	0.021497400000000003	0.0262015	-0.0354968	-0.00145129	-0.00010904299999999999	-3.22814e-05
0.05515374000000002	0.06031374480000001	0.0648334801	0.0262951771	0.0034897487	-0.047261223600000006	0.0230474307	-0.06564555080000001	0.0278835343	0.0198482077	-0.060483246	0.017931599999999995	0.047140100000000004	-0.035397000000000005	-0.000963913	-0.000231773	-3.13976e-05
0.039965920000000016	-0.0180442324	0.0537868083	-0.0508300404	-0.0398079773	-0.0435925599	0.0409421128	-0.0661000441	0.0293816684	0.0175079777	-0.058336757	0.011840700000000001	0.047325099999999995	-0.0410301	-0.00145129	-0.000232615	-0.00010431700000000001
0.07811110000000003	-0.0826272258	-0.0241717336	0.1075773632	-0.0648323532	0.0305607238	-0.05568769	-0.0665478783	0.030867963	0.0151518747	-0.0560962492	0.018003599999999998	0.0136254	-0.0230534	-0.00165158	-0.000127728	-0.000204576
0.05724094999999998	0.154427518	0.017565579799999998	-0.0185824135	0.0088796414	-0.003358173	-0.0342286122	-0.0669890084	0.0323418192	0.0127820349	-0.0537653335	0.0248135	0.036465	-0.031065	-0.00130903	-0.000176775	-0.000204576
0.09127535	0.0104866744	0.0980225707	0.049537728200000006	-0.0282837146	0.0360051156	-0.0185940146	-0.06742339	0.0338026431	0.0104006067	-0.0513477665	0.0235153	0.046942000000000005	-0.052302999999999995	-0.000204205	-0.00011635700000000001	-0.000204576
0.1123377	0.083885058	-0.0006049906	0.0652428563	-0.0566943024	-0.0443323389	0.021840187200000003	-0.0678509792	0.0352498461	0.0080097493	-0.0488474444	0.0266058	0.016687900000000002	-0.0392973	-0.00147201	-0.0001683	-0.000204576
0.03925755	-0.006255864599999999	0.1181343172	0.0053669804000000005	-0.0225206459	0.0167243973	0.007075614100000001	-0.068271733	0.0366828449	0.0056116301	-0.046268397	0.024406900000000002	0.028751599999999995	-0.0360838	-0.00115611	-0.00028802900000000003	-0.000204576
0.059082095	0.0236767801	0.101830977	0.0236137402	-0.004793487700000001	-0.0801662482	-0.0553957452	-0.0686856091	0.0381010623	0.0032084234000000003	-0.0436147809	0.0238977	0.0358578	-0.0175896	-0.00147424	-5.94688e-05	-9.18163e-05
0.05118214500000001	-0.1024669579	0.0061717565	0.0890764317	-0.1110790623	-0.040544773	-0.032397774	-0.0690925657	0.0395039266	0.0008023078999999999	-0.0408908726	0.0246673	0.0199588	-0.043406	-0.0014808	-0.000114092	-0.000204576
0.029932769999999994	0.160810539	-0.0315246418	-0.0016689848	-0.0758664638	0.0495398892	0.0220374071	-0.06949256179999999	0.0408908726	-0.001604535	-0.0381010623	0.032942800000000015	0.0198923	-0.040052199999999996	-0.00134215	-0.000232278	-9.66726e-05
0.035462420000000015	-0.0609577254	0.1230968647	0.0400956187	0.0487877334	-0.0401862401	0.0307704342	-0.0698855571	0.0422613414	-0.0040099232	-0.0352498461	0.030698200000000002	0.0408305	-0.0409139	-0.00115611	-0.000241155	-0.000130114
0.06159558	0.0375413506	0.0368778909	-0.0214678839	-0.1009818269	-0.0046098281	-0.06558745349999999	-0.0702715121	0.0436147809	-0.006411676	-0.0323418192	0.0238408	0.0240118	-0.0582681	-0.00138953	-0.000203577	1.01936e-05
0.05484479	-0.0765614245	0.0943913537	0.0413049924	0.0547461587	-0.0025962365	-0.0068559083	-0.0706503878	0.0449506455	-0.0088076158	-0.0293816684	0.025404	0.0336568	-0.042218900000000004	-0.00109518	-0.000387311	8.38574e-05
0.076557315	-0.0808139816	-0.0592231722	0.007550725699999998	-0.0905607263	0.0309232669	-0.0503804466	-0.0710221462	0.046268397	-0.0111955706	-0.0263741644	0.014610499999999997	0.0116492	-0.042218900000000004	-0.00157955	-9.04251e-05	-1.0011e-05
0.066428655	-0.0085854123	-0.0558043802	0.0106590277	0.0252637011	0.08121738099999999	0.0522344297	-0.0713867496	0.0475675045	-0.0135733754	-0.0233241543	0.011204299999999999	0.0235362	-0.0276969	-0.0010295800000000002	-4.6138000000000004e-05	0.000128001
0.07869899999999999	0.0006135048999999999	-0.1307066267	-0.06380718169999999	0.0054683412	-0.0647585645	-0.0234788062	-0.0717441615	0.0488474444	-0.0159388744	-0.0202365536	0.0152672	0.010096299999999999	-0.015355700000000003	-0.0014557699999999995	-0.000295012	0.000430037
0.06420995	-0.0107217808	-0.0646235825	-0.0407921235	0.015346141	0.0996314764	0.0478529572	-0.0720943458	0.050107701	-0.0182899231	-0.0171163386	0.015950899999999997	0.0222175	-0.0109569	-0.000877825	-0.000345298	0.000118143
0.090108335	0.043806029	-0.0988683296	-0.0285735007	0.049364257	-0.0570859679	0.0150041907	-0.0724372672	0.0513477665	-0.0206243899	-0.0139685379	0.016593199999999995	0.00364211	-0.020781400000000002	-0.00190361	-0.000200539	6.73641e-05
0.089548545	-0.0675383316	-0.0404325665	-0.0521497138	0.0295592836	0.058709901	0.0534724243	-0.0727728912	0.052567141100000006	-0.0229401584	-0.0107982247	0.0127571	0.024186900000000004	-0.012912200000000002	-0.0011102	-0.000553098	6.73642e-05
0.09075863	-0.0099582393	-0.1257716735	-0.0019438674	0.05748399940000001	-0.051487759400000006	0.0154797963	-0.07310118389999999	0.0537653335	-0.0252351292	-0.007610508399999999	0.012682400000000005	0.008188199999999998	-0.030677099999999995	-0.0015562000000000002	-3.41852e-05	0.000240858
0.06090546	-0.0766511462	-0.0343549394	-0.0920883487	0.0147123456	0.056257667	0.0199978886	-0.0734221124	0.0549418609	-0.0275072215	-0.0044105266	0.00595243	0.014201900000000003	-0.0116707	-0.00121704	-0.000249566	0.00021229099999999998
0.030544170000000006	0.017332165	-0.1067382549	0.0076309417	0.065733294	0.0152807041	-0.0117330953	-0.0737356442	0.0560962492	-0.0297543755	-0.0012034366	0.016232799999999995	0.008151959999999998	-0.00965874	-0.0012971800000000006	-0.000159913	0.000138046
0.05599314	-0.0819057115	-0.041072751	-0.0527821688	0.0931297662	-0.0004178244	0.0362889943	-0.0740417477	0.0572280333	-0.0319745538	0.002005593	0.0134042	0.024130000000000002	-0.0185732	-0.0008959769999999998	-0.00025346900000000004	6.73642e-05
0.09995478999999996	-0.0017780513	-0.0984499464	-0.0031497741	0.0558147324	-0.0549739128	-0.0349459335	-0.0743403923	0.058336757	-0.0341657437	0.0052113902	0.014478200000000004	0.006567399999999999	-0.0306399	-0.0016297	0.000118466	0.000346736
0.07351309	-0.0991671694	-0.0424838473	-0.1261743061	0.0137477367	0.0367179914	-0.0177410106	-0.0746315476	0.0594219737	-0.0363259585	0.0084087885	0.0174209	0.0243297	-0.011074100000000002	-0.0016297	-0.000267008	6.73642e-05
0.04964104	-0.0275786631	-0.14215314099999998	0.0106432978	0.0557349182	0.0170745153	0.0185376358	-0.0749151845	0.060483246	-0.038453239900000005	0.0115926346	0.0145602	0.00611738	-0.00735933	-0.00204931	-0.000189553	6.73642e-05
0.04861318999999999	-0.1017674445	-0.0794766673	-0.104431459	0.0948439179	0.0077476979	0.0201654649	-0.07519127440000001	0.0615201462	-0.0405456591	0.0147577975	0.014280600000000001	0.0110649	-0.00686381	-0.00121012	-0.00020817400000000002	6.73642e-05
0.0704568	-0.0285072973	-0.1477853922	-0.0204705165	0.0590795065	0.0304950927	-0.0514093909	-0.0754597894	0.0625322567	-0.0426013192	0.0178991758	0.00541899	0.00190937	-0.00333214	-0.0016297	0.00022695900000000002	0.00019081099999999999
0.069742715	-0.0764007371	-0.0616914585	-0.102580022	0.1093287759	0.0272554126	0.0528496971	-0.0757207024	0.0635191694	-0.044618356500000005	0.0210117067	0.0100083	0.0094235	0.00780229	-0.0010835999999999999	-3.3591100000000004e-05	6.73642e-05
0.047665165	-0.0360610425	-0.1241503765	-0.022370936	0.082061274	0.0329727984	-0.0645136237	-0.0759739873	0.0644804868	-0.046594942400000006	0.024090374	0.0121352	0.00403784	-0.00572817	-0.00132767	0.00013649200000000002	0.00018565400000000002
0.049253025	-0.0855307962	-0.0842697291	-0.1169207942	0.1118238467	0.0178423474	0.0506227745	-0.0762196185	0.06541582139999999	-0.0485292848	0.0271302159	0.010912	0.010890100000000002	0.00193645	-0.000945784	-3.3591100000000004e-05	6.73642e-05
0.06895635	-0.0765855773	-0.1227609281	-0.0370123183	0.0757714384	0.017963781499999998	-0.08896044970000001	-0.07645757110000001	0.0663247964	-0.05041963	0.0301263332	0.00469472	0.0027388	-0.0163238	-0.00132079	7.49285e-05	0.000310389
0.08067243000000003	6.88078e-05	-0.054966838	-0.1021873448	0.08875531210000001	0.0947578611	0.0346741925	-0.0766878214	0.06720704549999999	-0.0522642642	0.0330738971	0.0122329	0.00809985	-0.00100312	-0.000623284	-3.3591100000000004e-05	6.73642e-05
0.06693353	-0.0172337293	-0.0407411122	0.0048246618	0.1236460986	0.0212344217	-0.0535771929	-0.07691034599999999	0.0680622132	-0.0540615151	0.0359681572	0.0126774	-0.00613061	-0.019496799999999998	-0.00106091	-3.3591100000000004e-05	0.000305036
0.041228715	-0.0487353788	-0.024077149	-0.0959081747	0.009958834	0.0252946833	-0.0003929106	-0.0771251226	0.06888995490000001	-0.0558097533	0.038804449	0.0120271	0.008201669999999998	-0.007664469999999999	-0.00104906	0.000107856	0.00017005700000000002
0.06750133999999999	0.015645341	-0.0745966356	0.0758973917	0.0246722395	0.08480159039999999	-0.0424219939	-0.0773321295	0.06968993700000001	-0.0575073938	0.0415782013	0.00974907	-0.00443216	-0.0313437	-0.0013036	0.000334084	0.000267494
0.10273223	0.0690808598	0.0234167784	-0.0545385041	0.0779709534	-0.0759972948	0.008345363599999999	-0.07753134589999999	0.07046183730000001	-0.0591528974	0.0442849438	0.0166484	0.0226102	-0.021606999999999998	-0.0008732839999999999	-0.000216547	6.73642e-05
0.08003395999999999	-0.024740956600000003	-0.0265211576	0.0583995342	-0.05671218610000001	0.0282759055	0.0136686476	-0.0777227516	0.0712053446	-0.0607447724	0.0469203142	0.0117383	0.00585628	-0.0195452	-0.00130222	0.000203842	0.000344202
0.043470849999999985	0.0279120336	0.0540071242	-0.0846801031	-0.0030863169	-0.0710688128	0.0690460491	-0.0779063275	0.0719201593	-0.062281575599999986	0.0494800651	0.012078100000000001	0.00815969	-0.017202900000000004	-0.0008732839999999999	0.000139909	6.73642e-05
0.06464231	-0.1098803222	-0.0074804186	0.0230408431	-0.040627234500000005	0.039237931600000005	0.0127428817	-0.078082055	0.0726059935	-0.0637619136	0.051960071	0.00455505	0.00828386	-0.034129400000000004	-0.00137275	0.000117913	0.000347274
0.03712803	0.1007524445	-0.0198293736	-0.069950615	-0.0136937297	0.0029779249	0.0745774637	-0.0782499164	0.0732625707	-0.0651844444	0.0543563352	0.006567	0.008170419999999998	-0.029060400000000007	-0.0009736530000000002	3.02552e-05	0.000235356
0.035046595	-0.1107612527	0.0094883323	-0.006042336999999999	0.0268853385	0.0347590324	0.0819530092	-0.0784098948	0.07388962639999999	-0.0665478783	0.0566649955	0.0102947	0.00828036	-0.022853599999999998	-0.00135245	-1.85319e-05	0.000307815
0.05083331499999999	0.0296700825	-0.0975921037	0.0194090224	0.0092876386	0.0244926451	-0.0047463991	-0.0785619741	0.0744869079	-0.0678509792	0.0588823313	0.0113514	-0.00598665	-0.039651099999999995	-0.0014555499999999995	-0.000109014	0.000488475
0.077330045	0.0276074561	0.0629089242	-0.052795171	0.0983763724	-0.00498759	-0.0316868561	-0.0787061389	0.0750541746	-0.0690925657	0.061004769	0.018057499999999997	0.030492000000000002	-0.0339428	-0.00129518	-5.46061e-05	0.000134513
0.037209795	-0.0204450648	0.1102614326	0.0114822984	0.0624716866	0.0913351811	-0.0955828716	-0.0788423748	0.07559119780000001	-0.0702715121	0.0630288878	0.0172505	0.0331851	-0.0378817	-0.0009702	-0.00022029599999999998	0.00023925900000000002
0.063274145	0.0817221942	0.0184391999	0.0398025785	-0.08530615279999999	-0.0080964156	-0.0710713011	-0.0789706681	0.0760977612	-0.0713867496	0.06495142570000001	0.0151183	0.008291039999999998	-0.0339728	-0.00129518	-7.0391e-05	6.736430000000001e-05
0.03604011	0.0531813578	0.0428453358	0.017144486299999998	-0.0364977086	-0.0498378084	0.1095574579	-0.07909100570000001	0.0765736605	-0.0724372672	0.0667692842	0.013313900000000002	0.0265721	-0.0482846	-0.00129518	-0.000103248	6.736430000000001e-05
0.015205799999999997	-0.0498945522	0.1003484757	0.0006116193	-0.07005419480000001	-0.0404187775	-0.0227576846	-0.0792033756	0.0770187042	-0.0734221124	0.0684795334	0.0194792	0.0275058	-0.045344199999999994	-0.00129518	-0.00020657599999999998	6.736430000000001e-05
0.07853658649999999	0.044893314	-0.0184176584	0.0506899855	-0.0758558141	0.0298015951	-0.008123275899999999	-0.0793077664	0.0774327128	-0.0743403923	0.0700794171	0.012028	-0.00629757	-0.0396234	-0.00158231	1.45863e-06	0.000203424
0.06810517349999999	0.0021705671	0.1030232253	-0.0314060065	0.0547507508	-0.0381211472	-0.0128012711	-0.0794041677	0.0778155195	-0.07519127440000001	0.0715663568	0.0199317	0.0156557	-0.049955099999999995	-0.00129518	0.000136599	6.736430000000001e-05
0.018181575	-0.0449718583	0.0741394056	0.08569821220000001	-0.0216736788	0.0581986739	-0.0345421871	-0.0794925697	0.07816697	-0.0759739873	0.072937956	0.016733500000000002	0.016382899999999995	-0.054087199999999995	-0.00129518	-6.58825e-05	6.736430000000001e-05
0.040062475	0.0980993609	0.042116531500000005	0.073128493	-0.000649123	-0.0249300954	-0.0463234697	-0.0795729635	0.0784869228	-0.0766878214	0.0741920043	0.0143577	0.008252789999999998	-0.0670357	-0.00129518	-6.75641e-05	0.000397844
0.045972305	0.0318033281	0.1044826601	-0.0022767874	-0.0865623546	0.0102922623	0.0011942976	-0.079645341	0.0787752489	-0.0773321295	0.0753264804	0.0172157	0.021359700000000002	-0.0464919	-0.00129518	-0.00012339799999999999	0.00026440599999999996
0.04742278	0.1009496438	-0.0161488345	0.1102173511	-0.0577498779	-0.0414946676	0.0345448473	-0.079709695	0.0790318321	-0.0779063275	0.0763395561	0.0217716	0.00841377	-0.043750199999999996	-0.00169697	-0.000104878	0.00014113100000000001
0.056275225	-0.0378242817	0.059013967	-0.025148174300000003	-0.0389749372	-0.05999317940000001	0.1192090004	-0.0797660189	0.079256569	-0.0784098948	0.0772295986	0.0168016	0.026422	-0.0394202	-0.00134586	-0.00021663700000000002	2.46601e-05
0.04446578	-0.009037538	-0.0152904495	0.0910160328	-0.0510508197	-0.024535574	-0.0180530749	-0.0798143071	0.0794493692	-0.0788423748	0.07799517339999999	0.014044	0.00599267	-0.0419639	-0.00169697	-0.00019304400000000002	2.46601e-05
0.06280023	0.054178497	0.0647323655	-0.0317100149	-0.0111089551	-0.0918082909	0.0180266786	-0.0798545546	0.0796101548	-0.0792033756	0.0786350467	0.016762799999999998	0.027665499999999996	-0.047092699999999994	-0.00112342	-0.00028509	2.46601e-05
0.09181089	-0.021235142	0.0253337848	0.0686799341	-0.0713762319	0.008042311600000001	-0.0488443355	-0.0798867576	0.0797388611	-0.0794925697	0.0791481873	0.00838427	-0.008052659999999998	-0.0535092	-0.00180738	-0.000143096	2.46601e-05
0.061123455	0.1127251524	0.0512263455	-0.001662295	-0.0398641149	-0.0265273592	0.048443498	-0.0799109126	0.0798354362	-0.079709695	0.0795337681	0.0220826	0.00595437	-0.037961400000000006	-0.00156672	-0.00017857099999999998	0.00010593100000000004
0.02273993	-0.0568837266	0.1132756385	0.0331126196	-0.0514341667	-0.01407867	-0.0405098718	-0.0799270173	0.0798998413	-0.0798545546	0.0797911678	0.0134018	0.01152	-0.03924369999999999	-0.00156672	-0.000322467	0.000106259
0.05989282	0.0967109112	-0.026169406800000003	0.07432928429999999	-0.0983842895	-0.0246933194	-0.0399960986	-0.07993507009999999	0.0799320503	-0.0799270173	0.0799199714	0.0130264	-0.00638437	-0.022180000000000002	-0.00163996	-0.0	0.000201539
