7.232025e-02 1.523878e-02 1.334476e-01 -4.588861e-02
1.297203e-01 -5.001710e-02 1.022378e-01 -2.253465e-02
2.834246e-01 1.523878e-02 1.529038e-01 1.457595e-01
-2.116219e-01 -2.360669e-01 -9.954473e-02 -3.481441e-01
6.875440e-02 -2.122902e-01 -4.066414e-02 -1.028717e-01
7.925166e-02 1.523878e-02 1.579768e-01 -6.348638e-02
1.875536e-01 -9.444780e-02 6.961206e-02 2.349373e-02
2.731177e-01 1.523878e-02 1.483467e-01 1.400098e-01
2.839491e-01 -1.215837e-01 3.190697e-02 1.304585e-01
1.914568e-01 -4.425493e-02 8.615397e-02 6.104785e-02
9.740017e-02 1.523878e-02 1.570698e-01 -4.443086e-02
-1.044703e-01 -1.603911e-01 -5.456469e-02 -2.102967e-01
2.357666e-01 1.523878e-02 1.667238e-01 8.428159e-02
1.631306e-01 1.523878e-02 1.514678e-01 2.690156e-02
-1.124507e-02 1.214606e-01 2.401363e-01 -1.299208e-01
-6.245291e-01 -2.389066e-01 -8.750874e-02 -7.759270e-01
3.571133e-01 1.523878e-02 1.404477e-01 2.319044e-01
4.694920e-01 2.717540e-01 4.525288e-01 2.887171e-01
4.870469e-02 -9.225911e-02 3.833169e-02 -8.188611e-02
-8.069140e-02 1.523878e-02 1.459160e-01 -2.113686e-01
1.418770e-01 -9.537580e-02 2.466843e-02 2.183281e-02
3.976960e-01 2.441896e-03 1.677562e-01 2.323816e-01
4.218584e-01 2.367559e-01 3.561183e-01 3.024960e-01
1.865459e-01 1.523878e-02 1.370723e-01 6.471240e-02
-7.298947e-02 -1.435928e-01 1.936636e-02 -2.359487e-01
3.832549e-01 4.447580e-01 6.243695e-01 2.036434e-01
