1.271905e+00 9.447927e-01 1.050508e+00 1.166190e+00
8.890478e-01 9.447927e-01 9.005666e-01 9.332740e-01
8.381220e-01 9.447927e-01 9.464908e-01 8.364240e-01
1.049116e+00 9.447927e-01 9.124036e-01 1.081505e+00
9.393878e-01 9.447927e-01 8.699149e-01 1.014266e+00
7.872714e-01 9.447927e-01 9.187908e-01 8.132734e-01
8.066000e-01 9.447927e-01 8.417380e-01 9.096548e-01
7.926287e-01 9.447927e-01 9.771019e-01 7.603195e-01
9.073849e-01 9.447927e-01 8.659219e-01 9.862557e-01
8.759085e-01 9.447927e-01 9.405172e-01 8.801840e-01
7.676085e-01 9.447927e-01 9.301670e-01 7.822342e-01
8.740428e-01 9.447927e-01 1.029922e+00 7.889134e-01
9.904025e-01 9.447927e-01 8.871485e-01 1.048047e+00
8.689641e-01 9.447927e-01 9.484105e-01 8.653464e-01
8.546534e-01 9.447927e-01 9.701351e-01 8.293110e-01
7.616084e-01 9.447927e-01 9.028812e-01 8.035199e-01
1.024408e+00 9.447927e-01 9.997314e-01 9.694689e-01
6.345161e-01 9.447927e-01 8.818699e-01 6.974389e-01
1.204130e+00 9.447927e-01 9.561715e-01 1.192751e+00
7.815121e-01 9.447927e-01 1.001621e+00 7.246841e-01
9.806855e-01 9.447927e-01 9.692071e-01 9.562712e-01
1.094082e+00 9.447927e-01 8.884581e-01 1.150416e+00
1.056457e+00 9.447927e-01 9.854813e-01 1.015768e+00
1.335166e+00 9.447927e-01 1.018179e+00 1.261779e+00
8.905671e-01 9.447927e-01 8.770065e-01 9.583534e-01
1.058724e+00 9.447927e-01 8.345622e-01 1.168955e+00
