1.836647e-01 4.114843e-01 4.393543e-01 1.557947e-01
3.617472e-01 4.114843e-01 4.654067e-01 3.078247e-01
5.089443e-01 4.114843e-01 4.139212e-01 5.065074e-01
6.513196e-01 4.114843e-01 4.550862e-01 6.077177e-01
3.626824e-01 4.114843e-01 2.517869e-01 5.223798e-01
2.381985e-01 4.114843e-01 4.086609e-01 2.410220e-01
5.111533e-01 4.114843e-01 4.939180e-01 4.287196e-01
3.747809e-01 4.114843e-01 4.050787e-01 3.811865e-01
3.388143e-01 4.114843e-01 4.705902e-01 2.797083e-01
4.521638e-01 4.114843e-01 3.472677e-01 5.163804e-01
2.191086e-01 4.114843e-01 3.943846e-01 2.362084e-01
5.417444e-01 4.114843e-01 3.991206e-01 5.541080e-01
3.489824e-01 4.114843e-01 3.614070e-01 3.990597e-01
3.842717e-01 4.114843e-01 4.294378e-01 3.663181e-01
3.156856e-01 4.114843e-01 3.061820e-01 4.209879e-01
5.583088e-01 4.114843e-01 5.343025e-01 4.354906e-01
5.758259e-01 4.114843e-01 4.618341e-01 5.254761e-01
6.231311e-01 4.114843e-01 4.688895e-01 5.657259e-01
3.211147e-01 4.114843e-01 3.469281e-01 3.856708e-01
1.871754e-01 4.114843e-01 3.809565e-01 2.177032e-01
2.572174e-01 4.114843e-01 3.906828e-01 2.780189e-01
6.967872e-01 4.114843e-01 5.405186e-01 5.677529e-01
4.636003e-01 4.114843e-01 2.976960e-01 5.773886e-01
6.565257e-01 4.114843e-01 4.652938e-01 6.027162e-01
3.377664e-01 4.114843e-01 4.926085e-01 2.566422e-01
2.672794e-01 4.114843e-01 3.272402e-01 3.515236e-01
