7.833970e-02 -1.176814e-02 1.164941e-01 -4.992251e-02
3.555161e-01 1.175966e-01 4.749392e-01 -1.826487e-03
2.741685e-01 -1.176814e-02 3.002148e-01 -3.781444e-02
5.334754e-01 -9.751697e-02 4.155425e-01 2.041588e-02
3.016322e-01 8.133938e-02 2.572396e-01 1.257320e-01
2.141998e-01 -1.176814e-02 3.511049e-01 -1.486733e-01
7.477832e-01 1.626400e-01 6.387114e-01 2.717118e-01
3.140202e-01 -1.176814e-02 2.249395e-01 7.731259e-02
3.973222e-01 5.191734e-02 5.472999e-01 -9.806041e-02
2.941359e-01 -1.912986e-01 2.086526e-01 -1.058154e-01
2.155243e-01 -1.176814e-02 3.088545e-01 -1.050983e-01
5.034627e-02 -2.819309e-01 8.057065e-02 -3.121553e-01
3.527269e-01 -1.176814e-02 3.556631e-01 -1.470431e-02
2.886429e-01 -1.176814e-02 3.163697e-01 -3.949496e-02
1.913228e-01 -2.962972e-01 8.413555e-02 -1.891100e-01
6.753363e-01 1.512627e-01 5.621129e-01 2.644861e-01
3.911414e-01 -1.176814e-02 2.515049e-01 1.278684e-01
6.089953e-01 4.973090e-01 5.560398e-01 5.502644e-01
2.144642e-01 -1.606760e-01 1.783415e-01 -1.245533e-01
8.279273e-02 -1.176814e-02 1.425123e-01 -7.148768e-02
1.755859e-01 -2.295922e-01 2.013958e-01 -2.554021e-01
8.098091e-01 3.401888e-01 6.192686e-01 5.307293e-01
5.100950e-02 -2.456762e-01 4.642415e-02 -2.410909e-01
1.044157e-01 -1.176814e-02 2.175560e-01 -1.249085e-01
3.071275e-01 2.190862e-01 5.687374e-01 -4.252367e-02
4.303210e-01 2.660028e-01 4.491225e-01 2.472014e-01
