1.393649e-01 1.757890e-02 6.808743e-02 8.885641e-02
1.804175e-01 -5.769790e-02 1.364032e-01 -1.368353e-02
5.173659e-01 1.757890e-02 1.668117e-01 3.681332e-01
-1.260080e-01 -2.723182e-01 -1.068008e-01 -2.915254e-01
8.515342e-02 -2.448902e-01 1.363692e-02 -1.733737e-01
-4.214041e-02 1.757890e-02 1.928235e-01 -2.173851e-01
3.932391e-01 -1.089515e-01 1.376658e-01 1.466218e-01
2.629824e-01 1.757890e-02 1.407662e-01 1.397951e-01
2.060312e-01 -1.402545e-01 7.825052e-02 -1.247380e-02
2.832419e-01 -5.105088e-02 9.884432e-02 1.333467e-01
1.092613e-01 1.757890e-02 1.851689e-01 -5.832867e-02
-2.885646e-01 -1.850213e-01 -1.336430e-01 -3.399429e-01
3.721327e-01 1.757890e-02 2.301363e-01 1.595753e-01
5.488229e-02 1.757890e-02 1.622174e-01 -8.975624e-02
-8.925153e-03 1.401125e-01 2.597863e-01 -1.285989e-01
-5.810402e-01 -2.755939e-01 -9.202838e-02 -7.646057e-01
3.345890e-01 1.757890e-02 1.098512e-01 2.423167e-01
5.563229e-01 3.134854e-01 5.588044e-01 3.110039e-01
7.846698e-02 -1.064267e-01 3.258906e-02 -6.054882e-02
-1.008990e-01 1.757890e-02 1.230436e-01 -2.063636e-01
1.495226e-02 -1.100220e-01 2.510397e-03 -9.758016e-02
4.192244e-01 2.816882e-03 2.152393e-01 2.068020e-01
5.119625e-01 2.731130e-01 3.847530e-01 4.003225e-01
4.315237e-02 1.757890e-02 9.253564e-02 -3.180437e-02
-7.768288e-02 -1.656435e-01 5.503976e-02 -2.983661e-01
5.306160e-01 5.130566e-01 8.039945e-01 2.396780e-01
