2.962988e-01 -2.423653e-02 3.984584e-01 -1.263962e-01
4.976047e-01 2.421907e-01 5.822094e-01 1.575860e-01
3.577545e-01 -2.423653e-02 3.455378e-01 -1.201980e-02
4.176051e-01 -2.008366e-01 4.431807e-02 1.724505e-01
3.430620e-01 1.675188e-01 2.488063e-01 2.617745e-01
-6.304953e-02 -2.423653e-02 3.325378e-01 -4.198238e-01
7.281573e-01 3.349576e-01 6.449687e-01 4.181462e-01
5.990544e-01 -2.423653e-02 3.493146e-01 2.255032e-01
2.750124e-01 1.069239e-01 4.024090e-01 -2.047269e-02
-4.726633e-02 -3.939802e-01 -9.292262e-02 -3.483239e-01
3.315044e-01 -2.423653e-02 3.260005e-01 -1.873264e-02
-2.312151e-01 -5.806378e-01 -2.736292e-01 -5.382237e-01
3.015666e-01 -2.423653e-02 2.878861e-01 -1.055610e-02
2.138314e-01 -2.423653e-02 3.573868e-01 -1.677919e-01
-9.147362e-02 -6.102252e-01 -2.191796e-01 -4.825192e-01
6.968223e-01 3.115262e-01 5.851558e-01 4.231926e-01
6.953389e-01 -2.423653e-02 3.978384e-01 2.732640e-01
1.790292e+00 1.024210e+00 1.517767e+00 1.296735e+00
1.675627e-01 -3.309127e-01 -5.673942e-02 -1.066106e-01
-9.707596e-02 -2.423653e-02 3.400279e-01 -4.613404e-01
-1.424784e-01 -4.728460e-01 -1.579867e-01 -4.573377e-01
1.224826e+00 7.006202e-01 1.101092e+00 8.243536e-01
-3.339399e-01 -5.059711e-01 -5.141786e-02 -7.884931e-01
4.736629e-01 -2.423653e-02 4.064647e-01 4.296173e-02
-3.364879e-02 4.512089e-01 7.369822e-01 -3.194220e-01
1.203138e+00 5.478337e-01 1.049687e+00 7.012849e-01
