1.822533e-01 4.162034e-01 4.748916e-01 1.235650e-01
3.609398e-01 4.162034e-01 4.372272e-01 3.399159e-01
5.061821e-01 4.162034e-01 4.088021e-01 5.135834e-01
6.554932e-01 4.162034e-01 4.030061e-01 6.686904e-01
3.613866e-01 4.162034e-01 2.107231e-01 5.668668e-01
2.371930e-01 4.162034e-01 3.935806e-01 2.598157e-01
5.163989e-01 4.162034e-01 4.345475e-01 4.980548e-01
3.731465e-01 4.162034e-01 4.146494e-01 3.747004e-01
3.373356e-01 4.162034e-01 3.974785e-01 3.560604e-01
4.504386e-01 4.162034e-01 3.713305e-01 4.953114e-01
2.176443e-01 4.162034e-01 3.875245e-01 2.463232e-01
5.338115e-01 4.162034e-01 4.291750e-01 5.208398e-01
3.477692e-01 4.162034e-01 3.453093e-01 4.186632e-01
3.816750e-01 4.162034e-01 4.212026e-01 3.766758e-01
3.131855e-01 4.162034e-01 4.018241e-01 3.275647e-01
5.635331e-01 4.162034e-01 4.290634e-01 5.506731e-01
5.730145e-01 4.162034e-01 4.663641e-01 5.228537e-01
6.217063e-01 4.162034e-01 4.806209e-01 5.572888e-01
3.200004e-01 4.162034e-01 3.938423e-01 3.423615e-01
1.853750e-01 4.162034e-01 4.065741e-01 1.950043e-01
2.556753e-01 4.162034e-01 4.187236e-01 2.531550e-01
6.965532e-01 4.162034e-01 4.772066e-01 6.355499e-01
4.548785e-01 4.162034e-01 4.195297e-01 4.515521e-01
6.496756e-01 4.162034e-01 4.764688e-01 5.894102e-01
3.372442e-01 4.162034e-01 4.119520e-01 3.414955e-01
2.645800e-01 4.162034e-01 4.175580e-01 2.632253e-01
