1.134925e-01 -9.274891e-02 2.529339e-01 -2.321903e-01
4.500016e-01 1.766953e-01 5.392991e-01 8.739772e-02
3.504732e-01 -1.423846e-01 2.172544e-01 -9.165763e-03
3.142672e-01 -1.521359e-02 3.569732e-01 -5.791963e-02
1.169806e-01 -1.423846e-01 1.080064e-01 -1.334103e-01
2.516600e-01 -1.423846e-01 2.217187e-01 -1.124433e-01
6.274315e-01 2.936843e-01 6.705926e-01 2.505233e-01
4.029099e-01 -1.423846e-01 2.050755e-01 5.544977e-02
1.926640e-01 -6.762174e-02 3.098236e-01 -1.847813e-01
1.854224e-01 -3.640684e-02 3.193154e-01 -1.702999e-01
1.894343e-01 -1.423846e-01 2.117594e-01 -1.647097e-01
3.984734e-01 -9.528884e-02 2.657050e-01 3.747958e-02
3.838795e-01 -1.423846e-01 2.064281e-01 3.506676e-02
-9.203013e-05 -1.423846e-01 2.244357e-01 -3.669123e-01
4.884109e-01 1.015946e-01 4.722025e-01 1.178031e-01
4.999269e-01 -1.047345e-01 2.595806e-01 1.356118e-01
1.809487e-01 -1.423846e-01 2.273621e-01 -1.887980e-01
7.560269e-01 4.542139e-01 7.911746e-01 4.190662e-01
1.288710e-01 2.489065e-01 5.880433e-01 -2.102658e-01
3.157738e-01 -1.423846e-01 1.868967e-01 -1.350753e-02
5.092868e-01 5.427191e-02 4.248980e-01 1.386607e-01
7.291290e-01 1.582777e-01 5.241601e-01 3.632466e-01
4.615659e-01 1.313879e-01 4.992293e-01 9.372447e-02
1.565318e-01 -1.423846e-01 2.243673e-01 -2.102202e-01
1.131895e-01 4.788194e-02 3.974759e-01 -2.364045e-01
1.451063e+00 6.078338e-01 9.554743e-01 1.103422e+00
