1.271905e+00 9.375970e-01 1.003711e+00 1.205791e+00
8.890478e-01 9.375970e-01 9.329346e-01 8.937102e-01
8.381220e-01 9.375970e-01 9.389586e-01 8.367604e-01
1.049116e+00 9.375970e-01 9.116474e-01 1.075065e+00
9.393878e-01 9.375970e-01 8.688513e-01 1.008133e+00
7.872714e-01 9.375970e-01 9.219240e-01 8.029444e-01
8.066000e-01 9.375970e-01 9.075729e-01 8.366241e-01
7.926287e-01 9.375970e-01 9.549797e-01 7.752460e-01
9.073849e-01 9.375970e-01 9.067000e-01 9.382818e-01
8.759085e-01 9.375970e-01 9.013585e-01 9.121470e-01
7.676085e-01 9.375970e-01 9.257755e-01 7.794299e-01
8.740428e-01 9.375970e-01 9.510457e-01 8.605941e-01
9.904025e-01 9.375970e-01 8.945747e-01 1.033425e+00
8.689641e-01 9.375970e-01 9.430378e-01 8.635233e-01
8.546534e-01 9.375970e-01 9.019654e-01 8.902849e-01
7.616084e-01 9.375970e-01 9.487593e-01 7.504460e-01
1.024408e+00 9.375970e-01 9.789315e-01 9.830729e-01
6.345161e-01 9.375970e-01 9.691917e-01 6.029214e-01
1.204130e+00 9.375970e-01 9.109154e-01 1.230811e+00
7.815121e-01 9.375970e-01 9.645526e-01 7.545566e-01
9.806855e-01 9.375970e-01 9.204654e-01 9.978171e-01
1.094082e+00 9.375970e-01 9.656797e-01 1.065999e+00
1.056457e+00 9.375970e-01 9.170054e-01 1.077048e+00
1.335166e+00 9.375970e-01 9.902680e-01 1.282495e+00
8.905671e-01 9.375970e-01 9.342879e-01 8.938762e-01
1.058724e+00 9.375970e-01 8.924090e-01 1.103912e+00
