5.736928e-02 -1.038258e-01 1.805655e-01 -2.270219e-01
4.084896e-01 1.977977e-01 5.673818e-01 3.890556e-02
3.228603e-01 -1.593893e-01 2.019380e-01 -3.846705e-02
5.612954e-01 -1.703052e-02 3.869108e-01 1.573541e-01
1.403836e-01 -1.593893e-01 8.129515e-02 -1.003009e-01
2.085276e-01 -1.593893e-01 2.234104e-01 -1.742722e-01
1.064853e+00 3.287586e-01 7.422641e-01 6.513473e-01
3.575091e-01 -1.593893e-01 1.686734e-01 2.944637e-02
3.566735e-01 -7.569769e-02 3.412325e-01 -6.025668e-02
3.070031e-01 -4.075485e-02 3.448812e-01 -7.863296e-02
1.651710e-01 -1.593893e-01 2.038976e-01 -1.981159e-01
2.970258e-01 -1.066690e-01 2.465921e-01 -5.623539e-02
4.151101e-01 -1.593893e-01 2.211035e-01 3.461720e-02
1.225546e-01 -1.593893e-01 2.103084e-01 -2.471431e-01
3.499463e-01 1.137279e-01 5.225437e-01 -5.886947e-02
-3.530363e-02 -1.172428e-01 2.434060e-01 -3.959524e-01
4.005226e-01 -1.593893e-01 1.852625e-01 5.587078e-02
8.903617e-01 5.084600e-01 8.045083e-01 5.943134e-01
4.435248e-01 2.786330e-01 6.277244e-01 9.443339e-02
9.783291e-02 -1.593893e-01 1.309428e-01 -1.924992e-01
3.402909e-01 6.075352e-02 4.544584e-01 -5.341397e-02
6.910457e-01 1.771806e-01 5.250059e-01 3.432204e-01
3.998096e-01 1.470794e-01 5.387114e-01 8.177530e-03
1.753444e-01 -1.593893e-01 1.709338e-01 -1.549787e-01
1.856157e-01 5.360040e-02 4.014009e-01 -1.621848e-01
1.122143e+00 6.804264e-01 1.057022e+00 7.455478e-01
